AF412968	0	5951	5997	6120	6240	5905	6431	6075	6336	6238	6059	6157	5998	5653
AY538166	5951	0	6769	6152	6068	6412	5895	6098	6099	5838	6799	5929	6391	6294
U14905	5997	6769	0	6074	6266	6295	5989	6031	5988	5815	6965	5981	6306	6367
AY538168	6120	6152	6074	0	6793	6080	6008	6705	6169	5928	6109	6088	6084	5833
AF031479	6240	6068	6266	6793	0	6126	6047	6622	6190	5842	6278	6248	6106	5929
AY538167	5905	6412	6295	6080	6126	0	5840	6023	6017	5829	6344	5948	6554	6188
M23933	6431	5895	5989	6008	6047	5840	0	5889	6133	6235	5912	5868	5912	5721
AY538163	6075	6098	6031	6705	6622	6023	5889	0	6208	5899	6057	6013	6070	5764
AY538170	6336	6099	5988	6169	6190	6017	6133	6208	0	5983	6073	6294	6089	5852
AY538164	6238	5838	5815	5928	5842	5829	6235	5899	5983	0	5862	5806	5896	5557
AY257485	6059	6799	6965	6109	6278	6344	5912	6057	6073	5862	0	6118	6340	6289
L33734	6157	5929	5981	6088	6248	5948	5868	6013	6294	5806	6118	0	5948	5709
AY538165	5998	6391	6306	6084	6106	6554	5912	6070	6089	5896	6340	5948	0	6072
U14904	5653	6294	6367	5833	5929	6188	5721	5764	5852	5557	6289	5709	6072	0
