AB010841	0	6477	6432	6491	6493	6372	6441	6440	6435	6483	6450	6541	6459	6476	6459	6545	6541	6469	6487
HG324051	6477	0	7293	7334	7337	6850	6403	6813	7281	7310	7261	7343	7278	7295	7278	7158	7334	7304	7091
HE798552	6432	7293	0	7355	7346	6887	6472	6785	7372	7347	7361	7306	7362	7343	7362	7112	7297	7357	7124
HF586506	6491	7334	7355	0	7336	6898	6472	6845	7354	7389	7339	7366	7356	7337	7356	7172	7357	7321	7151
HE613446	6493	7337	7346	7336	0	6902	6446	6829	7377	7319	7440	7350	7326	7361	7326	7165	7341	7492	7117
LC094463	6372	6850	6887	6898	6902	0	6365	6675	6894	6872	6904	6867	6888	6878	6888	6859	6859	6905	6844
AB010840	6441	6403	6472	6472	6446	6365	0	6367	6448	6486	6490	6441	6499	6489	6499	6436	6432	6446	6481
EU150134	6440	6813	6785	6845	6829	6675	6367	0	6789	6837	6796	6868	6804	6830	6804	6863	6859	6805	6823
Y14908	6435	7281	7372	7354	7377	6894	6448	6789	0	7328	7382	7305	7343	7324	7343	7111	7296	7378	7128
HF586507	6483	7310	7347	7389	7319	6872	6486	6837	7328	0	7349	7358	7366	7347	7366	7164	7349	7304	7148
AJ278451	6450	7261	7361	7339	7440	6904	6490	6796	7382	7349	0	7308	7373	7372	7373	7114	7299	7447	7123
HG324053	6541	7343	7306	7366	7350	6867	6441	6868	7305	7358	7308	0	7327	7342	7327	7222	7407	7335	7147
HF586509	6459	7278	7362	7356	7326	6888	6499	6804	7343	7366	7373	7327	0	7380	7403	7140	7325	7337	7148
HG324050	6476	7295	7343	7337	7361	6878	6489	6830	7324	7347	7372	7342	7380	0	7380	7148	7333	7372	7129
HF586508	6459	7278	7362	7356	7326	6888	6499	6804	7343	7366	7373	7327	7403	7380	0	7140	7325	7337	7148
AY170848	6545	7158	7112	7172	7165	6859	6436	6863	7111	7164	7114	7222	7140	7148	7140	0	7222	7141	7113
HG324052	6541	7334	7297	7357	7341	6859	6432	6859	7296	7349	7299	7407	7325	7333	7325	7222	0	7326	7138
HE613448	6469	7304	7357	7321	7492	6905	6446	6805	7378	7304	7447	7335	7337	7372	7337	7141	7326	0	7117
AY170847	6487	7091	7124	7151	7117	6844	6481	6823	7128	7148	7123	7147	7148	7129	7148	7113	7138	7117	0
