KR905751	0	6534	6406	6441	6517	6172	6397
AJ278719	6534	0	6848	6851	6855	6568	6819
AJ459804	6406	6848	0	7085	7053	6767	7182
AF465604	6441	6851	7085	0	6979	6701	6916
AF376020	6517	6855	7053	6979	0	6757	6913
Z29975	6172	6568	6767	6701	6757	0	6668
Y11596	6397	6819	7182	6916	6913	6668	0
