AF137506	0	6926	7089	7378	7056	7205	7134	7132	7253	7191	7045	7067	7097	7062	7283
FJ599672	6926	0	6890	6935	6932	6964	6930	6747	6968	6935	6772	6890	6937	6974	6935
AJ431731	7089	6890	0	7105	7058	7141	7149	6941	7225	6949	7165	7042	7055	7015	7058
AF137505	7378	6935	7105	0	7074	7222	7143	7157	7279	7191	7052	7084	7115	7079	7301
Y18616	7056	6932	7058	7074	0	7249	7311	6996	7204	6869	6919	7343	7208	7264	6970
AF078766	7205	6964	7141	7222	7249	0	7366	7106	7286	7018	7108	7232	7271	7320	7118
AF078765	7134	6930	7149	7143	7311	7366	0	6962	7249	6947	7021	7287	7156	7304	7039
AJ420325	7132	6747	6941	7157	6996	7106	6962	0	7084	6945	6982	6980	7085	6972	7053
JQ946365	7253	6968	7225	7279	7204	7286	7249	7084	0	7066	7067	7137	7283	7182	7175
AF137504	7191	6935	6949	7191	6869	7018	6947	6945	7066	0	6911	6880	6910	6875	7191
AJ007013	7045	6772	7165	7052	6919	7108	7021	6982	7067	6911	0	6961	7005	6955	7012
HM027578	7067	6890	7042	7084	7343	7232	7287	6980	7137	6880	6961	0	7137	7270	6980
AM084006	7097	6937	7055	7115	7208	7271	7156	7085	7283	6910	7005	7137	0	7235	7011
AF078764	7062	6974	7015	7079	7264	7320	7304	6972	7182	6875	6955	7270	7235	0	6975
DQ360414	7283	6935	7058	7301	6970	7118	7039	7053	7175	7191	7012	6980	7011	6975	0
