JQ283460	0	6682	6496	6757	6700	6424
AJ704570	6682	0	6733	6651	6929	6615
AJ704571	6496	6733	0	6528	6805	6804
JQ283461	6757	6651	6528	0	6693	6484
AF234623	6700	6929	6805	6693	0	6716
AJ704572	6424	6615	6804	6484	6716	0
