AJ249326	0	6202	5996	6194	5947	5892	5910	6066	6039	5861	6111	6140	5934	6114	6108	6057	5787	6042	6034	6147	6149	6059	6048	5993	6117	5967	6059	6145	6097	6154	6422	6036	6001	6239	5995	5994	6050	5799	6161	6129	5851	6070	5799	6136	5773
AJ276405	6202	0	6180	6276	6054	6046	6035	6154	6067	6030	6203	6409	6102	6693	6339	6378	5909	6291	6145	6219	6344	6268	6339	6372	6231	6159	6257	6261	6254	6175	6204	6340	6188	6082	6137	6111	6217	5932	6423	6206	5963	6164	5844	6344	5964
EU484334	5996	6180	0	6808	6532	6442	6439	6024	6042	6524	6673	6185	6748	6204	6210	6287	6302	6284	6019	6812	6310	6772	6218	6014	6572	6279	6122	6668	6562	6843	5984	6191	6454	6078	6144	6237	6568	6363	6150	6585	6323	6681	6466	6309	5921
AB545935	6194	6276	6808	0	6673	6547	6570	6186	6101	6642	6797	6244	6604	6505	6386	6446	6372	6394	6173	7126	6453	6862	6247	6201	6740	6339	6192	6782	6915	7323	6207	6262	6588	6322	6380	6292	6886	6434	6220	7027	6377	6911	6507	6521	6020
X80411	5947	6054	6532	6673	0	6518	6328	5843	6011	6300	6553	6087	6477	5971	6000	6028	6271	6032	5836	6574	6184	6480	6001	5922	6522	6177	6043	6608	6328	6674	5889	6118	6348	5846	6216	6066	6551	6379	6041	6645	6469	6521	6244	6144	5998
AJ276805	5892	6046	6442	6547	6518	0	6318	5838	5912	6211	6448	6063	6349	5994	5970	5966	6277	5979	5826	6494	6109	6474	6027	5938	6463	6146	5971	6550	6273	6552	5920	6098	6453	5842	6211	6043	6444	6193	6037	6519	6293	6354	6149	6076	5971
FN552454	5910	6035	6439	6570	6328	6318	0	5764	5867	6112	6310	6015	6346	5981	5977	6014	6344	5958	5766	6498	6172	6451	5970	5928	6572	6133	5975	6538	6319	6507	5973	6008	6482	5801	6121	5916	6436	5984	6017	6516	6104	6245	6088	6038	5859
AM084228	6066	6154	6024	6186	5843	5838	5764	0	6133	6098	6080	6118	5908	6407	6309	6359	5614	6408	7398	6261	6101	6123	6179	5973	5973	5927	6021	5972	6267	6158	5987	6079	5877	6350	5960	6163	5938	5862	6114	5890	5780	6221	5989	6457	5744
X78719	6039	6067	6042	6101	6011	5912	5867	6133	0	6006	6109	6260	6046	5954	6039	6320	5746	6379	6131	6100	6382	6003	6334	5958	6048	6238	6364	6062	5973	6110	6049	6287	5908	6143	5989	6368	6046	5937	6155	6034	5945	6116	5808	6403	6102
DQ072005	5861	6030	6524	6642	6300	6211	6112	6098	6006	0	6670	6087	6322	6162	6205	6314	5987	6330	6086	6654	6163	6422	6094	5894	6307	6210	6063	6334	6444	6693	5832	6032	6146	6206	6037	6288	6235	6461	5948	6292	6209	6758	6680	6385	5821
EF558367	6111	6203	6673	6797	6553	6448	6310	6080	6109	6670	0	6248	6490	6215	6262	6326	6200	6329	6075	6836	6328	6597	6253	6072	6592	6275	6188	6572	6478	6841	6077	6200	6317	6255	6259	6321	6516	6755	6112	6629	6589	6945	6455	6425	6039
AJ243891	6140	6409	6185	6244	6087	6063	6015	6118	6260	6087	6248	0	6131	6364	6345	6519	5896	6536	6123	6203	6549	6271	6585	6280	6254	6482	6552	6297	6225	6183	6116	6550	6175	6075	6159	6444	6122	5925	6409	6150	5998	6199	5920	6598	6268
X80412	5934	6102	6748	6604	6477	6349	6346	5908	6046	6322	6490	6131	0	5967	6013	6128	6168	6108	5907	6570	6201	6449	6052	5961	6497	6271	6059	6547	6331	6623	5959	6142	6296	5949	6203	6125	6576	6324	6088	6550	6337	6507	6226	6116	5945
MQSU01000003	6114	6693	6204	6505	5971	5994	5981	6407	5954	6162	6215	6364	5967	0	6652	6621	5797	6427	6382	6489	6332	6316	6368	6399	6221	6081	6168	6201	6651	6419	6116	6247	6138	6228	6157	6173	6157	5901	6376	6178	5881	6304	6104	6692	5905
AJ508455	6108	6339	6210	6386	6000	5970	5977	6309	6039	6205	6262	6345	6013	6652	0	6544	5799	6471	6313	6430	6267	6389	6317	6253	6138	6078	6138	6218	6566	6315	6053	6247	6143	6219	6082	6193	6105	5904	6490	6078	5859	6341	6078	6515	5919
AJ427451	6057	6378	6287	6446	6028	5966	6014	6359	6320	6314	6326	6519	6128	6621	6544	0	5863	6892	6333	6473	6643	6324	6772	6232	6241	6469	6567	6266	6438	6394	6022	6539	6110	6285	6154	6582	6148	6021	6347	6146	6000	6475	6111	7083	6340
AJ234066	5787	5909	6302	6372	6271	6277	6344	5614	5746	5987	6200	5896	6168	5797	5799	5863	0	5864	5601	6388	5953	6271	5844	5747	6259	5968	5846	6371	6107	6353	5788	5854	6239	5681	5933	5812	6316	5871	5896	6362	5997	6183	5914	5902	5766
X69616	6042	6291	6284	6394	6032	5979	5958	6408	6379	6330	6329	6536	6108	6427	6471	6892	5864	0	6391	6455	6586	6265	6758	6077	6143	6440	6657	6195	6388	6352	6065	6498	6046	6320	6041	6608	6099	6057	6241	6109	5989	6473	6108	7001	6376
AM084229	6034	6145	6019	6173	5836	5826	5766	7398	6131	6086	6075	6123	5907	6382	6313	6333	5601	6391	0	6249	6082	6109	6161	5987	5954	5953	6011	5959	6264	6146	5997	6077	5856	6346	5941	6158	5924	5868	6113	5874	5782	6220	5987	6413	5721
AJ234039	6147	6219	6812	7126	6574	6494	6498	6261	6100	6654	6836	6203	6570	6489	6430	6473	6388	6455	6249	0	6343	6747	6246	6046	6665	6248	6173	6739	6825	7159	6124	6213	6415	6343	6257	6265	6752	6436	6199	6831	6349	6943	6653	6622	6047
X82451	6149	6344	6310	6453	6184	6109	6172	6101	6382	6163	6328	6549	6201	6332	6267	6643	5953	6586	6082	6343	0	6351	6715	6220	6431	6778	6606	6347	6356	6441	6156	6834	6287	6107	6212	6484	6313	6010	6355	6368	6116	6339	5978	6753	6364
KC196072	6059	6268	6772	6862	6480	6474	6451	6123	6003	6422	6597	6271	6449	6316	6389	6324	6271	6265	6109	6747	6351	0	6290	6095	6599	6213	6094	6770	6829	6777	6026	6284	6823	6045	6365	6164	6594	6252	6242	6587	6173	6571	6316	6297	5956
X78720	6048	6339	6218	6247	6001	6027	5970	6179	6334	6094	6253	6585	6052	6368	6317	6772	5844	6758	6161	6246	6715	6290	0	6152	6176	6465	6597	6219	6219	6199	6088	6650	6125	6123	6110	6495	6073	5967	6324	6083	5944	6227	5883	6889	6432
AF433168	5993	6372	6014	6201	5922	5938	5928	5973	5958	5894	6072	6280	5961	6399	6253	6232	5747	6077	5987	6046	6220	6095	6152	0	6123	6136	6081	6152	6170	6111	6128	6112	6039	5932	6068	6007	6014	5798	6284	6109	5888	6048	5781	6176	5880
X81061	6117	6231	6572	6740	6522	6463	6572	5973	6048	6307	6592	6254	6497	6221	6138	6241	6259	6143	5954	6665	6431	6599	6176	6123	0	6314	6152	6815	6532	6702	6113	6226	6546	6003	6346	6100	6590	6204	6196	6670	6302	6472	6177	6266	5988
X80413	5967	6159	6279	6339	6177	6146	6133	5927	6238	6210	6275	6482	6271	6081	6078	6469	5968	6440	5953	6248	6778	6213	6465	6136	6314	0	6510	6267	6225	6350	6033	6541	6190	5951	6101	6436	6209	6053	6161	6306	6138	6280	6071	6552	6262
AJ277385	6059	6257	6122	6192	6043	5971	5975	6021	6364	6063	6188	6552	6059	6168	6138	6567	5846	6657	6011	6173	6606	6094	6597	6081	6152	6510	0	6192	6109	6178	6068	6513	6050	6059	6050	6505	6109	5930	6285	6137	5980	6165	5846	6688	6362
AJ243791	6145	6261	6668	6782	6608	6550	6538	5972	6062	6334	6572	6297	6547	6201	6218	6266	6371	6195	5959	6739	6347	6770	6219	6152	6815	6267	6192	0	6629	6730	6135	6246	6673	5975	6442	6120	6676	6197	6267	6722	6286	6506	6241	6263	6027
LZRK01000010	6097	6254	6562	6915	6328	6273	6319	6267	5973	6444	6478	6225	6331	6651	6566	6438	6107	6388	6264	6825	6356	6829	6219	6170	6532	6225	6109	6629	0	6827	6076	6287	6523	6188	6440	6075	6488	6135	6281	6482	6028	6603	6469	6438	5883
AB545933	6154	6175	6843	7323	6674	6552	6507	6158	6110	6693	6841	6183	6623	6419	6315	6394	6353	6352	6146	7159	6441	6777	6199	6111	6702	6350	6178	6730	6827	0	6137	6196	6506	6261	6307	6249	6807	6491	6157	6954	6414	6947	6632	6477	5990
Y08828	6422	6204	5984	6207	5889	5920	5973	5987	6049	5832	6077	6116	5959	6116	6053	6022	5788	6065	5997	6124	6156	6026	6088	6128	6113	6033	6068	6135	6076	6137	0	6046	6021	6377	6019	5996	6081	5779	6139	6171	5851	6128	5795	6076	5824
AJ234040	6036	6340	6191	6262	6118	6098	6008	6079	6287	6032	6200	6550	6142	6247	6247	6539	5854	6498	6077	6213	6834	6284	6650	6112	6226	6541	6513	6246	6287	6196	6046	0	6194	6032	6173	6420	6248	5953	6275	6169	6043	6175	5844	6601	6324
AJ251986	6001	6188	6454	6588	6348	6453	6482	5877	5908	6146	6317	6175	6296	6138	6143	6110	6239	6046	5856	6415	6287	6823	6125	6039	6546	6190	6050	6673	6523	6506	6021	6194	0	5825	6284	5977	6452	5971	6133	6519	6103	6268	6033	6117	5968
FJ617539	6239	6082	6078	6322	5846	5842	5801	6350	6143	6206	6255	6075	5949	6228	6219	6285	5681	6320	6346	6343	6107	6045	6123	5932	6003	5951	6059	5975	6188	6261	6377	6032	5825	0	5965	6217	6029	5958	6099	6016	5825	6381	5991	6352	5765
AJ540309	5995	6137	6144	6380	6216	6211	6121	5960	5989	6037	6259	6159	6203	6157	6082	6154	5933	6041	5941	6257	6212	6365	6110	6068	6346	6101	6050	6442	6440	6307	6019	6173	6284	5965	0	6007	6337	5960	6166	6284	6012	6182	5886	6157	5905
FJ234421	5994	6111	6237	6292	6066	6043	5916	6163	6368	6288	6321	6444	6125	6173	6193	6582	5812	6608	6158	6265	6484	6164	6495	6007	6100	6436	6505	6120	6075	6249	5996	6420	5977	6217	6007	0	6094	6113	6162	6113	6038	6331	6065	6638	6253
X82453	6050	6217	6568	6886	6551	6444	6436	5938	6046	6235	6516	6122	6576	6157	6105	6148	6316	6099	5924	6752	6313	6594	6073	6014	6590	6209	6109	6676	6488	6807	6081	6248	6452	6029	6337	6094	0	6240	6134	6869	6327	6557	6105	6138	5963
X82450	5799	5932	6363	6434	6379	6193	5984	5862	5937	6461	6755	5925	6324	5901	5904	6021	5871	6057	5868	6436	6010	6252	5967	5798	6204	6053	5930	6197	6135	6491	5779	5953	5971	5958	5960	6113	6240	0	5823	6315	6538	6657	6446	6116	5863
X82448	6161	6423	6150	6220	6041	6037	6017	6114	6155	5948	6112	6409	6088	6376	6490	6347	5896	6241	6113	6199	6355	6242	6324	6284	6196	6161	6285	6267	6281	6157	6139	6275	6133	6099	6166	6162	6134	5823	0	6134	5879	6070	5800	6328	5963
X81062	6129	6206	6585	7027	6645	6519	6516	5890	6034	6292	6629	6150	6550	6178	6078	6146	6362	6109	5874	6831	6368	6587	6083	6109	6670	6306	6137	6722	6482	6954	6171	6169	6519	6016	6284	6113	6869	6315	6134	0	6434	6620	6202	6237	6040
X80414	5851	5963	6323	6377	6469	6293	6104	5780	5945	6209	6589	5998	6337	5881	5859	6000	5997	5989	5782	6349	6116	6173	5944	5888	6302	6138	5980	6286	6028	6414	5851	6043	6103	5825	6012	6038	6327	6538	5879	6434	0	6467	6103	6108	5998
AJ507295	6070	6164	6681	6911	6521	6354	6245	6221	6116	6758	6945	6199	6507	6304	6341	6475	6183	6473	6220	6943	6339	6571	6227	6048	6472	6280	6165	6506	6603	6947	6128	6175	6268	6381	6182	6331	6557	6657	6070	6620	6467	0	6604	6533	6009
AJ697609	5799	5844	6466	6507	6244	6149	6088	5989	5808	6680	6455	5920	6226	6104	6078	6111	5914	6108	5987	6653	5978	6316	5883	5781	6177	6071	5846	6241	6469	6632	5795	5844	6033	5991	5886	6065	6105	6446	5800	6202	6103	6604	0	6213	5657
AJ421779	6136	6344	6309	6521	6144	6076	6038	6457	6403	6385	6425	6598	6116	6692	6515	7083	5902	7001	6413	6622	6753	6297	6889	6176	6266	6552	6688	6263	6438	6477	6076	6601	6117	6352	6157	6638	6138	6116	6328	6237	6108	6533	6213	0	6450
AJ404889	5773	5964	5921	6020	5998	5971	5859	5744	6102	5821	6039	6268	5945	5905	5919	6340	5766	6376	5721	6047	6364	5956	6432	5880	5988	6262	6362	6027	5883	5990	5824	6324	5968	5765	5905	6253	5963	5863	5963	6040	5998	6009	5657	6450	0
