AB859253	0	6273	6498	6669	6725	7044	6691	6832	6760	7175	6770	6973	6653	6965	6554	6741	6829	6937	6605	6866	6459	6871	6858	7094	6570	7038	7146	6669	6665	6571	6981	7060	7198	6817	6907	6731	7116	7026	6939	6900	6812	6896	6997	6592	7075	6810	6574	7503	6531	7175	6706	6829	6782	7051	6700	7072	6716	6581	6625	6734	6586
AY568292	6273	0	6315	6511	6393	6468	6474	6501	6514	6450	6274	6432	6404	6279	6457	6533	6556	6518	6338	6375	6353	6459	6469	6514	6481	6453	6452	6394	6527	6460	6439	6566	6485	6537	6537	6490	6431	6573	6473	6352	6401	6280	6559	6476	6346	6475	6433	6280	6404	6450	6400	6273	6289	6396	6457	6483	6504	6300	6482	6520	6380
FM210339	6498	6315	0	6404	6543	6493	6511	6562	6524	6540	6368	6511	6477	6607	6414	6594	6563	6556	6444	6475	6463	6548	6574	6526	6458	6509	6509	6538	6529	6448	6533	6573	6591	6539	6512	6594	6473	6562	6582	6475	6510	6509	6631	6471	6462	6564	6434	6526	6322	6539	6546	6380	6618	6499	6453	6489	6573	6427	6543	6538	6384
AY035998	6669	6511	6404	0	6703	6850	6640	6762	6747	6836	6618	6724	6524	6572	6614	6810	6706	6835	6476	6727	6523	6709	6797	6873	6660	6854	6836	6540	6732	6652	6793	6935	6858	6805	6922	6754	6807	6920	6813	6644	6661	6549	6898	6655	6753	6678	6640	6677	6572	6836	6652	6580	6568	6782	6709	6857	6650	6431	6581	6691	6460
AF163118	6725	6393	6543	6703	0	6902	6687	6838	6839	6854	6828	6832	6604	6808	6656	6884	6748	6890	6558	6849	6585	6827	6841	6850	6661	6847	6803	6818	6765	6636	6995	6912	6895	6869	6849	6959	6806	6899	6883	6945	6824	6650	6942	6659	7115	6775	6609	6738	6655	6854	6921	6841	6744	6942	6833	6822	6655	6796	6741	6690	6638
KF667496	7044	6468	6493	6850	6902	0	6818	6983	6982	7210	6893	7020	6873	6829	6739	6950	6992	7144	6709	7099	6592	6938	7022	7199	6779	7054	7164	6801	6877	6769	7187	7236	7253	7010	7123	6965	7119	7242	7051	7001	7133	6778	7198	6782	7142	6922	6716	7059	6645	7201	6839	6914	6713	7172	6810	7193	6902	6710	6862	6892	6654
AF134067	6691	6474	6511	6640	6687	6818	0	6836	6908	6825	6635	6839	6675	6655	6672	6796	6855	6941	6609	6798	6823	6834	6976	6891	6789	6797	6980	6715	6868	6783	6754	6906	6849	6905	6866	6762	6773	6903	6838	6733	6717	6679	6879	6777	6705	6805	6683	6658	6621	6825	6763	6669	6598	6738	6693	6838	6726	6483	6647	6998	6646
AF163122	6832	6501	6562	6762	6838	6983	6836	0	6966	7010	6727	6950	6687	6791	6717	6947	6879	7042	6704	6901	6610	6965	6871	6930	6780	6963	6904	6686	6890	6779	6917	7041	7043	6982	7001	6919	6930	7024	6928	6869	6928	6770	7003	6768	6842	6918	6711	6828	6627	7010	6784	6747	6756	6873	6857	6941	6794	6598	6737	6811	6583
AJ420139	6760	6514	6524	6747	6839	6982	6908	6966	0	7006	6724	6936	6789	6795	6763	6907	6921	7161	6684	6919	6665	7013	6933	7044	6915	6894	6976	6763	7035	6905	6924	7049	6990	7117	6990	6965	6865	7031	6978	6816	6856	6714	7001	6894	6820	6933	6804	6757	6659	7004	6878	6744	6748	6837	6823	6955	6862	6589	6748	6908	6712
KM000834	7175	6450	6540	6836	6854	7210	6825	7010	7006	0	6911	7148	6822	6876	6812	6935	7004	7138	6728	6978	6590	7203	7035	7296	6780	7151	7260	6798	6899	6765	7228	7256	7339	7066	7113	6954	7243	7197	7123	7015	6931	6804	7190	6779	7130	7126	6745	7145	6652	7537	6844	6967	6819	7200	6834	7238	6913	6686	6843	6894	6695
D86943	6770	6274	6368	6618	6828	6893	6635	6727	6724	6911	0	6857	6538	6745	6570	6798	6664	6860	6489	6790	6532	6767	6872	6846	6514	6905	6884	6737	6612	6496	6966	6914	6905	6792	6804	6798	6892	6882	6851	7069	6726	6568	6989	6514	6937	6742	6510	6774	6530	6911	6807	7256	6654	7070	6701	6830	6622	6584	6656	6673	6525
KU356942	6973	6432	6511	6724	6832	7020	6839	6950	6936	7148	6857	0	6763	6857	6771	6867	6949	7010	6756	7047	6588	6998	6899	7058	6716	7086	7076	6767	6803	6715	6993	7038	7189	6950	6922	6902	7143	7070	6895	7016	6887	6780	7046	6708	6952	6977	6706	6993	6647	7148	6811	6969	6790	7032	6795	7045	6839	6690	6759	6892	6685
FN646663	6653	6404	6477	6524	6604	6873	6675	6687	6789	6822	6538	6763	0	6606	6536	6669	6774	6826	6612	6855	6478	6739	6737	6858	6628	6648	6812	6657	6746	6609	6704	6863	6831	6809	6727	6762	6709	6860	6712	6643	6741	6532	6820	6641	6698	6756	6593	6663	6474	6813	6585	6593	6521	6657	6546	6808	6924	6591	6807	6777	6589
AJ420135	6965	6279	6607	6572	6808	6829	6655	6791	6795	6876	6745	6857	6606	0	6586	6802	6688	6801	6573	6804	6538	6876	6786	6803	6574	6841	6794	6677	6675	6563	6756	6836	6872	6847	6758	6857	6796	6832	6812	6827	6809	6818	6898	6589	6833	6788	6558	6955	6513	6867	6772	6766	6854	6853	6666	6752	6659	6605	6660	6691	6576
U49010	6554	6457	6414	6614	6656	6739	6672	6717	6763	6812	6570	6771	6536	6586	0	6733	6715	6790	6540	6686	6605	6821	6643	6759	6792	6710	6697	6598	6754	6779	6706	6813	6761	6774	6780	6758	6662	6762	6694	6631	6649	6551	6762	6789	6587	6846	6707	6569	6659	6812	6665	6573	6502	6667	6666	6720	6672	6444	6599	6664	6531
AY035999	6741	6533	6594	6810	6884	6950	6796	6947	6907	6935	6798	6867	6669	6802	6733	0	6840	6980	6592	6843	6713	6886	6928	6953	6797	6896	6906	6793	6886	6771	6954	7019	6917	6960	6959	6970	6866	7025	7018	6901	6823	6689	7134	6792	6873	6842	6709	6754	6639	6935	6907	6809	6758	6947	6794	6925	6770	6571	6768	6786	6559
FR692101	6829	6556	6563	6706	6748	6992	6855	6879	6921	7004	6664	6949	6774	6688	6715	6840	0	6972	6685	6803	6611	6883	6858	6990	6771	6827	6993	6853	6879	6762	7033	6977	7006	6927	6892	6896	6932	7047	6873	6873	6805	6656	7000	6766	6841	6901	6690	6831	6679	7004	6812	6784	6666	6919	6791	6973	6905	6662	6864	6945	6719
AB184612	6937	6518	6556	6835	6890	7144	6941	7042	7161	7138	6860	7010	6826	6801	6790	6980	6972	0	6740	7042	6699	7012	7086	7217	6974	7024	7162	6805	7035	6984	7064	7227	7167	7092	7099	6970	7019	7194	7119	6896	6918	6758	7163	6953	6994	6984	6809	6932	6670	7138	6903	6816	6759	6987	6871	7133	6884	6614	6791	6965	6725
AF154127	6605	6338	6444	6476	6558	6709	6609	6704	6684	6728	6489	6756	6612	6573	6540	6592	6685	6740	0	6714	6392	6719	6608	6684	6585	6748	6653	6526	6654	6571	6605	6807	7013	6690	6698	6706	6742	6739	6604	6594	6698	6507	6678	6591	6589	6751	6544	6596	6433	6727	6520	6509	6559	6595	6506	6734	6682	6523	6620	6641	6512
AJ293710	6866	6375	6475	6727	6849	7099	6798	6901	6919	6978	6790	7047	6855	6804	6686	6843	6803	7042	6714	0	6573	6871	6907	6961	6715	6931	6969	6667	6807	6708	6899	7055	7094	6942	6942	6889	6925	7032	6908	6845	6964	6717	6996	6713	6913	6835	6703	6892	6559	6969	6737	6787	6683	6912	6739	6974	6808	6586	6730	6838	6592
U49003	6459	6353	6463	6523	6585	6592	6823	6610	6665	6590	6532	6588	6478	6538	6605	6713	6611	6699	6392	6573	0	6600	6864	6651	6702	6573	6765	6619	6669	6690	6629	6678	6614	6682	6677	6652	6549	6673	6717	6615	6531	6482	6744	6690	6589	6601	6610	6440	6556	6590	6674	6552	6494	6599	6547	6595	6528	6364	6528	6755	6424
AJ420141	6871	6459	6548	6709	6827	6938	6834	6965	7013	7203	6767	6998	6739	6876	6821	6886	6883	7012	6719	6871	6600	0	6863	6994	6789	6953	6935	6737	6908	6774	6917	7031	7028	7057	6923	6963	6923	6982	6942	6835	6862	6788	6973	6788	6796	7105	6734	6850	6661	7203	6853	6787	6801	6866	6796	6929	6837	6615	6761	6845	6722
AB557596	6858	6469	6574	6797	6841	7022	6976	6871	6933	7035	6872	6899	6737	6786	6643	6928	6858	7086	6608	6907	6864	6863	0	7077	6752	6961	7179	6851	6847	6740	7056	7117	7051	6951	7043	6915	6975	7083	7104	6906	6781	6655	7143	6740	7022	6833	6660	6844	6610	7035	6894	6850	6713	7044	6746	7031	6778	6644	6816	7009	6664
AJ293703	7094	6514	6526	6873	6850	7199	6891	6930	7044	7296	6846	7058	6858	6803	6759	6953	6990	7217	6684	6961	6651	6994	7077	0	6862	7063	7289	6799	6950	6835	7173	7258	7287	7026	7118	6954	7178	7257	7166	6983	6859	6765	7214	6859	7125	6981	6736	7085	6656	7296	6852	6885	6771	7162	6808	7248	6899	6601	6822	6930	6686
U49002	6570	6481	6458	6660	6661	6779	6789	6780	6915	6780	6514	6716	6628	6574	6792	6797	6771	6974	6585	6715	6702	6789	6752	6862	0	6696	6791	6616	6901	6956	6713	6883	6809	6876	6833	6747	6658	6829	6805	6601	6687	6544	6812	6979	6620	6802	6815	6573	6665	6780	6689	6526	6548	6620	6654	6789	6683	6437	6603	6759	6563
FM957483	7038	6453	6509	6854	6847	7054	6797	6963	6894	7151	6905	7086	6648	6841	6710	6896	6827	7024	6748	6931	6573	6953	6961	7063	6696	0	7140	6755	6780	6687	7042	7192	7243	6929	7110	6893	7379	7126	7036	6928	6876	6799	7068	6696	7036	6909	6666	7020	6671	7151	6880	6862	6837	7051	6858	7112	6761	6647	6680	6847	6670
JF272484	7146	6452	6509	6836	6803	7164	6980	6904	6976	7260	6884	7076	6812	6794	6697	6906	6993	7162	6653	6969	6765	6935	7179	7289	6791	7140	0	6853	6867	6780	7162	7260	7259	6993	7123	6868	7205	7210	7104	7003	6834	6783	7169	6779	7123	6895	6683	7116	6646	7260	6914	6963	6737	7153	6827	7264	6860	6594	6776	7091	6692
AJ420134	6669	6394	6538	6540	6818	6801	6715	6686	6763	6798	6737	6767	6657	6677	6598	6793	6853	6805	6526	6667	6619	6737	6851	6799	6616	6755	6853	0	6710	6595	6973	6820	6777	6793	6730	6799	6771	6850	6811	6874	6679	6568	6939	6613	6877	6784	6545	6688	6572	6798	7046	6798	6618	6871	6713	6776	6752	6706	6774	6809	6675
AF277195	6665	6527	6529	6732	6765	6877	6868	6890	7035	6899	6612	6803	6746	6675	6754	6886	6879	7035	6654	6807	6669	6908	6847	6950	6901	6780	6867	6710	0	6889	6798	6945	6879	6997	6909	6859	6752	6915	6896	6696	6775	6621	6899	6880	6714	6890	6802	6661	6656	6899	6758	6632	6650	6718	6761	6851	6810	6521	6698	6857	6649
U49008	6571	6460	6448	6652	6636	6769	6783	6779	6905	6765	6496	6715	6609	6563	6779	6771	6762	6984	6571	6708	6690	6774	6740	6835	6956	6687	6780	6595	6889	0	6698	6862	6795	6854	6820	6723	6647	6822	6780	6579	6664	6530	6788	6969	6622	6792	6800	6558	6652	6765	6672	6508	6533	6613	6660	6767	6674	6422	6574	6748	6547
AJ293705	6981	6439	6533	6793	6995	7187	6754	6917	6924	7228	6966	6993	6704	6756	6706	6954	7033	7064	6605	6899	6629	6917	7056	7173	6713	7042	7162	6973	6798	6698	0	7136	7217	6931	7082	7045	7126	7156	7166	7080	6839	6679	7203	6718	7269	6886	6614	6969	6697	7228	7036	7014	6724	7276	6930	7120	6774	6783	6924	6842	6715
AB331652	7060	6566	6573	6935	6912	7236	6906	7041	7049	7256	6914	7038	6863	6836	6813	7019	6977	7227	6807	7055	6678	7031	7117	7258	6883	7192	7260	6820	6945	6862	7136	0	7308	7104	7242	7032	7193	7287	7157	6942	6965	6789	7235	6881	7102	7024	6814	7049	6683	7256	6913	6870	6782	7111	6849	7338	6956	6680	6851	6960	6717
AJ293706	7198	6485	6591	6858	6895	7253	6849	7043	6990	7339	6905	7189	6831	6872	6761	6917	7006	7167	7013	7094	6614	7028	7051	7287	6809	7243	7259	6777	6879	6795	7217	7308	0	6998	7143	7012	7342	7234	7102	7048	7010	6833	7178	6815	7193	7014	6768	7179	6647	7339	6827	6961	6868	7199	6825	7309	6902	6723	6841	6903	6673
X97889	6817	6537	6539	6805	6869	7010	6905	6982	7117	7066	6792	6950	6809	6847	6774	6960	6927	7092	6690	6942	6682	7057	6951	7026	6876	6929	6993	6793	6997	6854	6931	7104	6998	0	7024	6995	6911	7069	6977	6854	6890	6739	7096	6873	6862	6970	6820	6817	6670	7066	6901	6812	6793	6877	6826	7002	6923	6643	6830	6905	6688
AY273787	6907	6537	6512	6922	6849	7123	6866	7001	6990	7113	6804	6922	6727	6758	6780	6959	6892	7099	6698	6942	6677	6923	7043	7118	6833	7110	7123	6730	6909	6820	7082	7242	7143	7024	0	6945	7069	7209	7068	6829	6876	6732	7113	6831	7031	6869	6751	6903	6680	7113	6855	6760	6691	7008	6872	7135	6826	6608	6767	6895	6663
AJ420137	6731	6490	6594	6754	6959	6965	6762	6919	6965	6954	6798	6902	6762	6857	6758	6970	6896	6970	6706	6889	6652	6963	6915	6954	6747	6893	6868	6799	6859	6723	7045	7032	7012	6995	6945	0	6862	7004	6996	6872	6840	6679	7062	6761	6907	6913	6673	6736	6652	6954	6920	6818	6761	6911	6808	6931	6823	6681	6971	6798	6625
DQ076484	7116	6431	6473	6807	6806	7119	6773	6930	6865	7243	6892	7143	6709	6796	6662	6866	6932	7019	6742	6925	6549	6923	6975	7178	6658	7379	7205	6771	6752	6647	7126	7193	7342	6911	7069	6862	0	7176	7028	7029	6866	6756	7128	6658	7120	6885	6650	7089	6642	7243	6815	6940	6807	7162	6820	7192	6822	6666	6734	6842	6661
HQ157187	7026	6573	6562	6920	6899	7242	6903	7024	7031	7197	6882	7070	6860	6832	6762	7025	7047	7194	6739	7032	6673	6982	7083	7257	6829	7126	7210	6850	6915	6822	7156	7287	7234	7069	7209	7004	7176	0	7105	6981	6936	6780	7275	6827	7119	6945	6755	7016	6730	7197	6909	6881	6766	7122	6882	7236	6943	6725	6871	6994	6734
AJ293702	6939	6473	6582	6813	6883	7051	6838	6928	6978	7123	6851	6895	6712	6812	6694	7018	6873	7119	6604	6908	6717	6942	7104	7166	6805	7036	7104	6811	6896	6780	7166	7157	7102	6977	7068	6996	7028	7105	0	6886	6795	6706	7190	6792	7034	6839	6711	6909	6635	7123	6928	6807	6807	7062	6827	7066	6759	6585	6783	6845	6655
EU637009	6900	6352	6475	6644	6945	7001	6733	6869	6816	7015	7069	7016	6643	6827	6631	6901	6873	6896	6594	6845	6615	6835	6906	6983	6601	6928	7003	6874	6696	6579	7080	6942	7048	6854	6829	6872	7029	6981	6886	0	6811	6642	7066	6591	7102	6808	6577	6920	6649	7015	6887	7190	6761	7298	6801	6954	6741	6693	6775	6771	6619
AB264086	6812	6401	6510	6661	6824	7133	6717	6928	6856	6931	6726	6887	6741	6809	6649	6823	6805	6918	6698	6964	6531	6862	6781	6859	6687	6876	6834	6679	6775	6664	6839	6965	7010	6890	6876	6840	6866	6936	6795	6811	0	6781	6917	6690	6845	6848	6648	6834	6528	6922	6719	6745	6687	6850	6705	6882	6764	6617	6702	6749	6541
AJ293713	6896	6280	6509	6549	6650	6778	6679	6770	6714	6804	6568	6780	6532	6818	6551	6689	6656	6758	6507	6717	6482	6788	6655	6765	6544	6799	6783	6568	6621	6530	6679	6789	6833	6739	6732	6679	6756	6780	6706	6642	6781	0	6763	6557	6628	6743	6508	6925	6493	6795	6672	6585	6717	6653	6669	6731	6602	6445	6500	6662	6514
LC126428	6997	6559	6631	6898	6942	7198	6879	7003	7001	7190	6989	7046	6820	6898	6762	7134	7000	7163	6678	6996	6744	6973	7143	7214	6812	7068	7169	6939	6899	6788	7203	7235	7178	7096	7113	7062	7128	7275	7190	7066	6917	6763	0	6807	7120	6952	6738	7015	6649	7190	6978	6993	6847	7190	6861	7189	6960	6751	6975	6930	6643
U49011	6592	6476	6471	6655	6659	6782	6777	6768	6894	6779	6514	6708	6641	6589	6789	6792	6766	6953	6591	6713	6690	6788	6740	6859	6979	6696	6779	6613	6880	6969	6718	6881	6815	6873	6831	6761	6658	6827	6792	6591	6690	6557	6807	0	6627	6808	6812	6587	6664	6779	6686	6526	6545	6617	6651	6786	6678	6451	6617	6747	6553
KT989505	7075	6346	6462	6753	7115	7142	6705	6842	6820	7130	6937	6952	6698	6833	6587	6873	6841	6994	6589	6913	6589	6796	7022	7125	6620	7036	7123	6877	6714	6622	7269	7102	7193	6862	7031	6907	7120	7119	7034	7102	6845	6628	7120	6627	0	6773	6584	7023	6652	7130	6897	6994	6727	7292	6857	7102	6709	6907	6811	6774	6649
AF134070	6810	6475	6564	6678	6775	6922	6805	6918	6933	7126	6742	6977	6756	6788	6846	6842	6901	6984	6751	6835	6601	7105	6833	6981	6802	6909	6895	6784	6890	6792	6886	7024	7014	6970	6869	6913	6885	6945	6839	6808	6848	6743	6952	6808	6773	0	6718	6812	6670	7126	6817	6754	6732	6852	6735	6922	6873	6656	6783	6854	6698
U49009	6574	6433	6434	6640	6609	6716	6683	6711	6804	6745	6510	6706	6593	6558	6707	6709	6690	6809	6544	6703	6610	6734	6660	6736	6815	6666	6683	6545	6802	6800	6614	6814	6768	6820	6751	6673	6650	6755	6711	6577	6648	6508	6738	6812	6584	6718	0	6543	6588	6743	6598	6521	6560	6607	6579	6728	6687	6392	6546	6681	6475
AB859254	7503	6280	6526	6677	6738	7059	6658	6828	6757	7145	6774	6993	6663	6955	6569	6754	6831	6932	6596	6892	6440	6850	6844	7085	6573	7020	7116	6688	6661	6558	6969	7049	7179	6817	6903	6736	7089	7016	6909	6920	6834	6925	7015	6587	7023	6812	6543	0	6521	7145	6715	6826	6760	7046	6724	7055	6729	6598	6649	6702	6588
U49000	6531	6404	6322	6572	6655	6645	6621	6627	6659	6652	6530	6647	6474	6513	6659	6639	6679	6670	6433	6559	6556	6661	6610	6656	6665	6671	6646	6572	6656	6652	6697	6683	6647	6670	6680	6652	6642	6730	6635	6649	6528	6493	6649	6664	6652	6670	6588	6521	0	6652	6639	6551	6459	6641	6741	6598	6547	6506	6542	6626	6678
KM000835	7175	6450	6539	6836	6854	7201	6825	7010	7004	7537	6911	7148	6813	6867	6812	6935	7004	7138	6727	6969	6590	7203	7035	7296	6780	7151	7260	6798	6899	6765	7228	7256	7339	7066	7113	6954	7243	7197	7123	7015	6922	6795	7190	6779	7130	7126	6743	7145	6652	0	6844	6967	6819	7200	6834	7238	6911	6686	6843	6885	6695
X97890	6706	6400	6546	6652	6921	6839	6763	6784	6878	6844	6807	6811	6585	6772	6665	6907	6812	6903	6520	6737	6674	6853	6894	6852	6689	6880	6914	7046	6758	6672	7036	6913	6827	6901	6855	6920	6815	6909	6928	6887	6719	6672	6978	6686	6897	6817	6598	6715	6639	6844	0	6827	6713	6908	6833	6819	6699	6657	6710	6815	6687
EU637008	6829	6273	6380	6580	6841	6914	6669	6747	6744	6967	7256	6969	6593	6766	6573	6809	6784	6816	6509	6787	6552	6787	6850	6885	6526	6862	6963	6798	6632	6508	7014	6870	6961	6812	6760	6818	6940	6881	6807	7190	6745	6585	6993	6526	6994	6754	6521	6826	6551	6967	6827	0	6667	7126	6713	6892	6677	6627	6719	6734	6537
DQ985164	6782	6289	6618	6568	6744	6713	6598	6756	6748	6819	6654	6790	6521	6854	6502	6758	6666	6759	6559	6683	6494	6801	6713	6771	6548	6837	6737	6618	6650	6533	6724	6782	6868	6793	6691	6761	6807	6766	6807	6761	6687	6717	6847	6545	6727	6732	6560	6760	6459	6819	6713	6667	0	6735	6602	6699	6610	6519	6591	6605	6457
EF116925	7051	6396	6499	6782	6942	7172	6738	6873	6837	7200	7070	7032	6657	6853	6667	6947	6919	6987	6595	6912	6599	6866	7044	7162	6620	7051	7153	6871	6718	6613	7276	7111	7199	6877	7008	6911	7162	7122	7062	7298	6850	6653	7190	6617	7292	6852	6607	7046	6641	7200	6908	7126	6735	0	6836	7117	6767	6721	6801	6785	6630
FJ157185	6700	6457	6453	6709	6833	6810	6693	6857	6823	6834	6701	6795	6546	6666	6666	6794	6791	6871	6506	6739	6547	6796	6746	6808	6654	6858	6827	6713	6761	6660	6930	6849	6825	6826	6872	6808	6820	6882	6827	6801	6705	6669	6861	6651	6857	6735	6579	6724	6741	6834	6833	6713	6602	6836	0	6759	6665	6563	6628	6719	6653
AB331730	7072	6483	6489	6857	6822	7193	6838	6941	6955	7238	6830	7045	6808	6752	6720	6925	6973	7133	6734	6974	6595	6929	7031	7248	6789	7112	7264	6776	6851	6767	7120	7338	7309	7002	7135	6931	7192	7236	7066	6954	6882	6731	7189	6786	7102	6922	6728	7055	6598	7238	6819	6892	6699	7117	6759	0	6892	6623	6795	6910	6641
FN646682	6716	6504	6573	6650	6655	6902	6726	6794	6862	6913	6622	6839	6924	6659	6672	6770	6905	6884	6682	6808	6528	6837	6778	6899	6683	6761	6860	6752	6810	6674	6774	6956	6902	6923	6826	6823	6822	6943	6759	6741	6764	6602	6960	6678	6709	6873	6687	6729	6547	6911	6699	6677	6610	6767	6665	6892	0	6649	6882	6816	6651
FM210337	6581	6300	6427	6431	6796	6710	6483	6598	6589	6686	6584	6690	6591	6605	6444	6571	6662	6614	6523	6586	6364	6615	6644	6601	6437	6647	6594	6706	6521	6422	6783	6680	6723	6643	6608	6681	6666	6725	6585	6693	6617	6445	6751	6451	6907	6656	6392	6598	6506	6686	6657	6627	6519	6721	6563	6623	6649	0	6777	6577	6605
DQ285420	6625	6482	6543	6581	6741	6862	6647	6737	6748	6843	6656	6759	6807	6660	6599	6768	6864	6791	6620	6730	6528	6761	6816	6822	6603	6680	6776	6774	6698	6574	6924	6851	6841	6830	6767	6971	6734	6871	6783	6775	6702	6500	6975	6617	6811	6783	6546	6649	6542	6843	6710	6719	6591	6801	6628	6795	6882	6777	0	6744	6597
KT259320	6734	6520	6538	6691	6690	6892	6998	6811	6908	6894	6673	6892	6777	6691	6664	6786	6945	6965	6641	6838	6755	6845	7009	6930	6759	6847	7091	6809	6857	6748	6842	6960	6903	6905	6895	6798	6842	6994	6845	6771	6749	6662	6930	6747	6774	6854	6681	6702	6626	6885	6815	6734	6605	6785	6719	6910	6816	6577	6744	0	6725
AB889544	6586	6380	6384	6460	6638	6654	6646	6583	6712	6695	6525	6685	6589	6576	6531	6559	6719	6725	6512	6592	6424	6722	6664	6686	6563	6670	6692	6675	6649	6547	6715	6717	6673	6688	6663	6625	6661	6734	6655	6619	6541	6514	6643	6553	6649	6698	6475	6588	6678	6695	6687	6537	6457	6630	6653	6641	6651	6605	6597	6725	0
