AJ293704	0	6821	6766	7127	7141	7117	7312	7116
AY966427	6821	0	6632	6739	6727	6721	6790	6800
U49007	6766	6632	0	6822	6904	6821	6672	6671
AB006177	7127	6739	6822	0	7115	7200	7032	6861
AJ293701	7141	6727	6904	7115	0	7122	7028	6806
D85473	7117	6721	6821	7200	7122	0	7058	6828
KR261652	7312	6790	6672	7032	7028	7058	0	6927
AJ293707	7116	6800	6671	6861	6806	6828	6927	0
