HQ918198	0	7156	7176	7168	6638	7205	6972	6674	7446	6516	6992	7142
HQ918202	7156	0	6928	7311	6840	6938	6810	6807	7240	6674	7119	7337
KJ504178	7176	6928	0	6919	6637	7112	6837	6679	7216	6507	6822	6859
AB894336	7168	7311	6919	0	6802	6912	6812	6850	7220	6643	7107	7308
JX485633	6638	6840	6637	6802	0	6590	6545	6761	6597	6757	6737	6793
X54287	7205	6938	7112	6912	6590	0	6901	6619	7197	6466	6893	6871
DQ883812	6972	6810	6837	6812	6545	6901	0	6594	6940	6423	6825	6781
GU479394	6674	6807	6679	6850	6761	6619	6594	0	6645	6635	6882	6817
HQ918195	7446	7240	7216	7220	6597	7197	6940	6645	0	6475	6980	7217
HQ918196	6516	6674	6507	6643	6757	6466	6423	6635	6475	0	6612	6640
GQ480939	6992	7119	6822	7107	6737	6893	6825	6882	6980	6612	0	7079
GQ480940	7142	7337	6859	7308	6793	6871	6781	6817	7217	6640	7079	0
