AY027805	0	6403	6571	6693	6467	6478	6951	6845	6721	6475	6586
AB071382	6403	0	6364	6712	6602	6632	6345	6416	6440	6449	6415
AF170749	6571	6364	0	6645	6460	6481	6526	6610	6706	6319	6565
KF437680	6693	6712	6645	0	6664	6778	6635	6714	6710	6597	6596
EU642844	6467	6602	6460	6664	0	6724	6402	6479	6750	6328	6558
KM085326	6478	6632	6481	6778	6724	0	6411	6481	6795	6390	6414
AY027806	6951	6345	6526	6635	6402	6411	0	6869	6683	6425	6551
AY027802	6845	6416	6610	6714	6479	6481	6869	0	6715	6493	6660
HM485318	6721	6440	6706	6710	6750	6795	6683	6715	0	6314	6706
KC534174	6475	6449	6319	6597	6328	6390	6425	6493	6314	0	6396
EU290153	6586	6415	6565	6596	6558	6414	6551	6660	6706	6396	0
