FJ607310	0	6688	6891	6847	6940	6763	6792	6880	6806	6867	6895	7008	6880	6797	6850	6522	6872	6926	6987	6933	6800	6887	6617	6919	6813	6927	6934	6455	6802	6768	6999	6983
AY618215	6688	0	6753	6786	6778	6796	6598	6669	6554	6867	6687	6744	6687	6645	6655	6546	6605	6914	6875	6699	6717	6596	6649	6719	6667	6728	6890	6679	6710	6723	6886	6633
AY507128	6891	6753	0	6971	7120	6953	6977	6885	6796	6958	7018	7059	6920	6956	7041	6786	6855	6927	7052	7082	6967	6921	6680	7014	6938	7101	7009	6571	6929	6867	7070	6953
X77449	6847	6786	6971	0	7028	7046	6961	6960	6777	6944	7104	7002	6733	7010	7070	6516	6856	6888	6995	7000	7090	6932	6953	6915	7036	7137	7078	6493	6916	6898	7023	6877
AB546308	6940	6778	7120	7028	0	6941	7026	6987	6887	6976	7026	7151	6981	6952	7053	6711	6956	7030	7185	7186	7046	6996	6702	7020	6979	7080	7091	6548	6999	6851	7182	6991
HM036655	6763	6796	6953	7046	6941	0	6891	6877	6741	6878	7038	6934	6755	7076	7007	6546	6807	6848	6900	6872	7065	6893	6773	6926	7001	7045	6966	6538	6879	6847	6918	6851
AB023359	6792	6598	6977	6961	7026	6891	0	6867	6712	6832	6959	6978	6797	6904	7173	6541	6772	6875	7167	7093	6998	7008	6635	6847	6976	7197	6952	6386	6936	6825	7181	6922
KP232915	6880	6669	6885	6960	6987	6877	6867	0	6822	6856	6900	7014	6773	6866	6971	6549	6903	6869	6955	6946	6924	6930	6711	6937	6898	6978	6973	6434	6795	6747	6981	6996
D45061	6806	6554	6796	6777	6887	6741	6712	6822	0	6810	6791	7044	6779	6731	6792	6420	7004	6744	6848	6811	6790	6792	6477	7055	6761	6773	6897	6389	6710	6656	6876	6995
EF363711	6867	6867	6958	6944	6976	6878	6832	6856	6810	0	6883	7021	6849	6832	6927	6642	6866	7069	7148	6929	6895	6835	6738	6928	6908	6943	7165	6751	6935	6978	7178	6948
AB546310	6895	6687	7018	7104	7026	7038	6959	6900	6791	6883	0	7014	6760	7188	7085	6528	6871	6855	6960	7045	7036	6950	6762	6937	7067	7111	7016	6513	6985	6875	6978	6898
X77447	7008	6744	7059	7002	7151	6934	6978	7014	7044	7021	7014	0	7017	6920	7045	6637	7113	6945	7125	7144	6968	7053	6662	7199	6981	7045	7166	6580	6929	6866	7136	7185
AY737778	6880	6687	6920	6733	6981	6755	6797	6773	6779	6849	6760	7017	0	6748	6792	6695	6826	6841	6993	6902	6801	6748	6510	6972	6770	6834	6873	6520	6867	6723	6973	6943
FJ529717	6797	6645	6956	7010	6952	7076	6904	6866	6731	6832	7188	6920	6748	0	7006	6535	6805	6794	6883	6965	7009	6870	6716	6894	7044	7045	6925	6489	6915	6847	6901	6854
AB023356	6850	6655	7041	7070	7053	7007	7173	6971	6792	6927	7085	7045	6792	7006	0	6586	6857	6878	7094	7084	7084	7032	6773	6923	7091	7214	7028	6496	6948	6942	7112	7011
AY618216	6522	6546	6786	6516	6711	6546	6541	6549	6420	6642	6528	6637	6695	6535	6586	0	6458	6608	6672	6648	6556	6470	6520	6595	6516	6638	6594	6474	6605	6550	6671	6570
D45060	6872	6605	6855	6856	6956	6807	6772	6903	7004	6866	6871	7113	6826	6805	6857	6458	0	6812	6910	6895	6849	6892	6544	7123	6825	6844	6972	6429	6766	6703	6938	7058
AY618217	6926	6914	6927	6888	7030	6848	6875	6869	6744	7069	6855	6945	6841	6794	6878	6608	6812	0	7188	6972	6846	6800	6704	6857	6866	6972	7123	6670	6923	6846	7216	6895
KU141339	6987	6875	7052	6995	7185	6900	7167	6955	6848	7148	6960	7125	6993	6883	7094	6672	6910	7188	0	7264	6949	7033	6691	6994	6995	7257	7296	6708	7010	6942	7570	7056
FJ972171	6933	6699	7082	7000	7186	6872	7093	6946	6811	6929	7045	7144	6902	6965	7084	6648	6895	6972	7264	0	6960	7052	6703	6955	7101	7244	7102	6507	6912	6828	7261	7053
AF389342	6800	6717	6967	7090	7046	7065	6998	6924	6790	6895	7036	6968	6801	7009	7084	6556	6849	6846	6949	6960	0	6885	6775	6902	7078	7034	6954	6480	6971	6945	6929	6893
AB023357	6887	6596	6921	6932	6996	6893	7008	6930	6792	6835	6950	7053	6748	6870	7032	6470	6892	6800	7033	7052	6885	0	6638	6945	6899	7120	6982	6403	6750	6708	7052	7014
GQ241325	6617	6649	6680	6953	6702	6773	6635	6711	6477	6738	6762	6662	6510	6716	6773	6520	6544	6704	6691	6703	6775	6638	0	6604	6767	6861	6749	6408	6694	6732	6719	6626
AY277619	6919	6719	7014	6915	7020	6926	6847	6937	7055	6928	6937	7199	6972	6894	6923	6595	7123	6857	6994	6955	6902	6945	6604	0	6872	6919	7043	6560	6828	6774	7022	7107
AB454378	6813	6667	6938	7036	6979	7001	6976	6898	6761	6908	7067	6981	6770	7044	7091	6516	6825	6866	6995	7101	7078	6899	6767	6872	0	7078	6991	6484	6993	6991	6976	6928
AY427830	6927	6728	7101	7137	7080	7045	7197	6978	6773	6943	7111	7045	6834	7045	7214	6638	6844	6972	7257	7244	7034	7120	6861	6919	7078	0	7067	6508	6977	6918	7266	7024
DQ673873	6934	6890	7009	7078	7091	6966	6952	6973	6897	7165	7016	7166	6873	6925	7028	6594	6972	7123	7296	7102	6954	6982	6749	7043	6991	7067	0	6739	6883	6911	7324	6995
AY507129	6455	6679	6571	6493	6548	6538	6386	6434	6389	6751	6513	6580	6520	6489	6496	6474	6429	6670	6708	6507	6480	6403	6408	6560	6484	6508	6739	0	6511	6562	6718	6489
KC493987	6802	6710	6929	6916	6999	6879	6936	6795	6710	6935	6985	6929	6867	6915	6948	6605	6766	6923	7010	6912	6971	6750	6694	6828	6993	6977	6883	6511	0	6962	6990	6856
AB847105	6768	6723	6867	6898	6851	6847	6825	6747	6656	6978	6875	6866	6723	6847	6942	6550	6703	6846	6942	6828	6945	6708	6732	6774	6991	6918	6911	6562	6962	0	6922	6794
KU141338	6999	6886	7070	7023	7182	6918	7181	6981	6876	7178	6978	7136	6973	6901	7112	6671	6938	7216	7570	7261	6929	7052	6719	7022	6976	7266	7324	6718	6990	6922	0	7076
AF503917	6983	6633	6953	6877	6991	6851	6922	6996	6995	6948	6898	7185	6943	6854	7011	6570	7058	6895	7056	7053	6893	7014	6626	7107	6928	7024	6995	6489	6856	6794	7076	0
