AY683537	0	6866	6971	7004	6743	6949	6579	6914	6986	7456	6836
DQ659451	6866	0	6910	6441	6622	6768	6459	6775	6847	6810	6711
KM453740	6971	6910	0	6503	6630	6827	6946	7251	6868	6916	7084
HE601937	7004	6441	6503	0	6573	6485	6404	6438	6540	6949	6453
JQ937289	6743	6622	6630	6573	0	6926	6523	6647	7175	6688	6588
AF328762	6949	6768	6827	6485	6926	0	6590	6859	7195	7018	6831
AJ001150	6579	6459	6946	6404	6523	6590	0	6878	6527	6524	6983
EU438901	6914	6775	7251	6438	6647	6859	6878	0	6888	6859	7065
KC415169	6986	6847	6868	6540	7175	7195	6527	6888	0	6931	6788
AY686709	7456	6810	6916	6949	6688	7018	6524	6859	6931	0	6781
Y12579	6836	6711	7084	6453	6588	6831	6983	7065	6788	6781	0
