KJ475138	0	6530	7111	6952	6773	6844	6749	6988	6740	6760	6818	6939	6859
KP136798	6530	0	6474	6492	6517	6579	6469	6509	6644	6550	6497	6551	6566
CP012898	7111	6474	0	6863	6754	6874	6745	6899	6774	6780	6873	6952	6887
JN864025	6952	6492	6863	0	6707	6765	6703	6924	6754	6686	6708	6606	6760
JQ259859	6773	6517	6754	6707	0	6750	6817	6704	6873	6622	6639	6813	6721
KC662118	6844	6579	6874	6765	6750	0	6621	6862	6860	6953	7027	6856	7069
HQ405792	6749	6469	6745	6703	6817	6621	0	6728	6724	6611	6588	6685	6646
JN864027	6988	6509	6899	6924	6704	6862	6728	0	6763	6779	6843	6712	6852
HM475134	6740	6644	6774	6754	6873	6860	6724	6763	0	6736	6782	6782	6852
AY187689	6760	6550	6780	6686	6622	6953	6611	6779	6736	0	6982	6770	7099
KC261664	6818	6497	6873	6708	6639	7027	6588	6843	6782	6982	0	6804	7080
AM491809	6939	6551	6952	6606	6813	6856	6685	6712	6782	6770	6804	0	6852
KC987358	6859	6566	6887	6760	6721	7069	6646	6852	6852	7099	7080	6852	0
