AB916540	0	6650	6511	6291	6407	6451	6394	6835	6435	7059	6422	6969	6593	6668	6903	6582	6703	6687	6455	6888	6741	6871	6600	6774
EU137838	6650	0	6352	6418	6565	6642	6532	6584	6591	6839	6719	6835	6460	6639	6720	6790	6708	6908	6706	6700	6768	6618	6864	6932
AB084128	6511	6352	0	6347	6305	6361	6349	6429	6339	6542	6288	6611	6904	7000	6611	6485	7025	6440	6360	6497	6451	6503	6389	6417
AB622813	6291	6418	6347	0	6508	6516	6364	6199	6518	6413	6410	6463	6446	6542	6431	6687	6517	6533	6459	6421	6499	6256	6492	6564
AB264022	6407	6565	6305	6508	0	7157	6435	6307	7400	6619	6524	6675	6503	6619	6535	6773	6680	6797	6641	6627	6619	6320	6478	6750
AB042055	6451	6642	6361	6516	7157	0	6448	6390	7219	6726	6644	6770	6473	6684	6620	6826	6737	6874	6714	6741	6751	6392	6548	6934
KF772795	6394	6532	6349	6364	6435	6448	0	6224	6413	6489	6501	6504	6424	6495	6510	6469	6513	6574	7121	6440	6517	6347	6411	6557
AB264021	6835	6584	6429	6199	6307	6390	6224	0	6356	7013	6351	6841	6474	6515	6717	6507	6612	6591	6366	6854	6597	6750	6555	6695
AB264024	6435	6591	6339	6518	7400	7219	6413	6356	0	6665	6561	6701	6509	6657	6562	6803	6698	6817	6618	6658	6684	6375	6509	6770
AB042057	7059	6839	6542	6413	6619	6726	6489	7013	6665	0	6734	7244	6647	6890	7113	6799	6991	6895	6734	7185	6980	6933	6766	7065
AB089843	6422	6719	6288	6410	6524	6644	6501	6351	6561	6734	0	6731	6430	6662	6574	6695	6739	6659	6766	6690	6839	6432	6617	6738
AB264020	6969	6835	6611	6463	6675	6770	6504	6841	6701	7244	6731	0	6682	6963	7382	6933	7046	6986	6750	7197	6997	6855	6783	7068
AY425985	6593	6460	6904	6446	6503	6473	6424	6474	6509	6647	6430	6682	0	7060	6642	6608	7070	6545	6483	6561	6526	6573	6426	6562
AJ496806	6668	6639	7000	6542	6619	6684	6495	6515	6657	6890	6662	6963	7060	0	6877	6829	7430	6724	6695	6795	6772	6595	6658	6803
AJ133633	6903	6720	6611	6431	6535	6620	6510	6717	6562	7113	6574	7382	6642	6877	0	6769	6897	6833	6599	7057	6841	6818	6652	6930
AB264025	6582	6790	6485	6687	6773	6826	6469	6507	6803	6799	6695	6933	6608	6829	6769	0	6875	6982	6691	6771	6847	6533	6783	6985
AB059674	6703	6708	7025	6517	6680	6737	6513	6612	6698	6991	6739	7046	7070	7430	6897	6875	0	6808	6765	6887	6857	6629	6741	6885
AB264026	6687	6908	6440	6533	6797	6874	6574	6591	6817	6895	6659	6986	6545	6724	6833	6982	6808	0	6771	6855	6920	6678	6821	7249
Z21979	6455	6706	6360	6459	6641	6714	7121	6366	6618	6734	6766	6750	6483	6695	6599	6691	6765	6771	0	6742	6782	6379	6578	6808
AB076660	6888	6700	6497	6421	6627	6741	6440	6854	6658	7185	6690	7197	6561	6795	7057	6771	6887	6855	6742	0	6953	6805	6708	6964
AB042059	6741	6768	6451	6499	6619	6751	6517	6597	6684	6980	6839	6997	6526	6772	6841	6847	6857	6920	6782	6953	0	6579	6795	6998
KR090679	6871	6618	6503	6256	6320	6392	6347	6750	6375	6933	6432	6855	6573	6595	6818	6533	6629	6678	6379	6805	6579	0	6558	6702
FM179383	6600	6864	6389	6492	6478	6548	6411	6555	6509	6766	6617	6783	6426	6658	6652	6783	6741	6821	6578	6708	6795	6558	0	6853
AB089840	6774	6932	6417	6564	6750	6934	6557	6695	6770	7065	6738	7068	6562	6803	6930	6985	6885	7249	6808	6964	6998	6702	6853	0
