JF922381	0	6829	6274	6516	6305	6696	6579
KF724186	6829	0	6252	6514	6331	6637	6571
JX981923	6274	6252	0	6335	5945	6370	6121
HQ537484	6516	6514	6335	0	6140	6575	6387
KX355166	6305	6331	5945	6140	0	6213	6495
FN995239	6696	6637	6370	6575	6213	0	6460
HM851284	6579	6571	6121	6387	6495	6460	0
