AJ493661	0	6687	6951	6508	6739	6764
DQ359731	6687	0	6832	6967	6457	7220
AB264528	6951	6832	0	6545	6851	7014
AY671976	6508	6967	6545	0	6334	6808
AJ238041	6739	6457	6851	6334	0	6632
EU874387	6764	7220	7014	6808	6632	0
