AF467248	0	5982	6978	6374	6501	6842
DQ250645	5982	0	6001	6045	5605	5939
EF382660	6978	6001	0	6464	6593	7222
EU627628	6374	6045	6464	0	6200	6454
AB037677	6501	5605	6593	6200	0	6672
KJ196388	6842	5939	7222	6454	6672	0
