Y12369	0	6888	7285	6960	6900	6572
Y12365	6888	0	6888	6926	6911	6418
FM178268	7285	6888	0	6960	6900	6572
EU442182	6960	6926	6960	0	7085	6540
AM712619	6900	6911	6900	7085	0	6461
AM399029	6572	6418	6572	6540	6461	0
