AB736274	0	6901	7062	7087	6562	7492	6795	6508
GU213062	6901	0	7113	7123	6658	6891	6389	6669
FJ169626	7062	7113	0	7199	6701	7054	6472	6841
AB243866	7087	7123	7199	0	6624	7145	6491	6620
AF418602	6562	6658	6701	6624	0	6520	6246	6547
AB665218	7492	6891	7054	7145	6520	0	6753	6480
D82065	6795	6389	6472	6491	6246	6753	0	6158
HM057160	6508	6669	6841	6620	6547	6480	6158	0
