FM210786	0	6378	6364	6389	6336	6371	6447	6355
KC840671	6378	0	6952	6844	6954	6659	6638	6749
Y15403	6364	6952	0	6792	6902	6617	6641	6660
AM884145	6389	6844	6792	0	6808	6594	6651	6627
AM884149	6336	6954	6902	6808	0	6624	6651	6802
AJ132378	6371	6659	6617	6594	6624	0	6434	6457
KU877213	6447	6638	6641	6651	6651	6434	0	6607
GU199003	6355	6749	6660	6627	6802	6457	6607	0
