HM475137	0	6484	6705	6692	6625	6411	6725	6771	6101	6724	6629	6742	6859	6575	6788	6222	6557	6318	6849	6753	6800	6748
HM998910	6484	0	6706	6588	6668	6517	6598	6701	5975	6547	6575	6667	6709	6557	6740	6342	6546	6371	6792	6757	6692	6672
KM058086	6705	6706	0	6806	6903	6639	6683	6985	5929	6730	6639	6935	6701	7088	6992	6316	6821	6643	7024	6879	6926	6921
M58769	6692	6588	6806	0	6685	6440	6651	6886	6181	6642	6569	6718	6813	6678	6849	6246	6515	6349	6900	6814	6762	6827
HM998909	6625	6668	6903	6685	0	6704	6631	6876	5894	6651	6523	6715	6705	6712	6808	6272	6734	6668	6813	6725	6827	6849
FJ348470	6411	6517	6639	6440	6704	0	6470	6581	5883	6452	6404	6425	6492	6474	6488	6166	6518	6553	6508	6467	6611	6557
AY608406	6725	6598	6683	6651	6631	6470	0	6750	5982	6587	6779	6551	6676	6547	6844	6202	6553	6378	6858	6862	6712	6765
KF906719	6771	6701	6985	6886	6876	6581	6750	0	6025	6694	6746	6913	6745	6863	7139	6264	6716	6526	7137	7010	6872	7253
JX050189	6101	5975	5929	6181	5894	5883	5982	6025	0	5935	5944	5910	6200	5807	6003	5968	5788	5828	6017	6039	5982	6001
HQ593612	6724	6547	6730	6642	6651	6452	6587	6694	5935	0	6517	6909	6675	6595	6695	6297	6546	6374	6749	6702	6697	6675
JN118549	6629	6575	6639	6569	6523	6404	6779	6746	5944	6517	0	6519	6624	6511	6775	6207	6499	6347	6838	6737	6643	6663
FJ750453	6742	6667	6935	6718	6715	6425	6551	6913	5910	6909	6519	0	6658	6758	6872	6267	6646	6392	6948	6775	6805	6901
KX262846	6859	6709	6701	6813	6705	6492	6676	6745	6200	6675	6624	6658	0	6577	6813	6284	6604	6407	6909	6783	6845	6715
KP200684	6575	6557	7088	6678	6712	6474	6547	6863	5807	6595	6511	6758	6577	0	6892	6174	6680	6427	6895	6745	6786	6801
KC476291	6788	6740	6992	6849	6808	6488	6844	7139	6003	6695	6775	6872	6813	6892	0	6235	6705	6474	7218	7105	6883	7102
KF612582	6222	6342	6316	6246	6272	6166	6202	6264	5968	6297	6207	6267	6284	6174	6235	0	6273	6001	6312	6272	6334	6246
AY987367	6557	6546	6821	6515	6734	6518	6553	6716	5788	6546	6499	6646	6604	6680	6705	6273	0	6492	6774	6681	6941	6654
FJ882164	6318	6371	6643	6349	6668	6553	6378	6526	5828	6374	6347	6392	6407	6427	6474	6001	6492	0	6523	6424	6570	6480
KR080699	6849	6792	7024	6900	6813	6508	6858	7137	6017	6749	6838	6948	6909	6895	7218	6312	6774	6523	0	7058	6981	7105
AB517144	6753	6757	6879	6814	6725	6467	6862	7010	6039	6702	6737	6775	6783	6745	7105	6272	6681	6424	7058	0	6867	7015
AM113977	6800	6692	6926	6762	6827	6611	6712	6872	5982	6697	6643	6805	6845	6786	6883	6334	6941	6570	6981	6867	0	6809
KC476292	6748	6672	6921	6827	6849	6557	6765	7253	6001	6675	6663	6901	6715	6801	7102	6246	6654	6480	7105	7015	6809	0
