AJ575643	0	6668	7035	6874	7070	6850	6677
AY271622	6668	0	6625	6362	6617	6689	7057
EF536748	7035	6625	0	6779	6902	6710	6633
AB080771	6874	6362	6779	0	6669	6464	6362
JF751052	7070	6617	6902	6669	0	6778	6615
EU999955	6850	6689	6710	6464	6778	0	6688
AF052742	6677	7057	6633	6362	6615	6688	0
