LC032127	0	7386	7124	7388	7278	7011
AF152108	7386	0	7094	7452	7266	7032
AB597931	7124	7094	0	7106	7111	7016
AJ294715	7388	7452	7106	0	7267	7026
AB112081	7278	7266	7111	7267	0	6927
FJ155992	7011	7032	7016	7026	6927	0
