JX144961	0	6360	6391	6398	6388	6196
AY500141	6360	0	6829	6607	6529	6287
AM087199	6391	6829	0	6617	6510	6382
AJ247193	6398	6607	6617	0	6416	6201
AJ247194	6388	6529	6510	6416	0	6341
KF551184	6196	6287	6382	6201	6341	0
