L33692	0	6998	7098	6822	6996	6848	6622	6190	6646
AF123077	6998	0	7302	7173	7220	7174	6888	6282	6784
X77679	7098	7302	0	7223	7168	7339	6845	6256	6862
AJ315676	6822	7173	7223	0	7023	7428	6832	6240	6864
L33694	6996	7220	7168	7023	0	7010	6822	6265	6806
Y14701	6848	7174	7339	7428	7010	0	6798	6213	6866
EF158388	6622	6888	6845	6832	6822	6798	0	6387	6891
AF011343	6190	6282	6256	6240	6265	6213	6387	0	6222
AF011345	6646	6784	6862	6864	6806	6866	6891	6222	0
