AY667494	0	6009	5968	5934	6024	5953	5950	5966	6008	5894	5881	5625	5940	5876	5932	5924	5946	5893	5965	6024	5902	5956	5899	5878	6017	5953	5925	5999	5946	5883	5878	5902	5903	5892	5880	6046	5987	5888	5965	5976	5949	5966	6030	5900	5960	5906	6000	5799	5747	5917	5704	5944	5891	5965	5915	5787	5929	5786	5986	5956	5953	5480	5844	5917	5892	5989	5986	5844	5865	5992	5922	5813	5929	5932	6017	5950	5872	5924	5974	5944	5933	5997	5951	5895	5904	5947	5890	5881	5910	5899	5913	5993	5943	5933	5852	5894	5900	6000	5928	5839	5900	5872	5993	5937	5995	5902	6011	6006	5861	6009	5914	5928	5953	5946	5887	5980	5423	5829	5929	6024	5997	5998	5961	5425	5855	5906	5989	5903	5839	5908	5853	5921	5990	5947	5722	5951	5882	5995	5712	5898	5994	6009	5811	6006	5913	5970	5893	5773	5844	5996	5918	5948	6009	5996	5757	5946	6009	5901	5926	5903	5988	5894	5520	5795	5915	5862	5913	5848	5844	5882	5886	5844	5991	5485	5839	5893	5448	5882	5831	5988	5885	6000	5797	5923	5918	5870	5818	5954	5825	6484	5937	5847	5984	6033	5980	5983	5944	5884	5890	5960	6041	5823	5828	5815	6437	6050	5966	5983	5959	5933	5990	5941	5863	5954	5829	5822	6040	6049	5947	5808	5879	5929	6018	5901	5987	5920	5913	5941	5872	5957	5973	5940	6110	5931	6041	6045
AB021189	6009	0	6238	6830	7010	6825	7023	6817	6386	6587	6906	6249	6795	6920	6574	6708	6585	6930	6599	6236	6466	6794	6974	6751	7186	6912	6804	6778	6725	6889	6299	6835	6450	6772	6543	6737	6776	6884	6783	6831	7007	6833	6951	6967	6980	6376	6771	6781	6433	6371	6304	7039	6784	6450	6754	6507	6775	6880	6264	6691	6662	5850	6878	6672	6931	6605	6886	6889	6828	6634	6429	6674	6954	7093	6533	6899	6989	6697	6875	6656	6950	6828	7097	6362	6568	6702	6917	6940	6420	6413	7197	7084	6999	6721	6748	6892	6912	6999	6488	6896	6882	6989	6958	7076	7068	7053	6649	7009	6860	6889	6700	6801	7088	6411	7112	6857	5690	6490	6708	6635	6896	6891	6931	5828	6772	6766	6837	6885	6845	6533	6528	6724	6615	6758	6529	6795	6534	7000	6763	6904	6591	6892	6384	6698	6937	6810	6927	6226	7030	6437	6767	7116	7201	7195	6422	6650	6524	6642	6946	6873	7017	6699	6203	6400	7086	6737	6453	6884	6712	6516	7010	6796	6804	5951	6977	6460	6147	6875	6876	6523	6947	6406	6867	6688	6717	6997	6577	6930	6677	6663	6531	6846	6744	6880	7109	6896	6599	6948	6906	7247	6033	6580	6886	6020	6276	6844	7189	6825	6796	7062	6691	6981	6530	6345	6362	6615	6966	6848	7072	6782	6723	6621	6968	6982	6524	6967	7004	6725	6823	6877	6699	6999	6614	7007	6677	7027
LK026324	5968	6238	0	6252	6327	6317	6208	6339	6113	6185	6171	5771	6204	6188	6179	6132	6429	6228	6164	6202	6251	6217	6203	6317	6337	6249	6268	6385	6017	6140	6284	6253	6066	6254	6019	6231	6324	6295	6367	6236	6141	6223	6376	6298	6256	6062	6316	6097	5940	6140	5900	6274	6244	6688	6163	6035	6168	6160	6419	6256	6211	5555	6191	6265	6256	6195	6283	6188	6229	6732	6202	6117	6267	6217	6227	6345	6187	6241	6372	6251	6280	6247	6205	6205	6159	6188	6217	6216	6155	6180	6218	6321	6222	6323	6193	6236	6257	6353	6202	6165	6225	6187	6228	6254	6281	6283	6152	6321	6267	6264	6192	6223	6265	5986	6225	6307	5484	6126	6264	6138	6360	6200	6362	5618	6252	6264	6225	6204	6135	6279	6046	6235	6372	6237	5972	6239	6173	6286	6051	6252	6753	6271	6003	6218	6222	6248	6226	5943	6181	6193	6231	6225	6271	6281	5912	6294	6232	6217	6261	6238	6290	6341	5771	6049	6233	6251	6121	6311	6030	6165	6161	6188	6338	5644	6165	6141	5626	6237	6242	6243	6219	6305	6172	6132	6235	6162	6091	6303	6128	6175	6153	6215	6350	6334	6258	6270	6162	6252	6172	6295	6340	6140	6240	6210	6134	6365	6277	6244	6193	6273	6749	6261	6264	6175	6130	6072	6224	6382	6258	6189	6251	6171	6264	6236	6474	6284	6290	6158	6189	6250	6284	6250	6429	6314	6197	6290
KJ005123	5934	6830	6252	0	6785	6602	6753	6547	6501	6616	6621	6119	6586	6552	6588	6622	6282	6650	6702	6082	6352	6695	6608	6554	6786	6835	6348	6516	6580	6645	6228	6660	6319	6637	6335	6695	6616	6588	6526	6705	6765	6647	6700	6680	6887	6397	6681	6500	6461	6534	6410	6728	6634	6397	6520	6509	6622	6486	6201	6460	6824	5793	6661	6451	6659	6476	6575	6662	6640	6399	6373	6521	6751	6743	6679	6571	6623	6454	6638	6598	6552	6731	6722	6383	6567	6629	6703	6636	6515	6452	7061	6955	6728	6562	6514	6678	6794	6750	6514	6645	6677	6623	6767	6723	6673	6694	6673	6696	6546	6704	6584	6675	6822	6430	6802	6632	5748	6432	6584	6549	6667	6739	6692	5882	6693	6734	6705	6746	6696	6456	6498	6597	6616	6623	6368	6685	6529	6658	6499	6795	6372	6655	6426	6746	6537	6671	6675	6173	6661	6454	6707	6733	6700	6651	6299	6635	6454	6660	6569	6708	6643	6530	6045	6437	6779	6647	6581	6582	6486	6538	6675	6662	6520	6012	6652	6394	5954	6662	6644	6582	6680	6456	6643	6595	6683	6565	6359	6664	6556	6233	6542	6630	6607	6683	6676	6647	6577	6668	6622	6976	6074	6530	6613	5998	6224	6724	6757	6615	6699	6684	6390	6709	6404	6371	6272	6325	6622	6695	7150	6515	6406	6611	6769	6684	6573	6670	6776	6585	6625	6593	6499	6807	6347	6659	6610	6699
D16268	6024	7010	6327	6785	0	6714	6884	6748	6471	6667	6812	6244	6782	6855	6590	6681	6488	6836	6730	6178	6534	6755	6838	6726	7132	6906	6624	6687	6628	6816	6356	6854	6622	6783	6511	6728	6777	6872	6747	6750	6877	6853	6981	6919	6951	6444	6812	6643	6466	6420	6408	7059	6904	6510	6745	6531	6805	6697	6289	6605	6714	5885	6784	6629	6846	6685	6816	6792	6799	6636	6499	6612	6959	7037	6648	6721	6818	6679	6838	6608	6795	6916	7034	6446	6647	6694	6937	6807	6510	6472	6965	7065	6980	6699	6792	6855	6938	6997	6602	6759	6854	6818	6853	6973	7053	6959	6715	6891	6829	6914	6719	6813	7074	6404	6978	6759	5780	6529	6721	6808	6909	6903	6865	5889	6883	6864	6897	6914	6794	6601	6511	6678	6651	6706	6430	6794	6583	7012	6612	6946	6626	7007	6504	6791	6773	6822	6872	6272	6788	6457	6753	7052	7094	7051	6486	6684	6546	6783	6898	6800	6839	6682	6212	6542	6986	6877	6518	6838	6649	6565	6852	6792	6748	5947	6770	6465	6115	6862	6852	6598	6899	6483	6850	6629	6738	6715	6560	6962	6663	6457	6506	6786	6761	6838	6875	7012	6624	6854	6821	7024	6139	6541	6830	6051	6330	6946	7007	6915	6871	6974	6610	6980	6593	6387	6370	6503	6911	6864	6921	6742	6639	6702	6986	6863	6537	6864	7038	6722	6799	6850	6644	6868	6559	6993	6687	6825
X76449	5953	6825	6317	6602	6714	0	6528	7114	6330	6549	6647	5869	6466	6539	6444	6385	6602	6856	6436	6213	6790	6505	6786	6981	6864	6877	6888	6794	6364	6501	6386	6722	6179	6532	6185	6666	6878	6802	6894	6536	6631	6531	6743	6862	6795	6223	6676	6554	6228	6316	6222	6748	6608	6586	6528	6301	6472	6621	6335	6909	6567	5791	6680	6591	6859	6295	6500	6776	6724	6733	6718	6498	6815	6791	6425	6943	6731	6950	7058	7074	6544	6612	6719	6621	6416	6590	6719	6839	6283	6738	6997	6882	6689	7290	6701	6843	6842	6790	6377	6812	6855	6731	6854	6777	6744	6834	6680	6888	6780	6582	6495	6536	6806	6197	6878	7113	5658	6302	6413	6307	6700	6608	6850	5982	6665	6565	6675	6681	6796	6732	6286	6457	6830	7066	6271	6552	6359	6596	6560	6857	6749	6593	6369	6620	6529	6520	6885	6425	6842	6486	6678	6696	6818	6861	6079	6443	6350	6641	6741	6574	6749	7249	6081	6343	6799	6656	6339	6733	6319	6351	6659	6677	6979	5831	6823	6270	6104	6720	6734	6937	6661	6668	6702	6323	6484	6673	6382	6613	6404	6558	6320	6776	6878	7033	6706	6599	6426	6857	6639	7040	6153	6219	6770	6124	6236	6639	6864	6538	6690	6759	6786	6786	6633	6583	6605	6490	6695	7110	6822	6588	6941	6407	6670	6893	6726	6521	6796	6455	6572	6696	6926	6905	6645	6786	6467	6732
JQ806742	5950	7023	6208	6753	6884	6528	0	6501	6390	6411	6604	6189	6544	6633	6496	6620	6295	6569	6578	5963	6470	6676	6590	6494	6879	6710	6453	6486	6598	6658	6080	6570	6447	6549	6552	6665	6557	6658	6536	6844	6867	6705	6747	6595	6765	6363	6626	6552	6364	6373	6193	6767	6743	6321	6625	6467	6603	6546	6216	6502	6531	5812	6555	6436	6702	6580	6597	6586	6527	6372	6433	6472	6711	6881	6515	6488	6609	6503	6589	6435	6656	6750	6837	6323	6388	6625	6770	6590	6478	6255	6844	6890	6756	6498	6640	6589	6643	6764	6480	6544	6599	6609	6729	6817	6826	6693	6521	6699	6629	6721	6612	6667	6783	6410	6779	6545	5665	6471	6721	6639	6761	6669	6624	5719	6657	6654	6739	6751	6599	6477	6397	6700	6462	6473	6287	6670	6493	6778	6397	6649	6339	6751	6251	6641	6635	6691	6586	6144	6571	6297	6652	6831	6831	6787	6338	6589	6495	6509	6665	6595	6771	6445	6060	6275	6810	6551	6395	6620	6497	6484	6784	6581	6529	5873	6544	6379	5975	6650	6643	6351	6678	6349	6664	6783	6634	6580	6564	6698	6509	6297	6452	6628	6517	6571	6789	6765	6525	6562	6604	6824	6031	6522	6644	5939	6109	6740	6817	6787	6658	6735	6343	6764	6411	6296	6190	6325	6717	6595	6872	6594	6460	6580	6946	6596	6389	6777	6789	6560	6595	6627	6531	6634	6321	6725	6642	6746
AB043846	5966	6817	6339	6547	6748	7114	6501	0	6297	6551	6782	5891	6557	6629	6408	6394	6717	6828	6449	6317	6771	6508	6796	6984	6963	6801	6870	6983	6333	6593	6402	6832	6191	6547	6241	6636	6821	6805	6880	6450	6556	6539	6800	6880	6799	6252	6670	6678	6186	6265	6183	6839	6602	6535	6481	6288	6467	6591	6360	6815	6562	5825	6790	6546	6806	6333	6672	6734	6837	6752	6707	6582	6799	6752	6363	6985	6808	6830	7184	7019	6720	6615	6864	6580	6508	6581	6778	6787	6270	6762	6908	6813	6830	7142	6759	6800	6754	6737	6401	6733	6769	6808	6777	6742	6732	6777	6634	6829	6742	6635	6468	6567	6933	6245	6801	7292	5689	6279	6474	6320	6734	6731	6876	6024	6687	6608	6718	6657	6664	6867	6273	6435	6839	7240	6339	6541	6416	6736	6651	6759	6696	6638	6347	6603	6668	6578	6796	6430	6836	6462	6663	6794	6848	6884	6133	6472	6346	6610	6630	6668	6754	7041	5982	6348	6772	6720	6314	6899	6437	6407	6638	6689	7131	5834	6814	6309	6011	6688	6870	7021	6776	6779	6657	6281	6477	6711	6334	6719	6484	6601	6286	6792	6763	7131	6728	6652	6437	6874	6782	6950	6184	6289	6832	6147	6259	6613	6828	6573	6664	6858	6746	6730	6680	6543	6652	6478	6842	7085	6733	6516	7029	6409	6652	6862	6818	6679	6791	6443	6730	6827	6842	6850	6730	6714	6516	6691
KF265351	6008	6386	6113	6501	6471	6330	6390	6297	0	6338	6308	5997	6389	6309	6353	6398	6088	6341	6462	5889	6247	6398	6407	6327	6513	6526	6223	6237	6301	6316	6059	6336	6236	6378	6205	6477	6324	6464	6373	6465	6363	6349	6483	6431	6447	6362	6423	6229	6308	6376	6174	6495	6479	6213	6379	6325	6396	6221	5995	6206	6526	5814	6349	6222	6475	6487	6357	6340	6330	6207	6287	6352	6434	6453	6451	6387	6329	6281	6265	6296	6297	6486	6432	6222	6380	6487	6430	6378	6334	6206	6475	6561	6383	6274	6322	6354	6447	6468	6429	6349	6350	6329	6506	6435	6473	6423	6352	6416	6410	6399	6245	6388	6507	6354	6529	6334	5758	6349	6334	6444	6500	6459	6479	5683	6447	6472	6505	6479	6327	6196	6278	6438	6412	6322	6139	6394	6326	6469	6194	6505	6164	6469	6183	6952	6246	6402	6378	6046	6348	6342	6407	6509	6514	6413	6200	6446	6374	6360	6348	6494	6419	6262	5904	6263	6439	6401	6457	6439	6277	6309	6385	6340	6244	5905	6349	6301	5876	6412	6362	6324	6336	6361	6345	6400	6470	6310	6317	6407	6264	6040	6341	6401	6315	6346	6331	6452	6462	6359	6300	6538	5979	6214	6384	5925	6155	6460	6480	6467	6491	6409	6149	6500	6261	6181	6185	6070	6425	6388	6538	6271	6236	6434	6527	6360	6260	6320	6478	6394	6329	6417	6244	6519	6084	6411	6446	6478
HQ223107	5894	6587	6185	6616	6667	6549	6411	6551	6338	0	6954	5996	6654	6458	6415	6505	6276	7238	6486	6042	6194	6619	6796	6520	6750	6731	6306	6474	6316	6501	6330	7229	6244	6582	6063	6470	6510	6590	6601	6370	6433	6495	6614	7037	6725	6396	6669	6438	6253	6447	6429	6579	6446	6349	6333	6301	6570	6404	6055	6369	6597	5751	6571	6334	6574	6409	6694	6533	7182	6459	6212	6613	6620	6633	6543	6584	6973	6413	6578	6404	6554	6502	6645	6326	6567	6419	6666	6574	6425	6410	6741	6785	6540	6466	6593	7265	6722	6637	6630	6504	7155	6973	6614	6582	6593	6602	6571	6689	6551	6619	6476	6497	6642	6207	6620	6533	6139	6296	6352	6406	6537	6612	6665	5779	6609	6691	6598	6553	6513	6329	6327	6410	6562	6500	6414	6525	6801	6627	6409	6776	6377	6632	7029	6541	6540	6460	7238	6097	6570	6428	6485	6610	6632	6666	6110	6446	6444	7213	6520	6580	6561	6428	5940	6788	6581	7005	6508	6569	6391	6792	6533	6533	6491	5893	6548	6326	6133	6613	6607	6518	6555	6361	6620	6296	6456	6425	6210	6614	6414	6250	6345	6583	6509	6603	6492	6604	6535	7203	6954	6805	5986	6282	6546	5977	6229	6577	6592	6407	6772	6676	6388	6537	6444	6319	6278	6243	6649	6570	6645	6414	6392	6479	6582	7256	6453	6460	6604	6516	6972	6584	6424	6726	6276	6600	6619	6560
JX680098	5881	6906	6171	6621	6812	6647	6604	6782	6308	6954	0	6063	6684	6703	6439	6579	6473	7215	6415	6101	6397	6692	7053	6672	7011	6811	6610	6713	6397	6765	6297	7201	6274	6662	6330	6564	6607	6862	6677	6491	6675	6642	6767	7144	6846	6397	6686	6734	6281	6324	6323	6862	6618	6408	6554	6368	6568	6664	6123	6491	6661	5834	6813	6514	6809	6438	6772	6764	7189	6579	6340	6681	6858	6854	6433	6727	7486	6519	6801	6559	6887	6653	6902	6271	6541	6459	6885	6799	6358	6336	6965	6908	6769	6653	6798	7173	6906	6732	6668	6730	7155	7486	6760	6814	6830	6886	6466	6858	6803	6763	6531	6575	6925	6294	6880	6719	5963	6384	6555	6395	6703	6689	6806	5766	6706	6771	6810	6723	6705	6516	6298	6490	6539	6708	6449	6625	7150	6836	6647	6883	6463	6736	6725	6637	6848	6653	7178	6079	6868	6365	6585	6873	6931	6973	6194	6470	6422	7002	6714	6688	6800	6654	6120	6614	6823	6989	6415	6868	6484	7150	6828	6714	6658	5922	6811	6318	6194	6794	6838	6484	6828	6351	6801	6393	6542	6853	6437	6773	6529	6495	6379	6686	6584	6859	6835	6712	6560	7231	7538	7017	5968	6406	6791	5954	6144	6696	6860	6596	6866	6932	6544	6767	6470	6239	6345	6519	7003	6754	6812	6602	6690	6417	6736	7223	6414	6757	6796	6515	7396	6883	6538	6877	6531	6851	6759	6732
DQ870688	5625	6249	5771	6119	6244	5869	6189	5891	5997	5996	6063	0	6246	6144	6034	6170	5712	5990	6128	5644	5849	6226	5969	5854	6280	6039	5839	5928	6099	6030	5769	5973	6188	6106	5913	6038	5927	6060	6026	6104	6112	6120	6235	6023	6080	5987	6120	5887	5959	6005	5974	6204	6069	5771	6021	5986	6222	5887	5627	5810	6036	5657	5955	5807	6062	6182	6247	5962	5963	5809	5803	6020	6125	6173	6099	5923	6050	5865	5969	5857	6114	6197	6176	5867	5903	5985	6095	6000	5964	5892	6098	6183	6052	5876	5988	5994	6056	6204	5927	5947	5948	6050	6109	6223	6256	6113	6108	6118	6016	6229	5958	6143	6165	5996	6125	5910	5308	5930	6112	6171	6237	6165	6054	5809	6052	6169	6113	6148	5881	5823	6110	6129	6009	5858	6012	6149	6041	6242	5808	6016	5825	6265	6005	6097	6079	6145	5978	5896	5955	5965	6035	6260	6281	6241	5851	6178	6105	5996	6060	6187	6076	5846	5401	6005	6218	5986	5945	6023	6227	6032	6124	5962	5924	5861	5947	5993	5358	6025	6022	5875	6110	5894	5989	6147	6189	5952	5848	6253	5928	5711	6028	5972	5917	5993	6122	6250	6065	5990	6081	6172	5665	6040	5992	5598	5784	6207	6216	6145	6037	6204	5807	6175	5897	5847	5835	5721	6154	6025	6135	5909	5918	6099	6287	5996	5930	6143	6195	6208	6050	6047	5858	6013	5781	6137	6206	6090
HQ433471	5940	6795	6204	6586	6782	6466	6544	6557	6389	6654	6684	6246	0	6638	6602	6638	6313	6674	6488	6278	6308	6702	6629	6486	6913	6705	6427	6502	6513	6607	6359	6709	6461	6795	6254	6419	6559	6692	6582	6511	6565	6575	6781	6701	6659	6480	6703	6557	6463	6469	6430	6838	6604	6302	6524	6427	6834	6521	6100	6348	6572	5904	6665	6333	6707	6650	6955	6589	6670	6458	6223	6718	6749	6838	6560	6603	6686	6422	6505	6405	6764	6611	6886	6317	6548	6494	6760	6606	6359	6443	6752	6730	6763	6411	6605	6678	6641	6718	6397	6577	6610	6686	6610	6844	6847	6845	6584	6745	6691	6703	6487	6733	6854	6435	6792	6587	5779	6347	6548	6623	6660	6758	6778	5825	6627	6685	6717	6713	6460	6232	6464	6643	6604	6508	6556	6762	6464	6918	6509	6703	6425	6829	6506	6560	6733	6631	6708	6248	6681	6461	6622	6869	6915	6963	6324	6696	6597	6634	6683	6907	6644	6356	5934	6475	6818	6626	6482	6796	6661	6447	6639	6589	6526	5970	6649	6579	5842	6701	6663	6472	7042	6295	6689	6503	6763	6592	6263	6947	6453	6251	6587	6616	6558	6618	6709	6735	6647	6692	6685	6805	6109	6439	6597	6023	6242	6674	6863	6652	6625	7115	6471	6709	6429	6341	6456	6224	6659	6593	6642	6468	6575	6521	6709	6726	6456	6761	6847	6811	6666	6659	6377	6616	6407	6834	6573	6631
U20385	5876	6920	6188	6552	6855	6539	6633	6629	6309	6458	6703	6144	6638	0	6508	6558	6521	6689	6478	6175	6401	6562	6697	6616	6906	6635	6595	6635	6498	6693	6172	6671	6296	6627	6542	6564	6626	6787	6638	6528	6765	6662	6785	6697	6787	6229	6695	6527	6265	6248	6135	6868	6663	6363	6660	6401	6690	6794	6210	6493	6540	5753	6577	6477	6701	6536	6784	6556	6654	6546	6273	6503	6829	6892	6387	6677	6738	6546	6660	6472	6874	6706	6828	6261	6389	6465	6739	6681	6290	6292	6778	6806	6738	6501	6637	6694	6642	6968	6351	6565	6616	6738	6742	6907	6930	6859	6451	6838	6700	6715	6612	6814	6806	6240	6847	6594	5628	6473	6595	6409	6696	6699	6813	5671	6716	6658	6649	6732	6592	6334	6427	6603	6534	6623	6341	6690	6366	6893	6466	6653	6497	6806	6257	6593	6818	6693	6703	6111	6642	6376	6632	6865	7039	6928	6238	6638	6431	6516	6816	6773	6807	6496	5965	6239	6919	6590	6245	6821	6539	6357	6789	6501	6686	5774	6641	6263	5934	6703	6682	6438	6781	6241	6680	6476	6625	6716	6516	6871	6609	6421	6413	6847	6623	6647	6895	6862	6424	6700	6721	6811	6016	6486	6662	5990	6192	6720	7004	6534	6624	6882	6534	6791	6433	6237	6303	6596	6813	6640	6745	6779	6613	6426	6688	6716	6434	6783	6930	6606	6645	6740	6564	6673	6515	6827	6489	6918
KT240114	5932	6574	6179	6588	6590	6444	6496	6408	6353	6415	6439	6034	6602	6508	0	6443	6200	6406	6514	6069	6320	6521	6350	6481	6641	6530	6267	6377	6465	6490	6157	6395	6308	6883	6270	6514	6442	6476	6400	6535	6575	6467	6592	6383	6547	6419	6616	6420	6333	6348	6290	6609	6567	6257	6491	6439	6649	6353	6075	6232	6577	5858	6551	6256	6557	6493	6627	6557	6377	6329	6282	6572	6822	6676	6502	6430	6447	6354	6388	6410	6561	6544	6644	6313	6461	6531	6602	6513	6255	6322	6585	6571	6617	6369	6497	6422	6589	6608	6305	6545	6397	6447	6607	6716	6612	6921	6491	6615	6526	6516	6402	6674	6671	6381	6611	6441	5600	6410	6423	6471	6623	6637	6540	5732	6587	6635	6621	6620	6448	6237	6393	6623	6457	6425	6314	6935	6396	6616	6387	6593	6262	6626	6252	6499	6505	6521	6417	6128	6557	6359	6574	6658	6602	6679	6273	6615	6522	6432	6842	6694	6468	6324	5931	6234	6734	6353	6359	6579	6409	6403	6472	6557	6349	5971	6545	6599	5722	6704	6541	6407	6643	6334	6673	6472	6734	6498	6339	6583	6463	6121	6945	6484	6443	6456	6504	6631	6616	6390	6446	6581	6040	6357	6521	5954	6072	6655	6711	6591	6473	6651	6255	6622	6278	6219	6220	6203	6514	6483	6613	6393	6350	6552	6695	6415	6436	6478	6741	6580	6448	6483	6282	6448	6278	6912	6626	6457
X77790	5924	6708	6132	6622	6681	6385	6620	6394	6398	6505	6579	6170	6638	6558	6443	0	6196	6495	6421	6086	6235	6798	6574	6371	6706	6648	6272	6340	6524	6530	6141	6502	6321	6519	6319	6431	6461	6508	6460	6456	6577	6688	6679	6512	6658	6336	6510	6443	6330	6432	6292	6613	6448	6170	6402	6318	6659	6481	6026	6308	6621	5756	6480	6367	6508	6465	6663	6489	6460	6263	6139	6518	6622	6771	6538	6396	6584	6328	6402	6302	6613	6547	6650	6229	6456	6361	6589	6477	6480	6308	6657	6723	6520	6357	6528	6520	6525	6632	6437	6463	6509	6584	6606	6677	6646	6587	6483	6521	6475	6851	6571	6631	6638	6309	6606	6392	5665	6399	6590	6455	6582	6597	6432	5723	6516	6604	6621	6564	6467	6168	6426	6513	6473	6364	6366	6516	6455	6643	6298	6594	6294	6644	6388	6575	6581	6693	6526	6159	6486	6411	6482	6650	6661	6642	6150	6526	6392	6512	6472	6643	6567	6285	5831	6383	6679	6479	6417	6475	6476	6437	7104	6489	6413	5885	6469	6314	5722	6518	6449	6358	6571	6272	6565	6550	6551	6445	6311	6693	6392	6200	6383	6383	6406	6424	6675	6618	6558	6488	6570	6682	6048	6525	6423	5922	6224	6637	6690	6411	6557	6667	6280	6612	6324	6297	6296	6224	6581	6469	6691	6525	6350	6396	6652	6527	6377	6667	6636	6622	6584	6488	6348	6616	6248	6603	6585	6687
FJ825145	5946	6585	6429	6282	6488	6602	6295	6717	6088	6276	6473	5712	6313	6521	6200	6196	0	6523	6139	6554	6379	6283	6510	6664	6655	6476	6570	6815	6063	6453	6353	6549	6014	6364	6105	6353	6553	6528	6565	6229	6339	6335	6517	6566	6519	5969	6454	6402	5929	6018	5968	6585	6374	6619	6288	6060	6276	6473	6662	6544	6268	5547	6538	6563	6460	6166	6453	6461	6511	6856	6359	6287	6484	6524	6175	6629	6478	6467	6677	6548	6600	6395	6569	6215	6332	6252	6435	6511	6043	6275	6549	6568	6519	6598	6402	6488	6503	6592	6166	6448	6447	6478	6453	6523	6516	6565	6249	6567	6471	6379	6328	6390	6614	5955	6497	6727	5471	6161	6300	6091	6462	6361	6704	5662	6378	6345	6373	6404	6431	6401	6091	6220	6491	6682	6088	6323	6129	6554	6408	6482	6866	6437	6054	6390	6533	6324	6484	6084	6574	6408	6402	6560	6599	6618	5941	6278	6137	6333	6497	6424	6558	6584	5894	6060	6507	6430	6084	6609	6216	6120	6414	6435	6794	5632	6529	6053	5758	6395	6544	6465	6482	6289	6380	6093	6273	6546	6206	6461	6341	6665	6068	6574	6568	6720	6549	6478	6147	6550	6473	6653	6411	6157	6499	6694	6348	6426	6616	6299	6397	6562	6927	6448	6417	6284	6226	6470	6533	6649	6441	6391	6549	6157	6408	6538	6479	6486	6549	6259	6413	6548	6597	6528	6973	6540	6200	6598
AB021198	5893	6930	6228	6650	6836	6856	6569	6828	6341	7238	7215	5990	6674	6689	6406	6495	6523	0	6466	6069	6348	6637	7154	6791	7001	6973	6656	6719	6305	6659	6378	7479	6262	6604	6240	6659	6753	6867	6840	6486	6619	6606	6769	7413	6931	6384	6737	6693	6254	6419	6452	6802	6626	6485	6570	6318	6559	6755	6208	6623	6651	5733	6798	6572	6861	6388	6775	6822	7471	6706	6356	6636	6859	6901	6524	6920	7330	6658	6862	6647	6775	6634	6865	6307	6622	6515	6834	6901	6433	6426	7094	7034	6759	6754	6781	7540	7018	6873	6689	6835	7516	7330	6850	6825	6860	6907	6559	6980	6838	6711	6609	6562	6887	6198	6957	6800	6166	6316	6509	6387	6722	6655	6891	5794	6731	6748	6748	6703	6785	6530	6307	6462	6603	6734	6447	6619	6861	6792	6669	7033	6636	6734	7018	6676	6775	6582	7567	6088	6949	6407	6643	6822	6991	7046	6167	6445	6423	7295	6828	6625	6846	6732	6265	6780	6831	7176	6503	6838	6424	6852	6800	6723	6734	5905	6916	6311	6433	6876	6825	6546	6799	6384	6878	6282	6444	6783	6397	6778	6509	6581	6325	6789	6766	6889	6859	6753	6529	7614	7215	7157	5993	6323	6827	6001	6209	6661	6923	6578	6973	6920	6719	6786	6578	6306	6297	6517	6898	6866	6890	6673	6647	6493	6732	7614	6490	6673	6803	6505	7152	6852	6669	7075	6523	6843	6636	6844
LN625239	5965	6599	6164	6702	6730	6436	6578	6449	6462	6486	6415	6128	6488	6478	6514	6421	6139	6466	0	5945	6252	6475	6383	6405	6678	6596	6203	6369	6463	6500	6188	6474	6463	6537	6314	6575	6426	6450	6434	6581	6518	6464	6600	6542	6576	6375	6613	6277	6401	6499	6291	6625	6609	6249	6505	6444	6603	6350	6088	6242	6511	5874	6428	6275	6498	6581	6560	6432	6423	6253	6313	6473	6567	6601	6641	6422	6401	6335	6510	6380	6412	6666	6646	6332	6499	6580	6530	6416	6459	6391	6647	6661	6619	6426	6400	6476	6577	6647	6419	6417	6466	6401	6620	6603	6605	6562	6683	6653	6409	6548	6382	6563	6612	6391	6609	6452	5743	6381	6415	6657	6595	6781	6559	5830	6610	6613	6480	6596	6438	6407	6438	6573	6496	6450	6233	6571	6415	6608	6272	6574	6226	6646	6350	6518	6369	6495	6475	6140	6435	6389	6521	6636	6644	6587	6237	6551	6523	6492	6497	6577	6534	6384	5918	6372	6645	6512	6554	6436	6502	6424	6416	6432	6407	5956	6417	6406	5912	6467	6536	6459	6471	6476	6444	6539	6636	6411	6348	6558	6467	6091	6517	6561	6429	6526	6499	6622	6451	6459	6433	6669	6053	6401	6500	5980	6133	6587	6617	6602	6475	6556	6229	6636	6305	6250	6167	6157	6504	6496	6699	6363	6252	6672	6678	6484	6394	6455	6635	6534	6401	6500	6282	6563	6122	6549	6537	6477
AM492159	6024	6236	6202	6082	6178	6213	5963	6317	5889	6042	6101	5644	6278	6175	6069	6086	6554	6069	5945	0	6192	6097	6113	6322	6281	6103	6327	6464	6054	6139	6317	6110	5877	6168	5852	5993	6209	6138	6226	5953	6042	6141	6187	6154	6172	5926	6181	6073	5843	5942	5870	6201	6032	6342	5963	5882	6171	6130	6558	6276	6051	5560	6160	6205	6088	5995	6273	6060	6087	6412	6135	6121	6124	6206	6010	6292	6097	6230	6308	6154	6330	6126	6206	6150	6091	5972	6163	6138	5936	6169	6223	6192	6216	6229	6054	6075	6127	6247	5889	6037	6019	6097	6084	6196	6170	6227	6173	6233	6097	6208	6174	6163	6264	5918	6133	6377	5314	5942	6135	5968	6102	6228	6315	5555	6079	6113	6124	6080	6064	6057	5984	6005	6340	6291	6003	6065	5858	6251	6011	6131	6482	6161	5915	6036	6261	6204	6077	6100	6159	6245	6143	6212	6260	6253	5688	6116	6036	6013	6133	6283	6185	6201	5541	5983	6170	6070	5955	6222	6124	5849	6079	6060	6434	5511	6116	6008	5372	6082	6111	6265	6242	6064	6060	5953	6114	6155	5856	6233	6073	6459	5977	6170	6268	6354	6329	6150	6052	6112	6085	6283	6486	6025	6079	6171	6380	6152	6294	5980	6064	6284	6553	6077	6081	6265	6313	6148	6215	6286	6112	6070	6390	5930	6070	6122	6296	6308	6187	6194	6076	6139	6316	6156	6812	6192	6025	6244
HM054474	5902	6466	6251	6352	6534	6790	6470	6771	6247	6194	6397	5849	6308	6401	6320	6235	6379	6348	6252	6192	0	6389	6373	6610	6611	6482	6891	6501	6285	6358	6155	6371	6073	6381	6178	6479	6496	6562	6602	6409	6502	6374	6544	6429	6460	6129	6507	6358	6028	6093	5951	6490	6437	6355	6321	6179	6282	6299	6287	6765	6384	5754	6418	6357	6538	6276	6421	6428	6326	6433	6814	6249	6551	6494	6217	6647	6385	6817	6680	6599	6451	6482	6461	6641	6261	6449	6546	6489	6176	6430	6545	6509	6448	6825	6471	6380	6446	6582	6234	6436	6365	6385	6489	6524	6548	6539	6314	6576	6509	6481	6398	6367	6538	6107	6488	6659	5465	6235	6441	6211	6542	6389	6506	5762	6496	6413	6521	6471	6398	6542	6108	6316	6603	6653	6100	6462	6228	6506	6253	6507	6451	6474	6024	6496	6412	6426	6373	6652	6428	6322	6497	6501	6581	6550	5993	6310	6290	6303	6410	6373	6470	6715	5796	6064	6531	6383	6170	6527	6188	6237	6393	6423	6632	5687	6436	6187	5765	6468	6544	6584	6486	6425	6406	6288	6379	6381	6284	6543	6315	6226	6232	6512	6514	6699	6448	6488	6303	6366	6388	6532	6146	6196	6542	5979	6096	6434	6529	6419	6494	6540	6449	6504	6480	6534	6796	6239	6470	6713	6477	6330	7072	6212	6507	6380	6525	6457	6551	6266	6369	6472	6753	6428	6457	6534	6329	6408
KJ461712	5956	6794	6217	6695	6755	6505	6676	6508	6398	6619	6692	6226	6702	6562	6521	6798	6283	6637	6475	6097	6389	0	6625	6477	6865	6693	6349	6444	6496	6564	6231	6638	6408	6619	6272	6506	6550	6615	6629	6512	6589	6641	6729	6596	6790	6448	6633	6537	6399	6394	6402	6735	6622	6316	6573	6423	6727	6449	6180	6441	6701	5879	6593	6388	6650	6543	6741	6608	6595	6406	6260	6557	6704	6746	6575	6561	6705	6415	6523	6470	6679	6640	6782	6324	6548	6494	6715	6638	6476	6384	6729	6846	6661	6463	6612	6658	6665	6684	6547	6570	6637	6705	6624	6791	6724	6639	6518	6645	6582	6868	6523	6677	6784	6435	6717	6552	5802	6397	6560	6551	6746	6629	6568	5831	6625	6755	6729	6654	6520	6339	6432	6657	6590	6513	6386	6656	6617	6713	6438	6752	6367	6713	6465	6592	6653	6605	6656	6197	6598	6474	6625	6755	6731	6736	6334	6621	6497	6644	6623	6717	6569	6415	5978	6414	6821	6564	6541	6600	6507	6599	6853	6608	6518	5972	6570	6432	5888	6650	6541	6515	6677	6408	6622	6553	6716	6540	6321	6719	6453	6229	6456	6452	6529	6550	6587	6688	6649	6630	6683	6809	6069	6461	6530	6022	6232	6658	6780	6618	6656	6778	6354	6743	6511	6394	6335	6266	6710	6602	6735	6492	6488	6569	6824	6664	6516	6604	6771	6664	6699	6592	6491	6720	6307	6678	6762	6652
KY003162	5899	6974	6203	6608	6838	6786	6590	6796	6407	6796	7053	5969	6629	6697	6350	6574	6510	7154	6383	6113	6373	6625	0	6702	6982	6925	6756	6704	6376	6667	6301	7053	6304	6499	6298	6558	6620	6829	6691	6489	6707	6611	6716	7255	6869	6306	6663	6680	6200	6400	6359	6793	6602	6400	6517	6277	6469	6771	6168	6623	6650	5768	6769	6562	6829	6464	6679	6774	7065	6594	6341	6610	6799	6948	6437	6818	7182	6592	6821	6579	6806	6620	6838	6245	6550	6504	6830	6875	6399	6326	7058	6978	6783	6673	6708	7099	6930	6805	7097	6758	7120	7182	6887	6789	6900	6826	6562	6904	6790	6709	6609	6544	6901	6229	6880	6755	5865	6348	6511	6394	6637	6703	6836	5781	6645	6708	6751	6657	6771	6487	6302	6477	6577	6684	6448	6507	6674	6858	6643	6935	6621	6740	6590	6728	6761	6585	7143	6095	6926	6400	6652	6825	7051	7036	6178	6445	6356	6852	6770	6646	6846	6653	6249	6647	6757	7001	6370	6821	6436	6674	6882	6675	6716	5891	6839	6245	6345	6838	6795	6457	6821	6308	6844	6409	6480	6839	6427	6803	6540	6643	6251	6730	6607	6791	6916	6720	6524	7198	7062	7128	5993	6338	6833	5976	6248	6744	6942	6566	6861	6897	6736	6770	6435	6290	6313	6522	7011	6809	6852	6675	6644	6424	6715	7206	6430	6693	6764	6463	7009	6790	6650	7012	6565	6755	6659	6877
AY032601	5878	6751	6317	6554	6726	6981	6494	6984	6327	6520	6672	5854	6486	6616	6481	6371	6664	6791	6405	6322	6610	6477	6702	0	6849	6860	6733	6789	6308	6594	6421	6706	6119	6625	6250	6583	6891	6841	6954	6509	6583	6527	6696	6810	6778	6246	6613	6601	6180	6270	6215	6744	6655	6645	6555	6283	6524	6561	6405	6779	6620	5898	6718	6606	6842	6381	6552	6805	6733	6798	6693	6586	6819	6819	6322	6959	6732	6856	7022	6974	6627	6618	6790	6494	6506	6516	6744	6858	6256	6612	6877	6865	6743	6942	6787	6808	6777	6796	6337	6774	6763	6732	6858	6818	6860	6906	6554	6809	6770	6532	6512	6557	6873	6125	6811	7024	5646	6331	6489	6292	6676	6674	6825	5934	6772	6675	6671	6642	6775	6667	6309	6492	6879	7062	6256	6578	6358	6754	6570	6864	6703	6704	6313	6640	6615	6598	6800	6344	6827	6517	6692	6710	6894	6857	6134	6500	6271	6572	6761	6640	6744	6911	6072	6326	6838	6673	6323	6777	6348	6341	6648	6714	6944	5847	6820	6329	6005	6787	6841	6857	6724	6684	6781	6288	6554	6725	6394	6659	6527	6444	6397	6767	6881	7004	6727	6727	6461	6800	6664	6920	6149	6299	6888	6136	6216	6613	6904	6567	6724	6771	6714	6775	6711	6469	6497	6560	6701	7009	6792	6563	6818	6435	6650	6809	6774	6598	6859	6489	6613	6783	6819	6852	6645	6846	6452	6739
FN995266	6017	7186	6337	6786	7132	6864	6879	6963	6513	6750	7011	6280	6913	6906	6641	6706	6655	7001	6678	6281	6611	6865	6982	6849	0	6976	6763	6864	6625	6849	6428	7024	6613	6811	6488	6822	6826	7039	6849	6732	6933	6839	7075	7063	7047	6538	6916	6806	6478	6451	6396	7182	6890	6593	6833	6545	6850	6798	6292	6657	6761	5938	6898	6676	7006	6686	7015	6855	6974	6783	6537	6841	7074	7143	6655	6936	7012	6731	6962	6762	6947	6951	7203	6441	6708	6742	7023	6880	6489	6503	7140	7100	7070	6817	6931	6995	6970	7039	6606	6821	6927	7012	7029	7099	7095	7037	6737	7063	6966	6902	6678	6869	7261	6417	7089	6955	5819	6523	6717	6761	7019	7011	7072	5905	6895	6871	6962	6938	6826	6663	6505	6836	6776	6876	6629	6844	6642	7085	6763	6952	6656	6993	6554	6815	6892	6807	7015	6284	6951	6576	6912	7178	7194	7190	6523	6749	6654	6831	6908	6973	6992	6790	6200	6549	7119	6929	6562	7119	6775	6624	6939	6815	6872	5960	6902	6515	6169	6951	6935	6673	7034	6468	6946	6625	6818	6868	6602	7050	6686	6593	6553	6975	6839	6968	6955	7001	6724	7026	7002	7206	6117	6484	6888	6072	6361	6989	7188	6941	6923	7192	6708	7101	6654	6388	6469	6579	7047	6934	6986	6735	6834	6745	7114	7053	6600	6921	7129	6818	6931	7029	6695	7026	6676	7027	6769	6897
AB021182	5953	6912	6249	6835	6906	6877	6710	6801	6526	6731	6811	6039	6705	6635	6530	6648	6476	6973	6596	6103	6482	6693	6925	6860	6976	0	6605	6712	6501	6714	6293	6913	6303	6680	6346	6863	6913	6855	6871	6669	6775	6668	6864	7087	6978	6451	6700	6639	6320	6767	6416	6855	6747	6537	6631	6406	6630	6672	6263	6758	6759	5835	6751	6683	6979	6476	6685	6857	6916	6616	6484	6555	6991	6958	6605	6872	6862	6690	6867	6765	6658	6751	6863	6360	6645	6595	6861	6893	6476	6502	7099	7143	6905	6840	6706	7009	6970	6927	6599	6842	6987	6862	7003	6963	6922	6936	6679	6869	6799	6808	6660	6688	6969	6356	6916	6864	5828	6375	6607	6496	6866	6713	6852	5853	6720	6753	6897	6775	6916	6554	6503	6571	6720	6776	6342	6695	6532	6789	6628	7078	6659	6794	6551	6857	6666	6702	7001	6210	6846	6452	6750	6899	6946	7035	6267	6572	6368	6821	6806	6692	6881	6747	6214	6638	6950	6961	6576	6769	6495	6515	6892	6769	6752	5916	6853	6399	6258	6940	6787	6633	6916	6473	6872	6443	6624	6708	6458	6889	6640	6471	6446	6753	6869	6865	6789	6792	6664	6984	6803	7169	6089	6410	6852	5959	6304	6843	6942	6724	6932	6992	6662	6940	6634	6421	6382	6508	6783	6936	7100	6712	6684	6570	6828	7009	6594	6690	6937	6624	6754	6793	6777	7077	6539	6933	6588	6967
HQ620634	5925	6804	6268	6348	6624	6888	6453	6870	6223	6306	6610	5839	6427	6595	6267	6272	6570	6656	6203	6327	6891	6349	6756	6733	6763	6605	0	6748	6304	6433	6197	6544	6064	6434	6168	6476	6655	6674	6770	6386	6561	6406	6606	6807	6607	6117	6497	6475	6005	6092	5945	6606	6438	6342	6401	6142	6347	6781	6305	6813	6450	5621	6522	6539	6627	6257	6575	6526	6566	6495	6700	6342	6713	6689	6168	6949	6689	7027	6849	6650	6719	6471	6621	6723	6317	6359	6659	6687	6217	6385	6900	6679	6628	6861	6478	6609	6600	6738	6248	6548	6605	6689	6633	6674	6702	6762	6334	6743	6622	6542	6533	6452	6697	6037	6697	6850	5461	6296	6421	6217	6527	6547	6672	5757	6507	6451	6562	6467	6581	6520	6131	6305	6641	6765	6171	6397	6222	6638	6430	6594	6518	6545	6096	6505	6654	6486	6651	6594	6696	6311	6449	6670	6905	6897	5985	6367	6199	6369	6593	6513	6759	6752	5947	6180	6641	6526	6085	6667	6294	6222	6588	6427	6823	5618	6629	6153	5970	6589	6569	6555	6651	6396	6537	6292	6331	6636	6348	6661	6362	6604	6165	6610	6638	6871	6832	6535	6293	6705	6601	6876	6116	6243	6591	5984	6150	6562	6797	6433	6496	6765	6654	6549	6510	6470	6765	6402	6642	6812	6587	6618	7112	6181	6507	6739	6563	6651	6663	6341	6510	6631	6811	6709	6631	6684	6296	6705
AB043864	5999	6778	6385	6516	6687	6794	6486	6983	6237	6474	6713	5928	6502	6635	6377	6340	6815	6719	6369	6464	6501	6444	6704	6789	6864	6712	6748	0	6256	6662	6416	6711	6135	6466	6239	6552	6768	6724	6717	6421	6497	6494	6693	6792	6732	6202	6688	6635	6188	6230	6164	6772	6615	6634	6465	6300	6448	6625	6432	6621	6540	5695	6744	6989	6703	6263	6532	6650	6693	6814	6513	6450	6635	6749	6326	6782	6700	6681	6884	6718	6749	6623	6878	6382	6564	6434	6692	6692	6198	6389	6813	6787	6778	6773	6616	6697	6732	6674	6284	6665	6641	6700	6708	6716	6649	6700	6502	6848	6689	6581	6404	6586	6832	6226	6781	6972	5568	6319	6449	6297	6613	6661	6812	5837	6590	6577	6642	6651	6677	6568	6234	6411	6671	6871	6304	6503	6347	6659	6602	6729	6758	6579	6291	6534	6713	6508	6697	6246	6777	6386	6629	6799	6773	6746	6110	6446	6352	6529	6663	6614	6743	6726	6028	6311	6707	6659	6288	6816	6426	6338	6582	6605	6933	5818	6746	6195	5912	6678	6696	6659	6704	6407	6633	6179	6443	6759	6386	6612	6535	6591	6261	6733	6772	6851	6731	6620	6383	6729	6713	6878	6230	6218	6671	6174	6285	6603	6824	6512	6614	6742	6814	6651	6511	6365	6454	6547	6837	6857	6682	6542	6810	6398	6645	6761	6597	6640	6775	6415	6623	6706	6681	6786	6824	6665	6490	6702
AJ535639	5946	6725	6017	6580	6628	6364	6598	6333	6301	6316	6397	6099	6513	6498	6465	6524	6063	6305	6463	6054	6285	6496	6376	6308	6625	6501	6304	6256	0	6433	6103	6308	6330	6541	6288	6463	6298	6392	6286	6607	6922	6503	6551	6380	6524	6315	6450	6246	6324	6317	6231	6570	6481	6135	6316	6309	6574	6374	5947	6269	6469	5853	6353	6205	6461	6441	6545	6354	6285	6141	6259	6400	6575	6617	6427	6316	6412	6326	6360	6208	6433	6595	6573	6279	6353	6390	6561	6363	6362	6303	6638	6585	6545	6311	6367	6332	6480	6544	6285	6351	6329	6412	6536	6588	6596	6570	6562	6448	6391	6562	6432	6543	6621	6303	6545	6344	5601	6365	6423	6492	6491	6639	6411	5686	6504	6516	6523	6537	6413	6161	6417	6427	6348	6257	6273	6582	6308	6596	6192	6492	6140	6596	6234	6471	6402	6527	6333	6184	6353	6344	6393	6578	6625	6620	6168	6449	6392	6324	6444	6585	6496	6309	5777	6298	6624	6351	6362	6377	6452	6290	6480	6354	6269	5814	6351	6338	5698	6456	6403	6273	6449	6260	6415	6621	6549	6345	6267	6545	6351	6093	6468	6445	6282	6404	6551	6565	6497	6313	6388	6621	5935	6374	6379	5840	6160	6562	6613	6456	6406	6541	6129	6560	6184	6272	6285	6157	6491	6376	6652	6418	6349	6411	6590	6333	6307	6532	6590	6555	6412	6392	6283	6453	6159	6549	6488	6491
AB245380	5883	6889	6140	6645	6816	6501	6658	6593	6316	6501	6765	6030	6607	6693	6490	6530	6453	6659	6500	6139	6358	6564	6667	6594	6849	6714	6433	6662	6433	0	6136	6659	6257	6656	6409	6516	6602	6755	6585	6557	6634	6610	6754	6722	6722	6332	6722	6566	6375	6330	6197	6842	6630	6336	6608	6484	6644	6565	6166	6364	6564	5827	6860	6531	6738	6511	6656	6818	6621	6498	6374	6563	6818	6812	6409	6579	6769	6433	6644	6469	6696	6763	6788	6216	6628	6619	6846	6837	6235	6266	6757	6795	6712	6475	6630	6678	6682	6726	6429	6786	6644	6769	6743	6858	6821	6841	6458	6824	6715	6666	6512	6734	6818	6428	6899	6608	5662	6364	6524	6481	6701	6710	6813	5652	6680	6738	6765	6854	6580	6396	6333	6607	6533	6566	6353	6675	6536	6825	6667	6682	6434	6764	6315	6577	6654	6651	6692	6068	6865	6392	6637	6926	6884	6852	6270	6558	6485	6577	6761	6701	6650	6447	6024	6372	6865	6683	6327	6758	6495	6518	6721	6818	6597	6034	6846	6299	5963	6694	6785	6427	6729	6256	6687	6436	6639	7045	6432	6759	6959	6342	6418	6710	6589	6585	6734	6791	6506	6661	6765	6805	6002	6387	6735	5946	6163	6660	6920	6630	6632	6839	6446	6775	6448	6170	6223	6458	6751	6581	6781	6558	6510	6449	6789	6684	6397	6706	6837	6568	6742	6674	6432	6749	6391	6811	6524	6645
AJ605773	5878	6299	6284	6228	6356	6386	6080	6402	6059	6330	6297	5769	6359	6172	6157	6141	6353	6378	6188	6317	6155	6231	6301	6421	6428	6293	6197	6416	6103	6136	0	6389	6104	6341	5807	6079	6363	6375	6408	6046	6115	6137	6319	6398	6300	6075	6417	6212	6023	6108	6218	6304	6165	6540	6060	6038	6320	6115	6215	6266	6237	5695	6352	6196	6251	6032	6308	6285	6351	6618	6092	6302	6265	6260	6302	6443	6282	6228	6458	6329	6253	6219	6329	6171	6258	6233	6348	6297	6011	6359	6327	6348	6297	6398	6206	6347	6432	6351	6104	6240	6307	6282	6364	6295	6228	6398	6350	6473	6343	6218	6088	6193	6422	6004	6332	6485	5516	6082	6041	6151	6227	6338	6447	5798	6288	6358	6290	6265	6155	6203	6156	6133	6469	6433	6193	6232	6085	6295	6178	6466	6526	6241	6220	6235	6249	6171	6370	6101	6343	6418	6287	6342	6324	6334	5837	6175	6241	6303	6234	6346	6356	6397	5658	6198	6285	6333	6188	6413	6219	6086	6135	6285	6442	5750	6316	6145	5510	6328	6427	6394	6267	6270	6290	5973	6209	6195	5978	6239	6114	6207	6145	6329	6407	6573	6229	6183	6201	6380	6307	6429	6166	6018	6370	6047	6258	6276	6387	6194	6331	6316	6590	6215	6260	6253	6224	6074	6332	6472	6267	6088	6302	6142	6217	6362	6297	6213	6322	6308	6262	6265	6284	6363	6467	6378	6237	6319
KU836854	5902	6835	6253	6660	6854	6722	6570	6832	6336	7229	7201	5973	6709	6671	6395	6502	6549	7479	6474	6110	6371	6638	7053	6706	7024	6913	6544	6711	6308	6659	6389	0	6280	6596	6249	6651	6683	6814	6757	6487	6622	6624	6786	7330	6915	6385	6763	6693	6255	6429	6478	6827	6626	6512	6499	6318	6558	6627	6194	6558	6642	5742	6832	6519	6782	6415	6818	6752	7439	6697	6370	6650	6795	6816	6551	6832	7239	6595	6801	6573	6792	6638	6885	6317	6638	6523	6841	6780	6441	6435	6998	6973	6786	6666	6780	7445	6942	6830	6698	6718	7381	7239	6789	6755	6794	6784	6559	6882	6758	6729	6617	6564	6898	6201	6842	6796	6166	6308	6526	6405	6729	6685	6921	5801	6748	6729	6755	6703	6680	6539	6317	6462	6595	6726	6447	6618	6852	6837	6675	6974	6599	6734	7009	6676	6810	6591	7450	6096	6857	6431	6645	6847	6884	6927	6177	6436	6441	7295	6682	6649	6799	6647	6157	6788	6761	7203	6494	6856	6433	6843	6711	6732	6741	5914	6799	6312	6316	6791	6825	6538	6805	6377	6793	6284	6444	6681	6379	6796	6517	6513	6307	6839	6705	6875	6764	6753	6536	7495	7201	7060	6002	6348	6757	6010	6229	6660	6798	6578	6940	6918	6651	6718	6589	6303	6316	6437	6891	6793	6835	6587	6632	6509	6732	7504	6495	6715	6778	6505	7179	6850	6596	6942	6542	6765	6618	6747
AY904032	5903	6450	6066	6319	6622	6179	6447	6191	6236	6244	6274	6188	6461	6296	6308	6321	6014	6262	6463	5877	6073	6408	6304	6119	6613	6303	6064	6135	6330	6257	6104	6280	0	6368	6174	6254	6166	6386	6203	6344	6328	6296	6443	6320	6377	6306	6411	6114	6271	6242	6301	6464	6396	6059	6357	6255	6503	6143	5955	6035	6255	5898	6274	6032	6378	6453	6452	6274	6240	6155	6100	6364	6416	6463	6433	6186	6279	6142	6292	6112	6287	6449	6475	6101	6294	6337	6351	6249	6287	6180	6337	6447	6366	6150	6328	6253	6409	6392	6323	6238	6280	6279	6393	6474	6440	6383	6422	6413	6384	6370	6183	6369	6473	6286	6404	6189	5653	6187	6239	6620	6425	6441	6368	5831	6320	6401	6386	6418	6205	6213	6318	6457	6234	6090	6320	6383	6292	6456	6126	6361	6143	6452	6245	6277	6276	6301	6254	6062	6274	6301	6357	6503	6461	6517	6154	6401	6462	6245	6335	6424	6269	6140	5815	6276	6458	6273	6398	6397	6428	6274	6291	6274	6129	5999	6238	6315	5707	6361	6312	6097	6326	6216	6348	6396	6475	6208	6171	6388	6184	5960	6322	6249	6186	6276	6290	6402	6336	6262	6283	6437	5986	6203	6286	5924	6026	6477	6471	6567	6314	6418	6124	6432	6083	6058	5997	5950	6437	6310	6341	6180	6076	6434	6560	6254	6120	6283	6480	6475	6279	6254	6048	6281	6062	6423	6438	6261
