LK021687	0	6740	6518	6750	6853	6966
KC762321	6740	0	6770	6965	6718	6692
KR048277	6518	6770	0	6814	6702	6627
AJ564643	6750	6965	6814	0	6828	6841
KF976732	6853	6718	6702	6828	0	6960
EU685336	6966	6692	6627	6841	6960	0
