AY694002	0	6613	6566	6473	6229	6624	6370	6629	6425	6213	6618
AY694003	6613	0	6717	6537	6359	6804	6533	6692	6579	6232	6853
KJ461691	6566	6717	0	6772	6415	7122	6808	6925	6644	6355	7001
KJ508751	6473	6537	6772	0	6431	6821	6723	6717	6630	6371	6786
AY694004	6229	6359	6415	6431	0	6532	6545	6448	6757	6204	6431
FJ716799	6624	6804	7122	6821	6532	0	6839	7097	6758	6410	7108
KJ801961	6370	6533	6808	6723	6545	6839	0	6775	6798	6566	6779
EU021217	6629	6692	6925	6717	6448	7097	6775	0	6658	6339	6961
AY694005	6425	6579	6644	6630	6757	6758	6798	6658	0	6411	6622
AY651070	6213	6232	6355	6371	6204	6410	6566	6339	6411	0	6359
JN885199	6618	6853	7001	6786	6431	7108	6779	6961	6622	6359	0
