HM626177	0	6422	6266	6155	6185	6231	6369	6182	6228	6407	5833	5905
AB571656	6422	0	6682	6578	6540	6762	7049	6315	6759	7031	5858	5870
X85101	6266	6682	0	6406	6722	6803	6386	6290	6729	6660	5990	6000
X95624	6155	6578	6406	0	6432	6496	6357	6166	6570	6530	5742	5828
EF036467	6185	6540	6722	6432	0	6650	6238	6264	6642	6490	5856	5976
AB439724	6231	6762	6803	6496	6650	0	6519	6492	6790	6687	5945	5887
L76595	6369	7049	6386	6357	6238	6519	0	6229	6459	6686	5838	5836
KR364746	6182	6315	6290	6166	6264	6492	6229	0	6404	6215	5844	5867
X94965	6228	6759	6729	6570	6642	6790	6459	6404	0	6649	5899	5924
AB534168	6407	7031	6660	6530	6490	6687	6686	6215	6649	0	5796	5792
HM626178	5833	5858	5990	5742	5856	5945	5838	5844	5899	5796	0	5822
AJ133124	5905	5870	6000	5828	5976	5887	5836	5867	5924	5792	5822	0
