U04820	0	6984	7498	7205	6654	6979	7481	7237	7428	7187	7414	6672	6645	7175	7046
LC053647	6984	0	7049	6882	6616	7255	7049	7046	7048	6900	7057	6655	6607	6879	7149
JHEP02000033	7498	7049	0	7173	6711	7044	7592	7259	7491	7209	7529	6737	6702	7188	7113
U04950	7205	6882	7173	0	6644	6877	7152	6915	7080	7232	7064	6662	6635	7219	6928
EU082135	6654	6616	6711	6644	0	6618	6711	6673	6682	6680	6674	6826	6862	6659	6693
LC053656	6979	7255	7044	6877	6618	0	7044	7041	7051	6895	7052	6650	6609	6874	7165
AF177667	7481	7049	7592	7152	6711	7044	0	7259	7491	7188	7511	6737	6702	7167	7113
AJ249861	7237	7046	7259	6915	6673	7041	7259	0	7242	6942	7231	6702	6664	6921	7110
AJ277798	7428	7048	7491	7080	6682	7051	7491	7242	0	7098	7473	6700	6674	7086	7108
U04949	7187	6900	7209	7232	6680	6895	7188	6942	7098	0	7100	6698	6671	7247	6964
AF177666	7414	7057	7529	7064	6674	7052	7511	7231	7473	7100	0	6700	6665	7079	7085
EU082162	6672	6655	6737	6662	6826	6650	6737	6702	6700	6698	6700	0	6817	6677	6712
KF601914	6645	6607	6702	6635	6862	6609	6702	6664	6674	6671	6665	6817	0	6650	6685
U04948	7175	6879	7188	7219	6659	6874	7167	6921	7086	7247	7079	6677	6650	0	6952
LC053650	7046	7149	7113	6928	6693	7165	7113	7110	7108	6964	7085	6712	6685	6952	0
