FR733687	0	6712	6720	7471	6008	7451	6516	6388	6789	6745	7094
D67022	6712	0	6458	6722	6001	6675	6518	6354	6668	6720	6405
EU081285	6720	6458	0	6711	6025	6730	6385	6117	6492	6484	6397
X98232	7471	6722	6711	0	6024	7457	6507	6403	6818	6745	7114
AB111849	6008	6001	6025	6024	0	6007	6024	6042	6031	6007	6111
X98228	7451	6675	6730	7457	6007	0	6534	6360	6807	6754	7138
KP972468	6516	6518	6385	6507	6024	6534	0	6149	6507	6543	6201
D45192	6388	6354	6117	6403	6042	6360	6149	0	6385	6396	6601
AB529509	6789	6668	6492	6818	6031	6807	6507	6385	0	6727	6517
D67023	6745	6720	6484	6745	6007	6754	6543	6396	6727	0	6441
U42286	7094	6405	6397	7114	6111	7138	6201	6601	6517	6441	0
