AJ537574	0	6874	6726	6602	6719	6878	6783	6725	6769	6736	6743	6501	6820	6757	6686	6793	6786	6453	6796
X91033	6874	0	6889	6956	7043	6992	7022	6807	7151	7018	7081	6647	7206	6785	6957	7174	7093	6834	6949
AB537169	6726	6889	0	6783	6829	6906	7180	6666	6963	7103	6973	6822	7009	6931	7235	6910	6955	6697	6806
DQ822566	6602	6956	6783	0	6924	6846	6843	6688	6870	6875	6899	6609	6890	6603	6891	6821	6932	6758	6789
EF125186	6719	7043	6829	6924	0	6893	6893	6739	6913	6902	6953	6654	6979	6679	6915	6829	6864	6775	6813
GQ339911	6878	6992	6906	6846	6893	0	6873	6871	6830	6866	6930	6679	6896	6782	6902	6937	6980	6637	7015
EU937750	6783	7022	7180	6843	6893	6873	0	6664	7050	7175	7052	6803	7123	6906	7213	7033	7078	6784	6805
KM073966	6725	6807	6666	6688	6739	6871	6664	0	6709	6672	6661	6626	6706	6619	6659	6740	6731	6492	7056
X91657	6769	7151	6963	6870	6913	6830	7050	6709	0	7017	7033	6704	7368	6767	7022	6859	6959	6790	6825
X83810	6736	7018	7103	6875	6902	6866	7175	6672	7017	0	7082	6837	7056	6891	7175	6988	7032	6799	6813
AJ415378	6743	7081	6973	6899	6953	6930	7052	6661	7033	7082	0	6680	7122	6793	7081	6873	6953	6898	6804
KC876052	6501	6647	6822	6609	6654	6679	6803	6626	6704	6837	6680	0	6655	6706	6817	6662	6673	6581	6704
X91031	6820	7206	7009	6890	6979	6896	7123	6706	7368	7056	7122	6655	0	6795	7077	6931	7015	6827	6847
KF701619	6757	6785	6931	6603	6679	6782	6906	6619	6767	6891	6793	6706	6795	0	6906	6762	6764	6504	6705
AJ415377	6686	6957	7235	6891	6915	6902	7213	6659	7022	7175	7081	6817	7077	6906	0	6931	6976	6805	6802
JX398975	6793	7174	6910	6821	6829	6937	7033	6740	6859	6988	6873	6662	6931	6762	6931	0	7089	6599	6882
KJ934258	6786	7093	6955	6932	6864	6980	7078	6731	6959	7032	6953	6673	7015	6764	6976	7089	0	6684	6872
AJ415384	6453	6834	6697	6758	6775	6637	6784	6492	6790	6799	6898	6581	6827	6504	6805	6599	6684	0	6573
AJ415376	6796	6949	6806	6789	6813	7015	6805	7056	6825	6813	6804	6704	6847	6705	6802	6882	6872	6573	0
