AJ227787	0	6749	6834	6635	6738	6967	6750	6769	6981	6330	6906	6800	6649	6812	6827	6707	6739	6560	6814	6519	6216	6348	6579	6022	6798	6718	6972	6884
HM777012	6749	0	6729	6687	6633	6695	6742	6634	6742	6236	6826	6692	6634	6683	6638	6560	6629	6567	6821	6393	6212	6445	6668	6072	6803	6677	6751	6830
KC733808	6834	6729	0	6681	6541	6739	6603	6576	6789	6247	6890	6637	6551	6708	6689	6494	6644	6495	6640	6418	6204	6283	6514	6045	6597	6543	6816	6674
LN651199	6635	6687	6681	0	6549	6574	6570	6610	6624	6281	6669	6680	6561	6646	6510	6538	6652	6514	6575	6424	6166	6280	6499	5962	6628	6542	6651	6622
AJ227798	6738	6633	6541	6549	0	6746	6867	6873	6796	6382	6725	6712	6755	6830	6783	6782	6696	6422	6742	6463	6148	6436	6638	6005	6839	6892	6791	6710
AJ227801	6967	6695	6739	6574	6746	0	6761	6777	7030	6306	6938	6813	6658	6766	6801	6715	6734	6540	6802	6507	6182	6341	6527	6022	6719	6728	7003	6774
AJ227783	6750	6742	6603	6570	6867	6761	0	6793	6808	6304	6716	6702	6640	6765	6853	6658	6664	6502	6899	6454	6155	6517	6709	6041	6865	6921	6781	6798
D12785	6769	6634	6576	6610	6873	6777	6793	0	6791	6471	6736	6763	6791	6767	6701	6837	6709	6463	6712	6543	6228	6419	6653	6110	6805	6836	6782	6676
AJ227786	6981	6742	6789	6624	6796	7030	6808	6791	0	6356	6988	6863	6698	6816	6851	6729	6784	6587	6849	6557	6232	6388	6574	6063	6766	6775	7053	6821
FR775448	6330	6236	6247	6281	6382	6306	6304	6471	6356	0	6341	6437	6460	6347	6293	6458	6410	6223	6250	6352	6186	6322	6343	5947	6359	6345	6343	6256
AB071954	6906	6826	6890	6669	6725	6938	6716	6736	6988	6341	0	6788	6704	6741	6759	6654	6709	6612	6765	6537	6300	6360	6554	6139	6691	6700	7014	6746
FJ544245	6800	6692	6637	6680	6712	6813	6702	6763	6863	6437	6788	0	6873	6742	6682	6857	6948	6533	6736	6604	6311	6256	6492	6059	6725	6720	6854	6752
AB021415	6649	6634	6551	6561	6755	6658	6640	6791	6698	6460	6704	6873	0	6738	6590	6889	6837	6389	6598	6542	6332	6290	6517	6083	6734	6692	6689	6602
AJ227797	6812	6683	6708	6646	6830	6766	6765	6767	6816	6347	6741	6742	6738	0	6757	6770	6733	6396	6740	6448	6171	6434	6659	5977	6877	6808	6807	6746
AJ227782	6827	6638	6689	6510	6783	6801	6853	6701	6851	6293	6759	6682	6590	6757	0	6618	6662	6448	6780	6506	6188	6378	6533	6020	6707	6728	6824	6713
DQ335215	6707	6560	6494	6538	6782	6715	6658	6837	6729	6458	6654	6857	6889	6770	6618	0	6824	6408	6640	6512	6235	6307	6559	6035	6752	6713	6720	6666
AJ227779	6739	6629	6644	6652	6696	6734	6664	6709	6784	6410	6709	6948	6837	6733	6662	6824	0	6445	6681	6551	6250	6247	6474	5996	6673	6658	6775	6673
DQ372984	6560	6567	6495	6514	6422	6540	6502	6463	6587	6223	6612	6533	6389	6396	6448	6408	6445	0	6545	6553	6209	6250	6462	5931	6534	6496	6614	6572
AJ227785	6814	6821	6640	6575	6742	6802	6899	6712	6849	6250	6765	6736	6598	6740	6780	6640	6681	6545	0	6429	6115	6562	6770	5984	6836	6840	6831	6876
AB688113	6519	6393	6418	6424	6463	6507	6454	6543	6557	6352	6537	6604	6542	6448	6506	6512	6551	6553	6429	0	6636	6199	6426	6000	6442	6428	6539	6400
KX898252	6216	6212	6204	6166	6148	6182	6155	6228	6232	6186	6300	6311	6332	6171	6188	6235	6250	6209	6115	6636	0	6019	6130	6065	6153	6113	6214	6123
EU143355	6348	6445	6283	6280	6436	6341	6517	6419	6388	6322	6360	6256	6290	6434	6378	6307	6247	6250	6562	6199	6019	0	6575	5863	6521	6525	6361	6420
AB899817	6579	6668	6514	6499	6638	6527	6709	6653	6574	6343	6554	6492	6517	6659	6533	6559	6474	6462	6770	6426	6130	6575	0	5972	6781	6726	6556	6670
M83810	6022	6072	6045	5962	6005	6022	6041	6110	6063	5947	6139	6059	6083	5977	6020	6035	5996	5931	5984	6000	6065	5863	5972	0	6006	5997	6045	5982
EF363713	6798	6803	6597	6628	6839	6719	6865	6805	6766	6359	6691	6725	6734	6877	6707	6752	6673	6534	6836	6442	6153	6521	6781	6006	0	6918	6757	6923
AJ227784	6718	6677	6543	6542	6892	6728	6921	6836	6775	6345	6700	6720	6692	6808	6728	6713	6658	6496	6840	6428	6113	6525	6726	5997	6918	0	6766	6802
AJ227780	6972	6751	6816	6651	6791	7003	6781	6782	7053	6343	7014	6854	6689	6807	6824	6720	6775	6614	6831	6539	6214	6361	6556	6045	6757	6766	0	6812
AY971368	6884	6830	6674	6622	6710	6774	6798	6676	6821	6256	6746	6752	6602	6746	6713	6666	6673	6572	6876	6400	6123	6420	6670	5982	6923	6802	6812	0
