AJ233404	0	7427	7403	7119	7410	7421	7458
AJ233406	7427	0	7377	7101	7407	7418	7431
AJ233403	7403	7377	0	7128	7412	7405	7430
AJ233402	7119	7101	7128	0	7119	7139	7146
AJ233401	7410	7407	7412	7119	0	7482	7413
AJ233400	7421	7418	7405	7139	7482	0	7442
AJ233405	7458	7431	7430	7146	7413	7442	0
