AY949193	0	6657	6490	6699	6772	6648	6546	6532	6550	6809	6682	6677
JN256678	6657	0	6911	7319	6619	7266	7002	6873	7178	6923	7102	7304
U96935	6490	6911	0	6879	6407	6995	7006	6886	6826	6860	7084	6933
HM802212	6699	7319	6879	0	6661	7301	6982	6871	7127	6965	7112	7247
AY949196	6772	6619	6407	6661	0	6609	6570	6574	6486	6712	6603	6611
HG324048	6648	7266	6995	7301	6609	0	7029	6921	7157	6969	7186	7231
AF512827	6546	7002	7006	6982	6570	7029	0	7129	6930	6918	7070	7013
AY154367	6532	6873	6886	6871	6574	6921	7129	0	6848	6897	6973	6872
KF155693	6550	7178	6826	7127	6486	7157	6930	6848	0	6863	6984	7186
HE981726	6809	6923	6860	6965	6712	6969	6918	6897	6863	0	7042	6933
HE981727	6682	7102	7084	7112	6603	7186	7070	6973	6984	7042	0	7100
KJ400396	6677	7304	6933	7247	6611	7231	7013	6872	7186	6933	7100	0
