X82842	0	7391	7139	6652	7091	7290	6945	7174	7186
AJ004811	7391	0	7105	6614	7050	7238	7033	7208	7177
L09178	7139	7105	0	6854	7048	7244	6693	7097	7168
JX280492	6652	6614	6854	0	6676	6647	6601	6644	6668
EF100908	7091	7050	7048	6676	0	7218	6849	7194	7092
CP001393	7290	7238	7244	6647	7218	0	6836	7294	7226
AY772476	6945	7033	6693	6601	6849	6836	0	6873	6786
EF100909	7174	7208	7097	6644	7194	7294	6873	0	7173
U80596	7186	7177	7168	6668	7092	7226	6786	7173	0
