GU723692	0	6501	6111	6555	6398	6290	6103	6813	6757
AF181848	6501	0	6076	6686	6479	6957	6181	6597	6414
JN648101	6111	6076	0	5826	5781	6158	5678	5674	5729
X75788	6555	6686	5826	0	6946	6464	6705	6852	6582
AF104215	6398	6479	5781	6946	0	6372	6661	6498	6441
FM244718	6290	6957	6158	6464	6372	0	6193	6382	6412
X90488	6103	6181	5678	6705	6661	6193	0	6255	6194
L09187	6813	6597	5674	6852	6498	6382	6255	0	6974
EU409943	6757	6414	5729	6582	6441	6412	6194	6974	0
