EU873313	0	6936	6916	6978	6681	6856
AJ005447	6936	0	7169	6906	6628	7047
U82826	6916	7169	0	6876	6667	7080
AB166879	6978	6906	6876	0	6599	6846
JQ319891	6681	6628	6667	6599	0	6635
GQ241321	6856	7047	7080	6846	6635	0
