AJ294717	0	7009	7044	7139	7008	6855	7177
AJ294716	7009	0	6936	6980	6922	6731	7025
X93201	7044	6936	0	7068	6982	6992	7126
AB588635	7139	6980	7068	0	7008	6858	7134
AB024701	7008	6922	6982	7008	0	6907	7012
FJ715941	6855	6731	6992	6858	6907	0	6917
AB588634	7177	7025	7126	7134	7012	6917	0
