KP208837	0	7372	7442	7122	7337	7290	7485
KJ522750	7372	0	7364	7019	7223	7322	7380
AB200232	7442	7364	0	7105	7320	7303	7474
AF152107	7122	7019	7105	0	7091	7034	7106
AB200231	7337	7223	7320	7091	0	7241	7340
AB200233	7290	7322	7303	7034	7241	0	7288
AF152106	7485	7380	7474	7106	7340	7288	0
