KX792139	0	6316	6774	7001	6653	6890	6652	6721	6711	6204
KF360052	6316	0	6346	6374	6283	6358	6425	6589	6474	6438
KR086403	6774	6346	0	6853	6488	6836	6598	6627	6690	6315
AJ009957	7001	6374	6853	0	6577	7059	6732	6854	6832	6326
AJ227758	6653	6283	6488	6577	0	6542	6433	6432	6380	6127
AB023427	6890	6358	6836	7059	6542	0	6665	6750	6732	6310
AB271055	6652	6425	6598	6732	6433	6665	0	6715	6724	6403
AJ227774	6721	6589	6627	6854	6432	6750	6715	0	6812	6428
AJ227759	6711	6474	6690	6832	6380	6732	6724	6812	0	6485
JX861096	6204	6438	6315	6326	6127	6310	6403	6428	6485	0
