HM997022	0	6657	6470	6643	6586	6734	6606	6539	6856
KP272156	6657	0	6634	6686	6621	6705	6489	6345	6665
FJ436725	6470	6634	0	6510	6502	6615	6427	6169	6488
KR349442	6643	6686	6510	0	6981	7046	6630	6234	6905
EU440950	6586	6621	6502	6981	0	6860	6645	6236	6820
KT852989	6734	6705	6615	7046	6860	0	6618	6294	6954
KF356415	6606	6489	6427	6630	6645	6618	0	6229	6608
KF146343	6539	6345	6169	6234	6236	6294	6229	0	6379
FJ535354	6856	6665	6488	6905	6820	6954	6608	6379	0
