AJ294349	0	6376	6311	6485	6455	6395
DQ322070	6376	0	6702	6433	6881	6746
KF056991	6311	6702	0	6537	6897	6843
KJ469373	6485	6433	6537	0	6691	6718
EF584507	6455	6881	6897	6691	0	7011
KP994349	6395	6746	6843	6718	7011	0
