X87219	0	6760	6874	6920	6766	6768	6785	6880
AY373448	6760	0	6989	7055	6905	6856	7043	7029
AB021386	6874	6989	0	7349	7175	6896	7144	7327
AJ295143	6920	7055	7349	0	7358	6894	7312	7414
AJ295144	6766	6905	7175	7358	0	7196	7217	7136
CP000285	6768	6856	6896	6894	7196	0	6909	6841
AJ277205	6785	7043	7144	7312	7217	6909	0	7269
AB105159	6880	7029	7327	7414	7136	6841	7269	0
