AE016825	0	7042	6787	7028	6861	7071	7164	6805	6786
KF137653	7042	0	6996	6950	6912	6804	7283	6881	6861
DQ785104	6787	6996	0	6635	6982	6708	7137	6885	7093
AY344056	7028	6950	6635	0	6822	6822	6955	6819	6670
JN210566	6861	6912	6982	6822	0	6680	6934	7124	7020
AJ871128	7071	6804	6708	6822	6680	0	6904	6628	6697
JN120869	7164	7283	7137	6955	6934	6904	0	6872	6874
EU109734	6805	6881	6885	6819	7124	6628	6872	0	6923
KT951843	6786	6861	7093	6670	7020	6697	6874	6923	0
