JX100822	0	6745	6798	6729	6668	6606	6673	6714	6771	6751	6661	6676	6607	6530	6807	6912	6499	6647	6743	6655	6800	6872	6814	6727	6588	6328	6647	6850	6814	6904	6700	6487	7040	6662	6323	6704	6823	6569	6777	6498	6755	6909	6806	6767	6343	7057	6675	6708	6732	6751	6686	6770	6179	6623	6764	6606	6593	6645	6899	6944	6093	6810	6758	6598	6592	6906	6790	6655	6637	6901	6965	6915	6861	6715	6878	7059	6621	6745	6784	6736	6730	6867	7043	6874	6606	6032	6566	6755	6720	6845	6745	6736	6642	6957	6850	6646	6589	6711	6702	6683	6490	6682	6794	6694	6765	6723
AM040439	6745	0	6663	6632	6587	6785	6699	6772	6834	6690	6566	6769	6364	6524	6759	6895	6661	6791	6853	6825	6584	6895	6942	6778	6675	6361	6631	6924	6737	6738	6572	6620	6676	6733	6170	6697	6918	6549	6770	6482	6846	6927	6726	6716	6405	6842	6638	6766	6718	6932	6466	6879	6516	6687	6797	6819	6560	6792	6859	6663	5941	6475	6744	6510	6486	6723	6719	6595	6377	6682	6600	6676	6550	6539	6852	6845	6419	6727	6711	6837	6741	6599	6809	6917	6350	6058	6558	6643	6651	6920	6819	6839	6598	6863	6713	6730	6635	7176	6734	6784	6339	6631	6727	6463	6584	6681
FR871429	6798	6663	0	6526	6484	6504	6553	6620	6607	6573	6424	6505	6461	6314	6555	6677	6468	6504	6539	6503	6747	6658	6753	6558	6471	6320	6583	6651	6609	6795	6494	6328	6771	6583	6216	6522	6587	6555	6603	6489	6524	6681	6552	6564	6366	6886	6601	6505	6579	6558	6678	6524	6220	6488	6615	6551	6484	6565	6743	6656	6041	6688	6513	6490	6359	6678	6563	6544	6548	6860	6714	6702	6726	6472	6693	6793	6664	6513	6595	6612	6558	6708	6717	6702	6444	6050	6380	6566	6544	6522	6567	6530	6478	6708	6628	6499	6509	6657	6512	6502	6567	6469	6604	6649	6645	6548
KF434119	6729	6632	6526	0	6631	6561	6469	6676	6613	7022	6564	6678	6409	6447	6749	6652	6470	6608	6922	6595	6508	6794	6742	6632	6711	6247	6524	6729	6918	6702	6815	6449	6722	6567	6237	6594	6833	6565	6884	6356	6884	6697	6573	6599	6188	6725	6703	6602	6597	6637	6463	6650	6051	6540	6758	6475	6500	6564	6672	6570	5953	6526	6727	6521	6515	6620	6770	6853	6417	6632	6654	6591	6457	6555	6647	6715	6414	7108	6769	6569	6675	6609	6754	6647	6360	5848	6506	6516	6619	6733	6686	6896	6729	6609	6641	6586	6432	6595	6611	6672	6169	6541	6948	6338	6826	6722
KP271932	6668	6587	6484	6631	0	6599	6629	6509	6790	6777	6554	6784	6527	6601	6963	6576	6544	6778	6745	6804	6582	6751	6957	6655	6721	6365	6790	6732	6744	6586	6624	6605	6641	6601	6297	6627	6643	6476	6684	6451	6634	6734	6747	6656	6329	6711	6502	6623	6867	6700	6596	6711	6037	6640	6695	6565	6436	6536	6661	6658	6088	6505	6695	6587	6596	6715	6778	6615	6405	6528	6584	6845	6552	6649	6713	6743	6410	6723	6726	6701	6558	6698	6776	6583	6405	6004	6739	6602	6553	6733	6730	6795	6583	6729	6576	6722	6488	6571	6834	6781	6268	6644	6752	6497	6634	6675
FN297836	6606	6785	6504	6561	6599	0	6594	6628	6658	6596	6801	6789	6265	6704	6756	6667	6922	6479	6795	6855	6512	6719	6895	6634	6455	6541	6673	6714	6652	6690	6482	6653	6583	6546	6296	6888	6746	6496	6619	6649	6766	6699	6811	6701	6345	6676	6651	6640	6560	6768	6451	6611	6091	6910	6548	6516	6401	6660	6682	6460	6088	6411	6517	6554	6608	6556	6507	6528	6348	6612	6552	6542	6437	6428	6643	6683	6406	6639	6516	6788	6559	6530	6754	6718	6260	5916	6527	6417	6444	6768	6643	6684	6467	6709	6574	7180	6431	6798	6714	6962	6182	6434	6663	6340	6560	6540
JX827729	6673	6699	6553	6469	6629	6594	0	6680	6641	6551	6603	6569	6379	6606	6639	6609	6416	6648	6547	6593	6537	6676	6745	6638	6576	6394	6475	6750	6559	6539	6465	6443	6613	6588	6323	6624	6601	6433	6610	6483	6622	6717	6718	6679	6728	6700	6534	6622	6681	6743	6444	6660	6109	6652	6628	6623	6478	6538	6715	6584	6023	6404	6556	6516	6512	6597	6560	6524	6294	6508	6548	6657	6500	6460	6608	6670	6354	6505	6612	7047	6474	6575	6669	6640	6272	6297	6481	6525	6500	6620	6591	6609	6454	6641	6624	6659	6483	6600	6830	6586	6268	6531	6544	6370	6533	6582
EU999735	6714	6772	6620	6676	6509	6628	6680	0	6731	6734	6615	6623	6457	6499	6718	6791	6521	6623	6729	6620	6530	6843	6736	6670	6548	6372	6531	6915	6796	6750	6573	6458	6728	6760	6279	6633	6790	6595	6822	6467	6879	6778	6709	6669	6383	6751	6803	6792	6680	6762	6543	6712	6149	6641	6697	6586	6602	6644	6833	6594	6013	6523	6661	6578	6495	6651	6668	6740	6437	6662	6701	6602	6525	6547	6693	6713	6401	6705	6676	6764	6657	6603	6713	6707	6388	5992	6393	6523	6632	6743	6686	6799	6653	6785	6674	6674	6608	6715	6659	6635	6248	6606	6696	6395	6705	6701
DQ336714	6771	6834	6607	6613	6790	6658	6641	6731	0	6758	6550	6834	6533	6527	6959	6949	6576	6802	6864	6852	6572	7028	6996	6676	6655	6313	6667	6975	6970	6759	6540	6761	6763	6685	6320	6636	6863	6550	6745	6403	6832	6850	6836	6797	6286	6798	6576	6651	6789	6844	6570	6803	6127	6561	6816	6552	6397	6677	6970	6701	6001	6492	6701	6757	6624	6846	6772	6602	6452	6687	6695	6740	6586	6708	6933	6895	6401	6805	6756	6871	6681	6675	6981	6787	6406	5915	6619	6650	6648	6944	6919	6923	6571	6886	6684	6760	6435	6791	6853	6806	6284	6761	6872	6432	6663	6671
KX129820	6751	6690	6573	7022	6777	6596	6551	6734	6758	0	6599	6792	6474	6559	6871	6705	6544	6758	7063	6716	6529	6938	6893	6707	6830	6274	6616	6873	7075	6768	6889	6539	6787	6664	6216	6658	6896	6686	7030	6412	6935	6815	6738	6751	6230	6765	6771	6668	6763	6790	6520	6801	6084	6580	6818	6537	6568	6619	6786	6708	6002	6574	6777	6576	6600	6707	6932	6844	6448	6658	6710	6699	6540	6681	6764	6791	6417	7133	6937	6706	6773	6670	6854	6666	6430	5911	6614	6582	6677	6840	6787	7027	6775	6694	6684	6698	6451	6678	6750	6798	6211	6643	7010	6390	6831	6833
AY553293	6661	6566	6424	6564	6554	6801	6603	6615	6550	6599	0	6571	6259	6883	6641	6492	6508	6457	6605	6678	6432	6662	6705	6521	6430	6623	6511	6698	6577	6515	6477	6489	6590	6524	6259	6922	6605	6449	6669	6700	6647	6750	6855	6815	6324	6634	6588	6539	6611	6657	6351	6546	5982	6931	6544	6425	6354	6447	6516	6525	6201	6397	6497	6483	6570	6528	6544	6512	6238	6460	6560	6523	6438	6444	6462	6563	6300	6562	6634	6655	6494	6465	6742	6437	6230	5901	6448	6322	6374	6592	6565	6614	6473	6526	6549	6860	6380	6514	6620	6725	6116	6450	6549	6248	6533	6574
EF204446	6676	6769	6505	6678	6784	6789	6569	6623	6834	6792	6571	0	6376	6582	6921	6761	6702	6651	6863	6855	6540	6881	7057	6671	6617	6315	6688	6864	6833	6714	6578	6695	6645	6603	6244	6624	6804	6549	6754	6371	6834	6791	6850	6740	6305	6748	6607	6608	6746	6835	6456	6700	6074	6633	6663	6474	6425	6692	6775	6584	5967	6425	6631	6585	6726	6711	6728	6607	6388	6635	6612	6648	6476	6553	6799	6854	6373	6845	6692	6815	6586	6619	6861	6684	6358	5941	6773	6508	6463	6800	6826	6890	6516	6761	6558	6864	6389	6745	6846	6954	6199	6555	6850	6389	6648	6632
KC494697	6607	6364	6461	6409	6527	6265	6379	6457	6533	6474	6259	6376	0	6259	6480	6580	6144	6451	6446	6368	6509	6561	6501	6342	6420	6174	6325	6527	6559	6586	6321	6209	6659	6428	6112	6328	6464	6252	6454	6173	6420	6493	6399	6405	6194	6626	6357	6426	6529	6410	6640	6512	5815	6298	6446	6305	6309	6217	6608	6601	5934	6552	6446	6318	6233	6612	6558	6416	6463	6514	6653	6709	6490	6513	6539	6617	6477	6437	6520	6398	6394	6717	6661	6520	6564	5897	6391	6560	6510	6495	6472	6456	6462	6656	6503	6333	6240	6328	6399	6387	6360	6523	6495	6418	6498	6511
EU360967	6530	6524	6314	6447	6601	6704	6606	6499	6527	6559	6883	6582	6259	0	6597	6415	6458	6541	6581	6779	6395	6635	6643	6489	6490	6580	6381	6665	6543	6401	6442	6559	6476	6470	6277	6787	6483	6322	6619	6656	6526	6643	6778	6751	6352	6503	6467	6501	6658	6617	6303	6621	5970	6871	6439	6441	6345	6389	6538	6521	6127	6357	6487	6431	6457	6506	6606	6444	6201	6330	6481	6500	6389	6454	6447	6523	6262	6534	6689	6678	6385	6494	6677	6379	6205	5947	6526	6343	6377	6618	6552	6578	6467	6402	6514	6835	6384	6474	6616	6681	6085	6477	6554	6240	6399	6542
AM232809	6807	6759	6555	6749	6963	6756	6639	6718	6959	6871	6641	6921	6480	6597	0	6842	6732	6806	6960	6926	6549	6948	7044	6746	6729	6360	6872	6946	6904	6702	6681	6792	6744	6698	6300	6698	6932	6680	6834	6482	6886	6892	6884	6793	6309	6786	6710	6703	6855	6832	6485	6783	6109	6679	6745	6561	6551	6747	6856	6668	6103	6502	6688	6669	6726	6721	6814	6643	6410	6704	6660	6714	6552	6749	6819	6938	6393	6875	6775	6861	6739	6656	6900	6728	6353	5983	6697	6587	6659	6920	6833	6899	6649	6829	6648	6837	6496	6761	6894	6979	6235	6701	6875	6451	6699	6767
AM489609	6912	6895	6677	6652	6576	6667	6609	6791	6949	6705	6492	6761	6580	6415	6842	0	6567	6705	6799	6688	6672	6975	6868	6669	6519	6259	6615	6922	6877	6866	6560	6510	6895	6688	6287	6592	6883	6560	6747	6358	6858	6876	6702	6704	6290	6923	6696	6752	6745	6810	6628	6776	6171	6554	6735	6584	6539	6689	7053	6829	5922	6640	6654	6613	6529	6932	6806	6601	6536	6764	6791	6748	6710	6798	7111	7023	6574	6712	6674	6761	6730	6698	6944	7083	6485	5948	6540	6903	6870	6877	6859	6818	6674	7076	6770	6642	6547	6852	6742	6729	6392	6822	6810	6630	6670	6734
AM982786	6499	6661	6468	6470	6544	6922	6416	6521	6576	6544	6508	6702	6144	6458	6732	6567	0	6441	6705	6861	6398	6612	6742	6601	6423	6330	6694	6645	6570	6535	6456	6638	6518	6515	6182	6566	6685	6618	6529	6450	6607	6609	6616	6501	6236	6536	6602	6533	6498	6627	6385	6496	6098	6570	6495	6485	6440	6732	6547	6360	6032	6392	6457	6527	6505	6449	6448	6392	6294	6558	6413	6448	6393	6385	6546	6615	6347	6570	6462	6665	6554	6401	6602	6618	6138	5963	6423	6331	6366	6700	6575	6587	6384	6670	6441	6752	6427	6671	6565	7039	6147	6353	6574	6407	6452	6415
HG738134	6647	6791	6504	6608	6778	6479	6648	6623	6802	6758	6457	6651	6451	6541	6806	6705	6441	0	6823	6708	6559	6844	6807	6672	6715	6320	6542	6879	6741	6551	6625	6608	6636	6717	6229	6536	6789	6494	6774	6389	6713	6855	6665	6629	6414	6661	6616	6696	6922	6714	6468	6874	6172	6519	6670	6681	6612	6573	6750	6704	5978	6501	6623	6537	6490	6684	6962	6570	6329	6480	6575	6699	6507	6718	6710	6686	6386	6710	6828	6722	6768	6622	6706	6617	6329	6070	6647	6620	6698	6799	6755	6700	6728	6655	6664	6602	6578	6735	6712	6627	6260	6726	6706	6427	6466	6831
DQ318789	6743	6853	6539	6922	6745	6795	6547	6729	6864	7063	6605	6863	6446	6581	6960	6799	6705	6823	0	6817	6527	7043	6944	6705	6745	6270	6693	6958	7030	6776	6787	6637	6747	6629	6226	6631	7028	6702	6994	6389	6926	6843	6790	6775	6228	6743	6755	6648	6762	6908	6473	6810	6107	6591	6728	6541	6565	6709	6906	6668	6029	6538	6716	6509	6626	6683	6870	6782	6424	6706	6697	6665	6493	6653	6830	6856	6434	7111	6918	6804	6760	6685	6982	6801	6401	5886	6610	6518	6628	7056	6894	7018	6734	6808	6667	6789	6552	6815	6836	6856	6176	6637	7024	6372	6754	6790
KX082815	6655	6825	6503	6595	6804	6855	6593	6620	6852	6716	6678	6855	6368	6779	6926	6688	6861	6708	6817	0	6472	6863	6978	6696	6573	6447	6693	6869	6813	6653	6492	6975	6663	6557	6273	6723	6719	6613	6727	6539	6695	6829	6884	6748	6298	6694	6581	6627	6771	6888	6419	6747	6166	6812	6682	6593	6381	6718	6782	6563	6036	6430	6673	6537	6596	6651	6701	6533	6344	6610	6575	6645	6432	6558	6795	6848	6367	6780	6753	6827	6576	6614	6835	6716	6342	5956	6690	6516	6527	6829	6877	6802	6533	6744	6621	6966	6434	6777	6817	7059	6180	6556	6856	6392	6575	6549
KR349467	6800	6584	6747	6508	6582	6512	6537	6530	6572	6529	6432	6540	6509	6395	6549	6672	6398	6559	6527	6472	0	6696	6683	6603	6529	6366	6566	6617	6598	6808	6568	6311	6751	6585	6283	6478	6589	6469	6495	6417	6570	6637	6567	6555	6392	6863	6562	6576	6603	6526	6740	6622	6142	6489	6603	6568	6542	6572	6686	6750	6086	6725	6567	6549	6389	6723	6656	6591	6563	6808	6729	6863	6758	6600	6655	6787	6700	6519	6571	6560	6589	6791	6771	6640	6517	6028	6500	6642	6561	6575	6584	6535	6543	6735	6656	6500	6565	6616	6564	6494	6546	6633	6600	6682	6628	6660
JQ283114	6872	6895	6658	6794	6751	6719	6676	6843	7028	6938	6662	6881	6561	6635	6948	6975	6612	6844	7043	6863	6696	0	7000	6794	6732	6377	6660	7072	7044	6889	6721	6654	6838	6759	6326	6654	6962	6712	6883	6448	6948	6973	6856	6854	6319	6895	6741	6773	6863	6949	6624	6911	6212	6654	6909	6648	6622	6776	7013	6784	6040	6608	6868	6637	6606	6863	6953	6825	6533	6792	6794	6813	6646	6746	6977	6985	6507	6994	6891	6884	6818	6756	7070	6818	6516	5949	6659	6680	6772	7141	7033	7100	6746	6933	6751	6825	6570	6879	6893	6856	6356	6831	6998	6518	6844	6859
AM261868	6814	6942	6753	6742	6957	6895	6745	6736	6996	6893	6705	7057	6501	6643	7044	6868	6742	6807	6944	6978	6683	7000	0	6749	6786	6474	6877	7017	6926	6822	6671	6736	6809	6750	6285	6830	6955	6635	6881	6611	6910	6995	6964	6890	6455	6913	6659	6690	6957	6969	6590	6768	6189	6793	6859	6626	6506	6745	6935	6733	6101	6574	6737	6663	6679	6822	6802	6696	6483	6770	6716	6797	6639	6634	6935	7009	6536	6907	6790	7007	6702	6733	6977	6854	6453	6088	6800	6659	6604	6912	6913	7004	6587	6913	6693	6959	6473	6912	6992	6975	6418	6644	6907	6539	6746	6763
AM748690	6727	6778	6558	6632	6655	6634	6638	6670	6676	6707	6521	6671	6342	6489	6746	6669	6601	6672	6705	6696	6603	6794	6749	0	6679	6324	6576	6774	6675	6709	6650	6531	6706	6738	6246	6612	6749	6641	6683	6447	6762	6757	6604	6618	6370	6772	6709	6774	6685	6816	6518	6860	6257	6604	6762	6775	6581	6975	6659	6634	5989	6533	6763	6553	6580	6704	6726	6638	6431	6619	6689	6696	6556	6641	6660	6755	6461	6653	6750	6686	6785	6659	6676	6640	6391	6034	6547	6573	6676	6807	6699	6673	6654	6720	6663	6645	6664	6820	6687	6735	6272	6657	6712	6567	6596	6687
DQ673672	6588	6675	6471	6711	6721	6455	6576	6548	6655	6830	6430	6617	6420	6490	6729	6519	6423	6715	6745	6573	6529	6732	6786	6679	0	6300	6420	6707	6725	6572	6740	6479	6543	6602	6177	6509	6784	6417	6709	6374	6793	6665	6548	6592	6326	6636	6495	6580	6703	6590	6446	6705	6102	6484	6779	6637	6586	6540	6593	6600	6004	6431	6766	6475	6439	6582	6727	6676	6409	6487	6528	6676	6481	6608	6543	6608	6361	6782	6745	6644	6625	6660	6639	6494	6386	5983	6573	6544	6532	6713	6645	6801	6612	6524	6523	6539	6449	6629	6569	6623	6273	6564	6728	6433	6621	6737
GQ259742	6328	6361	6320	6247	6365	6541	6394	6372	6313	6274	6623	6315	6174	6580	6360	6259	6330	6320	6270	6447	6366	6377	6474	6324	6300	0	6357	6452	6281	6308	6311	6253	6275	6394	6082	6557	6365	6248	6329	6556	6379	6438	6454	6437	6349	6392	6415	6365	6451	6337	6261	6360	5919	6659	6282	6352	6337	6288	6274	6306	6159	6299	6250	6349	6273	6320	6367	6289	6160	6315	6279	6362	6320	6265	6267	6316	6260	6254	6319	6410	6307	6296	6340	6213	6170	6022	6402	6283	6259	6252	6290	6333	6286	6256	6284	6559	6327	6364	6331	6433	6188	6281	6264	6250	6263	6413
AJ534853	6647	6631	6583	6524	6790	6673	6475	6531	6667	6616	6511	6688	6325	6381	6872	6615	6694	6542	6693	6693	6566	6660	6877	6576	6420	6357	0	6686	6618	6663	6553	6464	6622	6582	6213	6586	6683	6622	6600	6481	6650	6743	6714	6609	6278	6695	6612	6558	6646	6642	6550	6591	6154	6589	6557	6422	6481	6685	6591	6531	6143	6523	6539	6583	6527	6565	6561	6527	6375	6683	6561	6648	6575	6445	6624	6741	6457	6607	6488	6618	6635	6497	6692	6587	6253	6019	6499	6406	6440	6606	6590	6671	6422	6767	6503	6659	6492	6670	6757	6723	6314	6451	6576	6530	6563	6549
KC560018	6850	6924	6651	6729	6732	6714	6750	6915	6975	6873	6698	6864	6527	6665	6946	6922	6645	6879	6958	6869	6617	7072	7017	6774	6707	6452	6686	0	6947	6776	6661	6659	6812	6914	6258	6754	7008	6672	7002	6568	6976	7010	6951	6905	6430	6845	6849	6827	7013	6954	6531	6894	6192	6729	6823	6690	6655	6791	6956	6730	6073	6580	6716	6652	6601	6778	6927	6660	6463	6722	6705	6766	6602	6688	6927	6974	6477	6938	6913	6949	6779	6699	6964	6787	6395	6107	6655	6655	6742	6973	6984	6985	6731	6870	6685	6810	6634	6891	6929	6870	6334	6747	6891	6496	6685	6816
EU336941	6814	6737	6609	6918	6744	6652	6559	6796	6970	7075	6577	6833	6559	6543	6904	6877	6570	6741	7030	6813	6598	7044	6926	6675	6725	6281	6618	6947	0	6876	6744	6657	6812	6602	6276	6606	6935	6676	6972	6371	6972	6816	6838	6787	6230	6828	6769	6614	6742	6867	6582	6780	6051	6566	6791	6478	6539	6660	6994	6730	5987	6607	6796	6605	6522	6800	6957	6783	6525	6784	6770	6777	6596	6774	6913	6901	6460	7128	6956	6777	6743	6756	7033	6776	6503	5887	6583	6623	6668	6896	6904	7060	6806	6862	6685	6740	6453	6700	6823	6798	6259	6729	7254	6436	6819	6811
AM232812	6904	6738	6795	6702	6586	6690	6539	6750	6759	6768	6515	6714	6586	6401	6702	6866	6535	6551	6776	6653	6808	6889	6822	6709	6572	6308	6663	6776	6876	0	6619	6480	6918	6615	6309	6565	6741	6636	6720	6384	6721	6809	6717	6704	6268	6961	6707	6646	6605	6680	6756	6701	6154	6561	6766	6570	6500	6685	6893	6777	5992	6778	6734	6545	6501	6844	6679	6715	6713	6985	6929	6837	6711	6611	6825	6945	6669	6791	6707	6676	6717	6869	6954	6868	6657	5949	6497	6647	6636	6774	6772	6764	6621	6942	6765	6670	6529	6773	6705	6675	6464	6636	6868	6667	6798	6633
JX843771	6700	6572	6494	6815	6624	6482	6465	6573	6540	6889	6477	6578	6321	6442	6681	6560	6456	6625	6787	6492	6568	6721	6671	6650	6740	6311	6553	6661	6744	6619	0	6335	6605	6658	6254	6510	6802	6544	6707	6430	6809	6640	6518	6511	6277	6662	6659	6647	6626	6620	6459	6683	6110	6453	6694	6560	6651	6585	6523	6605	6050	6562	6749	6594	6498	6556	6750	6779	6393	6557	6612	6604	6588	6564	6558	6627	6406	6831	6720	6512	6689	6524	6657	6500	6313	5995	6500	6493	6581	6680	6587	6799	6648	6566	6556	6484	6519	6602	6532	6575	6256	6521	6696	6439	6682	6740
AF344179	6487	6620	6328	6449	6605	6653	6443	6458	6761	6539	6489	6695	6209	6559	6792	6510	6638	6608	6637	6975	6311	6654	6736	6531	6479	6253	6464	6659	6657	6480	6335	0	6457	6370	6250	6536	6589	6408	6558	6348	6578	6638	6694	6583	6190	6520	6382	6366	6522	6635	6249	6574	5992	6563	6490	6406	6248	6543	6596	6397	5873	6229	6506	6407	6479	6485	6522	6381	6191	6458	6420	6468	6243	6389	6560	6630	6152	6606	6586	6635	6455	6468	6665	6502	6143	5795	6521	6295	6348	6675	6650	6617	6370	6559	6474	6768	6342	6594	6674	6813	6001	6404	6661	6200	6370	6424
JX100816	7040	6676	6771	6722	6641	6583	6613	6728	6763	6787	6590	6645	6659	6476	6744	6895	6518	6636	6747	6663	6751	6838	6809	6706	6543	6275	6622	6812	6812	6918	6605	6457	0	6636	6309	6672	6750	6627	6798	6449	6712	6874	6751	6720	6297	6983	6692	6651	6715	6686	6743	6713	6101	6577	6732	6531	6500	6631	6893	6866	6036	6850	6667	6582	6551	6886	6741	6645	6672	6868	6982	6863	6818	6693	6874	6965	6679	6725	6788	6704	6689	6880	6962	6916	6603	5977	6527	6741	6760	6795	6718	6698	6668	6910	6892	6625	6496	6670	6698	6688	6419	6663	6777	6638	6765	6672
KF532126	6662	6733	6583	6567	6601	6546	6588	6760	6685	6664	6524	6603	6428	6470	6698	6688	6515	6717	6629	6557	6585	6759	6750	6738	6602	6394	6582	6914	6602	6615	6658	6370	6636	0	6215	6630	6780	6552	6722	6526	6765	6773	6585	6585	6369	6680	6699	6848	6818	6672	6550	6801	6207	6551	6716	6684	6653	6673	6604	6591	6042	6549	6605	6651	6501	6619	6726	6627	6440	6569	6622	6634	6576	6575	6600	6636	6441	6572	6681	6616	6740	6558	6612	6514	6350	6057	6483	6544	6645	6690	6635	6706	6634	6655	6580	6548	6572	6764	6548	6633	6313	6645	6521	6475	6606	6707
KP408226	6323	6170	6216	6237	6297	6296	6323	6279	6320	6216	6259	6244	6112	6277	6300	6287	6182	6229	6226	6273	6283	6326	6285	6246	6177	6082	6213	6258	6276	6309	6254	6250	6309	6215	0	6201	6180	6124	6185	6171	6228	6226	6294	6283	6147	6317	6219	6264	6259	6194	6314	6230	5768	6271	6202	6168	6157	6171	6341	6241	5783	6200	6258	6309	6365	6242	6257	6295	6133	6256	6319	6298	6275	6191	6207	6278	6185	6212	6205	6340	6180	6330	6338	6236	6057	5773	6166	6167	6218	6301	6237	6228	6194	6327	6280	6299	6150	6177	6369	6292	5977	6215	6274	6175	6284	6259
AY553294	6704	6697	6522	6594	6627	6888	6624	6633	6636	6658	6922	6624	6328	6787	6698	6592	6566	6536	6631	6723	6478	6654	6830	6612	6509	6557	6586	6754	6606	6565	6510	6536	6672	6630	6201	0	6682	6432	6781	6842	6721	6815	6810	6759	6385	6701	6592	6610	6671	6755	6423	6618	6064	6939	6629	6536	6403	6538	6640	6590	6124	6469	6526	6503	6598	6609	6596	6551	6284	6504	6608	6567	6513	6502	6577	6637	6377	6593	6645	6699	6558	6515	6755	6571	6272	5947	6503	6438	6479	6653	6584	6678	6512	6588	6639	6929	6410	6661	6665	6782	6204	6508	6576	6329	6545	6631
EF076759	6823	6918	6587	6833	6643	6746	6601	6790	6863	6896	6605	6804	6464	6483	6932	6883	6685	6789	7028	6719	6589	6962	6955	6749	6784	6365	6683	7008	6935	6741	6802	6589	6750	6780	6180	6682	0	6630	6927	6462	7056	6906	6785	6794	6312	6821	6773	6723	6791	6824	6472	6798	6168	6631	6779	6589	6646	6738	6831	6655	6019	6530	6721	6638	6606	6722	6826	6720	6449	6704	6712	6687	6570	6636	6768	6851	6419	6959	6815	6810	6843	6619	6848	6765	6373	5974	6612	6551	6677	6965	6821	6955	6690	6871	6614	6692	6482	6889	6741	6806	6277	6636	6821	6432	6704	6878
AM232810	6569	6549	6555	6565	6476	6496	6433	6595	6550	6686	6449	6549	6252	6322	6680	6560	6618	6494	6702	6613	6469	6712	6635	6641	6417	6248	6622	6672	6676	6636	6544	6408	6627	6552	6124	6432	6630	0	6678	6364	6616	6741	6539	6463	6237	6583	6732	6516	6595	6601	6445	6573	6129	6451	6624	6421	6495	6692	6564	6447	6053	6501	6473	6494	6417	6479	6564	6518	6331	6642	6554	6462	6468	6508	6530	6615	6443	6628	6680	6550	6633	6467	6604	6513	6226	5956	6353	6360	6506	6621	6552	6592	6569	6568	6494	6484	6482	6589	6554	6641	6237	6466	6648	6418	6538	6517
DQ256729	6777	6770	6603	6884	6684	6619	6610	6822	6745	7030	6669	6754	6454	6619	6834	6747	6529	6774	6994	6727	6495	6883	6881	6683	6709	6329	6600	7002	6972	6720	6707	6558	6798	6722	6185	6781	6927	6678	0	6523	6925	6996	6867	6820	6303	6741	6798	6661	6848	6807	6490	6765	6089	6648	6738	6577	6584	6648	6819	6706	6021	6589	6626	6510	6514	6703	6887	6713	6420	6665	6728	6678	6553	6646	6798	6814	6396	6998	7009	6762	6714	6651	6882	6707	6368	5965	6546	6591	6672	6843	6816	6905	6790	6694	6717	6720	6515	6769	6767	6777	6221	6593	6946	6377	6711	6810
GU345045	6498	6482	6489	6356	6451	6649	6483	6467	6403	6412	6700	6371	6173	6656	6482	6358	6450	6389	6389	6539	6417	6448	6611	6447	6374	6556	6481	6568	6371	6384	6430	6348	6449	6526	6171	6842	6462	6364	6523	0	6480	6605	6581	6556	6357	6472	6508	6475	6549	6512	6346	6446	6016	6719	6421	6445	6400	6435	6402	6439	6141	6433	6350	6420	6370	6403	6456	6408	6189	6418	6424	6398	6468	6335	6341	6421	6346	6352	6488	6535	6415	6370	6506	6331	6116	5972	6331	6273	6402	6434	6373	6448	6376	6345	6471	6661	6412	6487	6488	6524	6180	6348	6355	6304	6360	6491
AM773820	6755	6846	6524	6884	6634	6766	6622	6879	6832	6935	6647	6834	6420	6526	6886	6858	6607	6713	6926	6695	6570	6948	6910	6762	6793	6379	6650	6976	6972	6721	6809	6578	6712	6765	6228	6721	7056	6616	6925	6480	0	6865	6773	6728	6326	6769	6829	6796	6744	6852	6492	6818	6162	6655	6804	6573	6693	6772	6839	6631	6048	6501	6737	6677	6605	6648	6828	6805	6400	6666	6654	6659	6545	6665	6744	6777	6374	6977	6760	6808	6804	6592	6859	6694	6357	5943	6510	6546	6667	6851	6798	7004	6742	6793	6668	6777	6528	6817	6795	6800	6228	6623	6888	6386	6753	6828
AY315443	6909	6927	6681	6697	6734	6699	6717	6778	6850	6815	6750	6791	6493	6643	6892	6876	6609	6855	6843	6829	6637	6973	6995	6757	6665	6438	6743	7010	6816	6809	6640	6638	6874	6773	6226	6815	6906	6741	6996	6605	6865	0	6925	6856	6422	6876	6725	6721	6993	6874	6556	6876	6240	6741	6828	6678	6609	6734	6840	6837	6128	6665	6725	6639	6568	6817	6897	6639	6454	6752	6790	6781	6669	6673	6851	6913	6471	6783	6901	6887	6821	6700	6952	6810	6448	6089	6616	6668	6730	6931	6870	6856	6725	6845	6811	6759	6595	6938	6886	6819	6364	6687	6790	6529	6660	6816
EU360966	6806	6726	6552	6573	6747	6811	6718	6709	6836	6738	6855	6850	6399	6778	6884	6702	6616	6665	6790	6884	6567	6856	6964	6604	6548	6454	6714	6951	6838	6717	6518	6694	6751	6585	6294	6810	6785	6539	6867	6581	6773	6925	0	7092	6437	6783	6660	6611	6816	6892	6443	6707	6048	6772	6594	6457	6450	6619	6805	6688	6250	6523	6598	6584	6549	6703	6716	6535	6410	6663	6708	6705	6581	6548	6743	6848	6376	6774	6777	6915	6579	6661	6968	6668	6338	6018	6617	6466	6445	6819	6777	6814	6486	6758	6671	6912	6428	6688	6940	6820	6242	6549	6790	6405	6635	6661
EF554366	6767	6716	6564	6599	6656	6701	6679	6669	6797	6751	6815	6740	6405	6751	6793	6704	6501	6629	6775	6748	6555	6854	6890	6618	6592	6437	6609	6905	6787	6704	6511	6583	6720	6585	6283	6759	6794	6463	6820	6556	6728	6856	7092	0	6400	6774	6602	6589	6736	6877	6434	6661	6039	6724	6617	6494	6421	6596	6816	6661	6194	6494	6596	6518	6566	6700	6706	6533	6384	6656	6659	6679	6571	6512	6724	6816	6364	6752	6747	6865	6593	6625	6870	6667	6319	5977	6544	6487	6509	6790	6810	6786	6494	6712	6663	6798	6419	6652	6838	6740	6241	6549	6745	6396	6615	6660
DQ173014	6343	6405	6366	6188	6329	6345	6728	6383	6286	6230	6324	6305	6194	6352	6309	6290	6236	6414	6228	6298	6392	6319	6455	6370	6326	6349	6278	6430	6230	6268	6277	6190	6297	6369	6147	6385	6312	6237	6303	6357	6326	6422	6437	6400	0	6397	6345	6355	6440	6453	6272	6305	5916	6384	6302	6443	6355	6355	6364	6316	6019	6279	6198	6312	6230	6253	6305	6274	6107	6275	6252	6335	6348	6220	6242	6323	6271	6173	6318	6698	6250	6268	6310	6293	6103	6379	6321	6274	6222	6277	6308	6254	6296	6312	6324	6334	6347	6351	6519	6290	6236	6286	6228	6280	6241	6354
JX100821	7057	6842	6886	6725	6711	6676	6700	6751	6798	6765	6634	6748	6626	6503	6786	6923	6536	6661	6743	6694	6863	6895	6913	6772	6636	6392	6695	6845	6828	6961	6662	6520	6983	6680	6317	6701	6821	6583	6741	6472	6769	6876	6783	6774	6397	0	6686	6695	6752	6803	6738	6766	6253	6692	6791	6638	6598	6689	6931	6925	6086	6782	6776	6621	6596	6963	6796	6665	6671	6931	6901	6964	6849	6748	6948	7071	6692	6705	6734	6761	6743	6895	6983	6915	6628	6045	6604	6809	6687	6762	6772	6785	6638	6999	6820	6718	6631	6784	6742	6737	6592	6738	6798	6751	6802	6773
JX287893	6675	6638	6601	6703	6502	6651	6534	6803	6576	6771	6588	6607	6357	6467	6710	6696	6602	6616	6755	6581	6562	6741	6659	6709	6495	6415	6612	6849	6769	6707	6659	6382	6692	6699	6219	6592	6773	6732	6798	6508	6829	6725	6660	6602	6345	6686	0	6755	6680	6694	6530	6717	6151	6625	6581	6520	6687	6734	6675	6528	6114	6608	6541	6597	6430	6592	6732	6623	6439	6699	6634	6568	6550	6609	6596	6655	6487	6712	6724	6640	6757	6561	6668	6602	6309	5995	6433	6457	6653	6610	6582	6627	6700	6652	6587	6630	6639	6670	6604	6665	6241	6584	6705	6458	6635	6722
AY883415	6708	6766	6505	6602	6623	6640	6622	6792	6651	6668	6539	6608	6426	6501	6703	6752	6533	6696	6648	6627	6576	6773	6690	6774	6580	6365	6558	6827	6614	6646	6647	6366	6651	6848	6264	6610	6723	6516	6661	6475	6796	6721	6611	6589	6355	6695	6755	0	6781	6764	6548	6870	6229	6566	6683	6720	6693	6669	6690	6638	6028	6525	6673	6623	6482	6613	6761	6665	6385	6538	6621	6662	6600	6604	6622	6680	6410	6608	6663	6599	6734	6572	6639	6614	6370	6007	6515	6584	6695	6682	6623	6706	6680	6736	6632	6631	6641	6705	6577	6666	6269	6689	6549	6493	6623	6711
HG738135	6732	6718	6579	6597	6867	6560	6681	6680	6789	6763	6611	6746	6529	6658	6855	6745	6498	6922	6762	6771	6603	6863	6957	6685	6703	6451	6646	7013	6742	6605	6626	6522	6715	6818	6259	6671	6791	6595	6848	6549	6744	6993	6816	6736	6440	6752	6680	6781	0	6804	6554	6875	6136	6671	6697	6616	6643	6567	6780	6761	6105	6565	6630	6669	6494	6738	6985	6587	6404	6566	6640	6766	6625	6708	6763	6796	6461	6693	6875	6801	6712	6695	6772	6633	6404	6114	6729	6665	6744	6733	6764	6791	6746	6714	6661	6690	6550	6711	6861	6736	6339	6728	6678	6517	6596	6858
DQ166169	6751	6932	6558	6637	6700	6768	6743	6762	6844	6790	6657	6835	6410	6617	6832	6810	6627	6714	6908	6888	6526	6949	6969	6816	6590	6337	6642	6954	6867	6680	6620	6635	6686	6672	6194	6755	6824	6601	6807	6512	6852	6874	6892	6877	6453	6803	6694	6764	6804	0	6424	6807	6208	6666	6705	6684	6540	6826	6943	6679	6060	6490	6695	6509	6565	6695	6763	6599	6329	6617	6613	6662	6556	6590	6846	6895	6389	6812	6785	6951	6684	6607	6959	6805	6309	6068	6590	6556	6599	6908	6853	6938	6592	6823	6661	6842	6565	6837	6934	6812	6245	6627	6799	6428	6578	6672
KF652079	6686	6466	6678	6463	6596	6451	6444	6543	6570	6520	6351	6456	6640	6303	6485	6628	6385	6468	6473	6419	6740	6624	6590	6518	6446	6261	6550	6531	6582	6756	6459	6249	6743	6550	6314	6423	6472	6445	6490	6346	6492	6556	6443	6434	6272	6738	6530	6548	6554	6424	0	6530	6015	6429	6524	6477	6448	6464	6653	6638	5967	6690	6527	6517	6294	6688	6581	6555	6576	6722	6713	6818	6693	6572	6599	6686	6676	6471	6523	6454	6515	6788	6704	6607	6530	5905	6402	6564	6548	6485	6519	6497	6530	6790	6605	6439	6470	6488	6496	6469	6431	6564	6567	6627	6637	6556
AY468448	6770	6879	6524	6650	6711	6611	6660	6712	6803	6801	6546	6700	6512	6621	6783	6776	6496	6874	6810	6747	6622	6911	6768	6860	6705	6360	6591	6894	6780	6701	6683	6574	6713	6801	6230	6618	6798	6573	6765	6446	6818	6876	6707	6661	6305	6766	6717	6870	6875	6807	6530	0	6317	6611	6762	6737	6666	6723	6801	6793	6015	6580	6823	6626	6506	6791	6950	6660	6427	6604	6709	6798	6571	6727	6755	6784	6438	6734	6832	6714	6899	6722	6801	6674	6455	5981	6667	6673	6776	6855	6736	6781	6727	6741	6749	6704	6649	6883	6708	6713	6281	6778	6720	6506	6629	6846
AY468447	6179	6516	6220	6051	6037	6091	6109	6149	6127	6084	5982	6074	5815	5970	6109	6171	6098	6172	6107	6166	6142	6212	6189	6257	6102	5919	6154	6192	6051	6154	6110	5992	6101	6207	5768	6064	6168	6129	6089	6016	6162	6240	6048	6039	5916	6253	6151	6229	6136	6208	6015	6317	0	6096	6181	6252	6144	6258	6159	6103	5622	6026	6194	6083	5927	6160	6149	6095	5941	6195	6076	6129	6127	5995	6176	6192	6015	6057	6121	6126	6225	6058	6106	6165	5803	5649	5998	6089	6123	6169	6100	6134	6031	6139	6146	6094	6194	6468	6065	6089	6005	6078	6057	6091	6043	6112
JX100817	6623	6687	6488	6540	6640	6910	6652	6641	6561	6580	6931	6633	6298	6871	6679	6554	6570	6519	6591	6812	6489	6654	6793	6604	6484	6659	6589	6729	6566	6561	6453	6563	6577	6551	6271	6939	6631	6451	6648	6719	6655	6741	6772	6724	6384	6692	6625	6566	6671	6666	6429	6611	6096	0	6573	6518	6385	6527	6566	6511	6146	6389	6553	6462	6569	6612	6577	6497	6303	6504	6537	6592	6429	6466	6557	6626	6375	6534	6589	6721	6520	6541	6673	6529	6303	5982	6519	6427	6446	6557	6609	6601	6480	6588	6544	6955	6474	6631	6663	6787	6193	6472	6591	6342	6519	6609
JQ071497	6764	6797	6615	6758	6695	6548	6628	6697	6816	6818	6544	6663	6446	6439	6745	6735	6495	6670	6728	6682	6603	6909	6859	6762	6779	6282	6557	6823	6791	6766	6694	6490	6732	6716	6202	6629	6779	6624	6738	6421	6804	6828	6594	6617	6302	6791	6581	6683	6697	6705	6524	6762	6181	6573	0	6671	6464	6663	6684	6612	5925	6481	6900	6537	6579	6674	6710	6811	6441	6644	6665	6711	6508	6542	6720	6752	6393	6771	6764	6693	6712	6616	6755	6663	6423	5985	6515	6596	6625	6871	6844	6953	6621	6741	6616	6581	6502	6766	6634	6693	6293	6596	6783	6427	6756	6629
EU869190	6606	6819	6551	6475	6565	6516	6623	6586	6552	6537	6425	6474	6305	6441	6561	6584	6485	6681	6541	6593	6568	6648	6626	6775	6637	6352	6422	6690	6478	6570	6560	6406	6531	6684	6168	6536	6589	6421	6577	6445	6573	6678	6457	6494	6443	6638	6520	6720	6616	6684	6477	6737	6252	6518	6671	0	6601	6701	6582	6575	5941	6503	6606	6435	6416	6541	6612	6497	6334	6501	6492	6614	6532	6473	6566	6594	6412	6488	6607	6617	6617	6554	6554	6576	6326	6110	6484	6567	6580	6646	6685	6548	6564	6574	6571	6496	6648	6770	6488	6571	6315	6525	6514	6500	6450	6573
GU138380	6593	6560	6484	6500	6436	6401	6478	6602	6397	6568	6354	6425	6309	6345	6551	6539	6440	6612	6565	6381	6542	6622	6506	6581	6586	6337	6481	6655	6539	6500	6651	6248	6500	6653	6157	6403	6646	6495	6584	6400	6693	6609	6450	6421	6355	6598	6687	6693	6643	6540	6448	6666	6144	6385	6464	6601	0	6568	6541	6557	6068	6550	6504	6507	6302	6462	6696	6473	6373	6516	6495	6542	6564	6551	6465	6537	6431	6500	6574	6486	6690	6489	6520	6479	6275	6058	6378	6480	6556	6518	6433	6496	6615	6556	6508	6398	6627	6563	6423	6447	6302	6482	6467	6521	6457	6712
FJ932652	6645	6792	6565	6564	6536	6660	6538	6644	6677	6619	6447	6692	6217	6389	6747	6689	6732	6573	6709	6718	6572	6776	6745	6975	6540	6288	6685	6791	6660	6685	6585	6543	6631	6673	6171	6538	6738	6692	6648	6435	6772	6734	6619	6596	6355	6689	6734	6669	6567	6826	6464	6723	6258	6527	6663	6701	6568	0	6650	6500	5982	6505	6633	6517	6492	6605	6608	6530	6397	6697	6547	6577	6538	6524	6668	6756	6461	6654	6623	6702	6733	6525	6691	6673	6256	6046	6420	6456	6559	6793	6720	6676	6550	6731	6569	6630	6667	6847	6679	6740	6264	6546	6711	6542	6505	6553
EU336939	6899	6859	6743	6672	6661	6682	6715	6833	6970	6786	6516	6775	6608	6538	6856	7053	6547	6750	6906	6782	6686	7013	6935	6659	6593	6274	6591	6956	6994	6893	6523	6596	6893	6604	6341	6640	6831	6564	6819	6402	6839	6840	6805	6816	6364	6931	6675	6690	6780	6943	6653	6801	6159	6566	6684	6582	6541	6650	0	6833	5927	6659	6647	6562	6488	6880	6812	6614	6520	6832	6783	6792	6690	6727	7040	7048	6588	6845	6742	6909	6678	6803	7055	7068	6510	5974	6555	6770	6779	6889	6847	6832	6635	6973	6841	6762	6537	6771	6832	6717	6414	6744	6961	6569	6671	6731
DQ673670	6944	6663	6656	6570	6658	6460	6584	6594	6701	6708	6525	6584	6601	6521	6668	6829	6360	6704	6668	6563	6750	6784	6733	6634	6600	6306	6531	6730	6730	6777	6605	6397	6866	6591	6241	6590	6655	6447	6706	6439	6631	6837	6688	6661	6316	6925	6528	6638	6761	6679	6638	6793	6103	6511	6612	6575	6557	6500	6833	0	6068	6812	6652	6521	6460	6866	6833	6535	6508	6690	6839	6887	6798	6815	6817	6930	6588	6641	6777	6608	6661	6855	6924	6752	6582	5980	6578	6811	6693	6715	6641	6654	6635	6804	6816	6552	6597	6624	6646	6591	6463	6775	6703	6688	6605	6792
JN390676	6093	5941	6041	5953	6088	6088	6023	6013	6001	6002	6201	5967	5934	6127	6103	5922	6032	5978	6029	6036	6086	6040	6101	5989	6004	6159	6143	6073	5987	5992	6050	5873	6036	6042	5783	6124	6019	6053	6021	6141	6048	6128	6250	6194	6019	6086	6114	6028	6105	6060	5967	6015	5622	6146	5925	5941	6068	5982	5927	6068	0	6075	5944	6073	5952	5969	6033	5970	5896	6029	6044	6058	6097	5974	5889	6000	5996	5943	6066	6074	5985	6000	6119	5858	6008	5904	5982	5916	5914	5956	5883	5980	5992	5954	6010	6102	6055	5973	6086	6057	6037	5951	5943	6016	6005	6108
HM212415	6810	6475	6688	6526	6505	6411	6404	6523	6492	6574	6397	6425	6552	6357	6502	6640	6392	6501	6538	6430	6725	6608	6574	6533	6431	6299	6523	6580	6607	6778	6562	6229	6850	6549	6200	6469	6530	6501	6589	6433	6501	6665	6523	6494	6279	6782	6608	6525	6565	6490	6690	6580	6026	6389	6481	6503	6550	6505	6659	6812	6075	0	6502	6479	6315	6679	6622	6514	6594	6756	6821	6734	6784	6613	6630	6744	6698	6524	6633	6446	6572	6765	6782	6654	6535	5972	6399	6627	6624	6567	6510	6484	6592	6656	6703	6408	6538	6533	6433	6455	6444	6559	6578	6669	6592	6599
KU358716	6758	6744	6513	6727	6695	6517	6556	6661	6701	6777	6497	6631	6446	6487	6688	6654	6457	6623	6716	6673	6567	6868	6737	6763	6766	6250	6539	6716	6796	6734	6749	6506	6667	6605	6258	6526	6721	6473	6626	6350	6737	6725	6598	6596	6198	6776	6541	6673	6630	6695	6527	6823	6194	6553	6900	6606	6504	6633	6647	6652	5944	6502	0	6513	6483	6777	6733	6797	6502	6597	6713	6761	6533	6588	6663	6753	6378	6771	6701	6595	6681	6704	6773	6617	6434	5886	6535	6575	6590	6901	6766	6950	6572	6740	6617	6594	6561	6713	6613	6657	6237	6652	6766	6470	6733	6650
EF685359	6598	6510	6490	6521	6587	6554	6516	6578	6757	6576	6483	6585	6318	6431	6669	6613	6527	6537	6509	6537	6549	6637	6663	6553	6475	6349	6583	6652	6605	6545	6594	6407	6582	6651	6309	6503	6638	6494	6510	6420	6677	6639	6584	6518	6312	6621	6597	6623	6669	6509	6517	6626	6083	6462	6537	6435	6507	6517	6562	6521	6073	6479	6513	0	6500	6589	6599	6549	6358	6567	6548	6561	6579	6536	6557	6563	6389	6507	6554	6589	6607	6490	6595	6465	6243	5952	6477	6463	6508	6514	6461	6587	6538	6570	6560	6551	6407	6538	6602	6618	6232	6553	6491	6415	6562	6606
JX100825	6592	6486	6359	6515	6596	6608	6512	6495	6624	6600	6570	6726	6233	6457	6726	6529	6505	6490	6626	6596	6389	6606	6679	6580	6439	6273	6527	6601	6522	6501	6498	6479	6551	6501	6365	6598	6606	6417	6514	6370	6605	6568	6549	6566	6230	6596	6430	6482	6494	6565	6294	6506	5927	6569	6579	6416	6302	6492	6488	6460	5952	6315	6483	6500	0	6535	6495	6507	6240	6426	6511	6468	6361	6441	6509	6553	6233	6524	6516	6621	6485	6398	6576	6447	6240	5897	6516	6368	6393	6591	6616	6613	6414	6510	6502	6673	6315	6471	6664	6742	6048	6456	6513	6217	6497	6511
EF204451	6906	6723	6678	6620	6715	6556	6597	6651	6846	6707	6528	6711	6612	6506	6721	6932	6449	6684	6683	6651	6723	6863	6822	6704	6582	6320	6565	6778	6800	6844	6556	6485	6886	6619	6242	6609	6722	6479	6703	6403	6648	6817	6703	6700	6253	6963	6592	6613	6738	6695	6688	6791	6160	6612	6674	6541	6462	6605	6880	6866	5969	6679	6777	6589	6535	0	6796	6595	6640	6771	6847	6884	6711	6874	6986	7031	6630	6678	6701	6706	6676	6823	6911	6889	6584	5914	6631	6873	6736	6796	6774	6752	6581	6917	6770	6657	6553	6696	6726	6685	6405	6887	6795	6672	6677	6742
HG738132	6790	6719	6563	6770	6778	6507	6560	6668	6772	6932	6544	6728	6558	6606	6814	6806	6448	6962	6870	6701	6656	6953	6802	6726	6727	6367	6561	6927	6957	6679	6750	6522	6741	6726	6257	6596	6826	6564	6887	6456	6828	6897	6716	6706	6305	6796	6732	6761	6985	6763	6581	6950	6149	6577	6710	6612	6696	6608	6812	6833	6033	6622	6733	6599	6495	6796	0	6658	6450	6624	6696	6824	6646	6831	6828	6814	6474	6867	6936	6665	6847	6748	6848	6663	6473	5970	6706	6735	6825	6806	6811	6849	6856	6736	6739	6637	6596	6712	6757	6699	6333	6809	6893	6530	6649	6972
AY883416	6655	6595	6544	6853	6615	6528	6524	6740	6602	6844	6512	6607	6416	6444	6643	6601	6392	6570	6782	6533	6591	6825	6696	6638	6676	6289	6527	6660	6783	6715	6779	6381	6645	6627	6295	6551	6720	6518	6713	6408	6805	6639	6535	6533	6274	6665	6623	6665	6587	6599	6555	6660	6095	6497	6811	6497	6473	6530	6614	6535	5970	6514	6797	6549	6507	6595	6658	0	6425	6613	6667	6623	6484	6487	6535	6610	6425	6837	6695	6528	6605	6590	6676	6529	6387	5909	6468	6449	6581	6760	6695	6940	6651	6616	6598	6549	6453	6613	6602	6593	6230	6582	6757	6361	6891	6667
EF154516	6637	6377	6548	6417	6405	6348	6294	6437	6452	6448	6238	6388	6463	6201	6410	6536	6294	6329	6424	6344	6563	6533	6483	6431	6409	6160	6375	6463	6525	6713	6393	6191	6672	6440	6133	6284	6449	6331	6420	6189	6400	6454	6410	6384	6107	6671	6439	6385	6404	6329	6576	6427	5941	6303	6441	6334	6373	6397	6520	6508	5896	6594	6502	6358	6240	6640	6450	6425	0	6657	6702	6613	6548	6412	6537	6610	6535	6428	6431	6375	6400	6671	6594	6541	6436	5823	6315	6487	6436	6475	6430	6437	6381	6607	6477	6374	6342	6394	6373	6375	6306	6405	6516	6529	6527	6431
AM232813	6901	6682	6860	6632	6528	6612	6508	6662	6687	6658	6460	6635	6514	6330	6704	6764	6558	6480	6706	6610	6808	6792	6770	6619	6487	6315	6683	6722	6784	6985	6557	6458	6868	6569	6256	6504	6704	6642	6665	6418	6666	6752	6663	6656	6275	6931	6699	6538	6566	6617	6722	6604	6195	6504	6644	6501	6516	6697	6832	6690	6029	6756	6597	6567	6426	6771	6624	6613	6657	0	6817	6798	6769	6542	6769	6954	6703	6695	6625	6657	6643	6806	6901	6803	6546	5962	6431	6584	6597	6653	6663	6659	6536	6836	6722	6607	6549	6708	6625	6625	6497	6549	6779	6660	6726	6574
EF644913	6965	6600	6714	6654	6584	6552	6548	6701	6695	6710	6560	6612	6653	6481	6660	6791	6413	6575	6697	6575	6729	6794	6716	6689	6528	6279	6561	6705	6770	6929	6612	6420	6982	6622	6319	6608	6712	6554	6728	6424	6654	6790	6708	6659	6252	6901	6634	6621	6640	6613	6713	6709	6076	6537	6665	6492	6495	6547	6783	6839	6044	6821	6713	6548	6511	6847	6696	6667	6702	6817	0	6822	6764	6681	6745	6856	6638	6679	6755	6612	6653	6876	6910	6771	6641	5933	6467	6658	6675	6766	6653	6642	6617	6851	6815	6587	6472	6622	6628	6590	6377	6648	6725	6622	6763	6666
KP033261	6915	6676	6702	6591	6845	6542	6657	6602	6740	6699	6523	6648	6709	6500	6714	6748	6448	6699	6665	6645	6863	6813	6797	6696	6676	6362	6648	6766	6777	6837	6604	6468	6863	6634	6298	6567	6687	6462	6678	6398	6659	6781	6705	6679	6335	6964	6568	6662	6766	6662	6818	6798	6129	6592	6711	6614	6542	6577	6792	6887	6058	6734	6761	6561	6468	6884	6824	6623	6613	6798	6822	0	6762	6754	6809	6925	6628	6654	6726	6673	6645	6953	6932	6743	6637	6000	6620	6769	6648	6704	6744	6707	6629	6939	6744	6620	6582	6647	6695	6675	6506	6746	6750	6699	6709	6737
EF591303	6861	6550	6726	6457	6552	6437	6500	6525	6586	6540	6438	6476	6490	6389	6552	6710	6393	6507	6493	6432	6758	6646	6639	6556	6481	6320	6575	6602	6596	6711	6588	6243	6818	6576	6275	6513	6570	6468	6553	6468	6545	6669	6581	6571	6348	6849	6550	6600	6625	6556	6693	6571	6127	6429	6508	6532	6564	6538	6690	6798	6097	6784	6533	6579	6361	6711	6646	6484	6548	6769	6764	6762	0	6597	6691	6772	6637	6456	6591	6500	6561	6700	6787	6643	6460	6020	6435	6642	6575	6565	6516	6551	6529	6719	6680	6434	6559	6540	6521	6473	6510	6587	6527	6696	6576	6618
DQ673674	6715	6539	6472	6555	6649	6428	6460	6547	6708	6681	6444	6553	6513	6454	6749	6798	6385	6718	6653	6558	6600	6746	6634	6641	6608	6265	6445	6688	6774	6611	6564	6389	6693	6575	6191	6502	6636	6508	6646	6335	6665	6673	6548	6512	6220	6748	6609	6604	6708	6590	6572	6727	5995	6466	6542	6473	6551	6524	6727	6815	5974	6613	6588	6536	6441	6874	6831	6487	6412	6542	6681	6754	6597	0	6787	6813	6520	6606	6710	6527	6661	6716	6776	6682	6436	5871	6525	6765	6697	6649	6611	6601	6704	6756	6627	6516	6519	6539	6566	6624	6281	6915	6707	6572	6550	6793
