AF025369	0	7149	7375	7239	7602	6525	7172	7499	7522	7266	7247	7456	7282
AF025363	7149	0	6958	7227	7167	6169	7114	7088	7121	7228	7174	7084	7354
KP057683	7375	6958	0	7077	7384	6501	7119	7368	7340	7120	7099	7352	7123
FR870441	7239	7227	7077	0	7211	6317	7222	7172	7208	7451	7132	7177	7345
AF025368	7602	7167	7384	7211	0	6532	7159	7518	7506	7245	7265	7466	7293
LT615140	6525	6169	6501	6317	6532	0	6277	6452	6519	6331	6204	6493	6293
HQ992945	7172	7114	7119	7222	7159	6277	0	7137	7174	7228	7092	7152	7268
AF025367	7499	7088	7368	7172	7518	6452	7137	0	7426	7206	7231	7392	7260
AF025373	7522	7121	7340	7208	7506	6519	7174	7426	0	7246	7161	7414	7258
AF025371	7266	7228	7120	7451	7245	6331	7228	7206	7246	0	7117	7199	7378
AB273741	7247	7174	7099	7132	7265	6204	7092	7231	7161	7117	0	7184	7257
AJ233408	7456	7084	7352	7177	7466	6493	7152	7392	7414	7199	7184	0	7190
AF025364	7282	7354	7123	7345	7293	6293	7268	7260	7258	7378	7257	7190	0
