U30254	0	6782	7289	7387	7414	7289	7294	6867
KF663872	6782	0	6764	6746	6782	6764	6766	6800
X77434	7289	6764	0	7283	7301	7301	7158	6849
AM849034	7387	6746	7283	0	7545	7301	7284	6831
CP012573	7414	6782	7301	7545	0	7301	7302	6867
X77435	7289	6764	7301	7301	7301	0	7176	6849
U09761	7294	6766	7158	7284	7302	7176	0	6844
KF663871	6867	6800	6849	6831	6867	6849	6844	0
