KF479666	0	6721	6989	6889	6973	7030	6785	6748	6755	7041	6420	6835	7052	7129	7057	6822	6577	7043	6952	6816	6951	6769	6487	6693
GU181267	6721	0	6920	6848	6642	6899	6890	6819	6781	6686	6362	6824	6702	6754	6645	6551	6619	6589	6775	6715	6885	6466	6613	6553
KC447383	6989	6920	0	7024	6835	7052	6962	6827	7022	6738	6441	6893	6832	7001	6905	6685	6901	6834	6800	6836	6916	6543	6629	6541
HM061613	6889	6848	7024	0	6680	7025	6986	6818	6864	6806	6395	6979	6843	6885	6875	6765	6713	6815	6778	6793	6867	6584	6591	6604
FJ001840	6973	6642	6835	6680	0	6787	6653	6543	6586	6812	6177	6664	6975	7185	6776	6688	6420	6842	6803	6601	6874	6714	6290	6473
EU014872	7030	6899	7052	7025	6787	0	6974	6979	6890	6874	6394	6950	6910	6999	6921	6682	6663	6857	6808	6785	6907	6657	6667	6587
GU181266	6785	6890	6962	6986	6653	6974	0	6837	6869	6709	6333	6981	6824	6802	6769	6656	6693	6679	6747	6722	6874	6575	6604	6511
EF203083	6748	6819	6827	6818	6543	6979	6837	0	6703	6692	6434	6805	6682	6703	6642	6524	6512	6629	6701	6640	6778	6447	6632	6503
GQ214052	6755	6781	7022	6864	6586	6890	6869	6703	0	6587	6360	6776	6715	6750	6661	6665	6881	6745	6649	6807	6762	6441	6629	6499
AJ971483	7041	6686	6738	6806	6812	6874	6709	6692	6587	0	6309	6775	7007	6870	6741	6705	6450	6782	6843	6608	6847	6781	6395	6684
EF368008	6420	6362	6441	6395	6177	6394	6333	6434	6360	6309	0	6314	6316	6364	6273	6273	6259	6461	6394	6394	6450	6080	6205	6275
AF433165	6835	6824	6893	6979	6664	6950	6981	6805	6776	6775	6314	0	6830	6819	6785	6633	6597	6702	6786	6635	6825	6575	6593	6602
FJ001841	7052	6702	6832	6843	6975	6910	6824	6682	6715	7007	6316	6830	0	7049	6861	6806	6505	6952	6957	6704	6982	7072	6402	6668
JN806384	7129	6754	7001	6885	7185	6999	6802	6703	6750	6870	6364	6819	7049	0	6950	6881	6570	7069	6961	6801	7031	6745	6483	6628
AB362828	7057	6645	6905	6875	6776	6921	6769	6642	6661	6741	6273	6785	6861	6950	0	6650	6551	6796	6817	6717	6868	6585	6415	6580
EU912527	6822	6551	6685	6765	6688	6682	6656	6524	6665	6705	6273	6633	6806	6881	6650	0	6521	6855	6657	6808	6875	6531	6442	6523
HQ315787	6577	6619	6901	6713	6420	6663	6693	6512	6881	6450	6259	6597	6505	6570	6551	6521	0	6574	6497	6594	6606	6264	6509	6372
KX581041	7043	6589	6834	6815	6842	6857	6679	6629	6745	6782	6461	6702	6952	7069	6796	6855	6574	0	6889	6840	6899	6637	6452	6709
KF840792	6952	6775	6800	6778	6803	6808	6747	6701	6649	6843	6394	6786	6957	6961	6817	6657	6497	6889	0	6691	6916	6702	6513	6679
JQ806733	6816	6715	6836	6793	6601	6785	6722	6640	6807	6608	6394	6635	6704	6801	6717	6808	6594	6840	6691	0	6925	6434	6568	6539
AB271056	6951	6885	6916	6867	6874	6907	6874	6778	6762	6847	6450	6825	6982	7031	6868	6875	6606	6899	6916	6925	0	6697	6522	6562
FJ001842	6769	6466	6543	6584	6714	6657	6575	6447	6441	6781	6080	6575	7072	6745	6585	6531	6264	6637	6702	6434	6697	0	6166	6421
HQ704069	6487	6613	6629	6591	6290	6667	6604	6632	6629	6395	6205	6593	6402	6483	6415	6442	6509	6452	6513	6568	6522	6166	0	6385
DQ459874	6693	6553	6541	6604	6473	6587	6511	6503	6499	6684	6275	6602	6668	6628	6580	6523	6372	6709	6679	6539	6562	6421	6385	0
