FJ889599	0	6796	6578	6753	6553	6874	6781	6960	6479	7112	6383	7062	7040	6600	6712	6913	6883
AB094412	6796	0	6937	7046	6508	6910	7255	6888	6661	6898	6695	6953	6942	7018	7061	6788	7093
U85845	6578	6937	0	6963	6277	6791	6939	6656	6405	6732	6368	6757	6873	6742	6771	6662	7034
AB011364	6753	7046	6963	0	6488	6896	7124	6819	6763	6857	6601	6948	7024	6884	7028	6869	7197
JQ948043	6553	6508	6277	6488	0	6631	6513	6634	6423	6629	6424	6649	6612	6396	6465	6825	6595
KX618643	6874	6910	6791	6896	6631	0	6874	7044	6499	6951	6398	7121	7184	6720	6732	7096	7088
AB002630	6781	7255	6939	7124	6513	6874	0	6845	6676	6891	6710	7013	6915	7110	7107	6909	7074
KX450475	6960	6888	6656	6819	6634	7044	6845	0	6540	7120	6472	7125	7089	6641	6754	6997	6906
KM108776	6479	6661	6405	6763	6423	6499	6676	6540	0	6564	6548	6533	6557	6477	6622	6513	6734
KU696539	7112	6898	6732	6857	6629	6951	6891	7120	6564	0	6491	7148	7085	6670	6819	7023	6935
AB971664	6383	6695	6368	6601	6424	6398	6710	6472	6548	6491	0	6432	6467	6505	6603	6358	6565
DQ055844	7062	6953	6757	6948	6649	7121	7013	7125	6533	7148	6432	0	7183	6744	6760	7180	7077
DQ007434	7040	6942	6873	7024	6612	7184	6915	7089	6557	7085	6467	7183	0	6708	6771	7098	7175
U85846	6600	7018	6742	6884	6396	6720	7110	6641	6477	6670	6505	6744	6708	0	7010	6724	6867
U14581	6712	7061	6771	7028	6465	6732	7107	6754	6622	6819	6603	6760	6771	7010	0	6738	6913
KF193862	6913	6788	6662	6869	6825	7096	6909	6997	6513	7023	6358	7180	7098	6724	6738	0	6990
EU599214	6883	7093	7034	7197	6595	7088	7074	6906	6734	6935	6565	7077	7175	6867	6913	6990	0
