GQ421281	0	6436	6517	6491	6491	6657	6304	6456	6486	6472	6213	6432	6535	6260	6031	6687	6483	6582	6459	6453	6313	6174	6529	6393	6351	6623	6464	6450	6552	6517	5915	6489	6198	6367	6567	6211	6410	6468	6511	6522	6310	6541	6106	6349	6338	6573	6505	6402	6001	6434	6483	6396	6285	6451	6478	6537	6485	6383	6811	6431	6557	6475	6438	6546	6466	6405	6663	6486	6422	6412	6732	6455	6534	6366	6420	6152	6299	6050	6423	6318	6498	6495	6320	6455	6541	6432	6344	6068	6533	6408	6412	6361	6389	6488	6017	6545	5794	6621	6498	6079	6265	6405	6407	6306
X84241	6436	0	6738	6555	6477	6627	6137	6923	6800	6327	6360	6546	6785	6357	6299	6564	6712	6861	6678	6567	6284	6068	6545	6563	6526	6733	6430	6905	6510	6816	5873	6623	6627	6580	6758	6272	6425	6637	7096	6749	6808	6582	6145	6226	6724	6782	6942	6611	6324	6794	6700	6579	6351	6600	6598	6437	6821	6304	6490	6915	6813	6736	6747	6759	6762	6826	6787	6642	6776	6855	6410	6640	6753	6556	6930	6313	6314	5907	6803	6416	6825	6957	6676	6446	6628	6723	6418	6008	6505	6141	6750	6392	6451	6963	6283	6761	5872	6721	6814	6320	6352	6559	6652	6364
AJ309207	6517	6738	0	6515	6459	6589	6189	6799	6741	6389	6223	6502	6752	6211	5999	6543	6738	6771	6565	6645	6377	6064	6555	6413	6316	6662	6377	6664	6465	6913	5914	6692	6407	6545	6709	6139	6385	6553	6732	6648	6613	6594	6342	6173	6727	6932	6836	6520	6021	6619	6753	6668	6363	6420	6611	6545	6911	6303	6537	6757	6928	6711	6710	6786	6738	6759	6762	6517	6743	6551	6440	6663	6730	6648	6683	6111	6184	5803	6714	6324	6978	6856	6541	6350	6587	6604	6323	6123	6447	6151	6779	6302	6326	6797	6016	6769	5799	6648	6822	6011	6291	6994	6614	6485
AJ222815	6491	6555	6515	0	6462	6683	6299	6528	6681	6320	6264	6951	6655	6371	6046	6598	7025	6658	6654	6710	6332	6085	6387	6668	6363	6691	6474	6509	6542	6657	5911	6553	6330	6518	6752	6286	6391	6578	6618	6672	6444	6564	6110	6425	6517	6735	6657	6548	6045	6612	6569	6559	6518	6440	6674	6470	6653	6502	6525	6560	6663	6818	6622	6692	6810	6499	6708	6476	6587	6621	6449	6496	6546	6571	6591	6428	6497	6134	6591	6362	6671	6631	6538	6665	6642	6652	6326	6084	6571	6399	6621	6617	6429	6618	6053	6643	5826	6630	6546	6052	6362	6410	6956	6339
KT314237	6491	6477	6459	6462	0	6553	6311	6430	6440	6435	6117	6397	6502	6183	5946	6462	6474	6485	6380	6446	6298	6191	6351	6374	6196	6454	6344	6397	6413	6369	5761	6522	6161	6372	6480	6142	6348	6469	6450	6477	6351	6459	5983	6305	6316	6422	6418	6359	5978	6427	6464	6413	6398	6297	6434	6501	6454	6337	6558	6430	6428	6555	6383	6490	6541	6383	6573	6350	6386	6455	6428	6456	6494	6282	6382	6130	6244	5874	6358	6207	6460	6434	6406	6342	6433	6396	6227	6082	6422	6283	6401	6362	6296	6506	5951	6447	5690	6504	6444	6011	6127	6411	6370	6270
KF135179	6657	6627	6589	6683	6553	0	6287	6568	6728	6499	6307	6633	6839	6308	6063	6713	6727	6827	6675	6619	6368	6173	6451	6617	6343	6733	6617	6546	6747	6694	5991	6555	6382	6530	6780	6283	6480	6579	6677	6702	6504	6580	6179	6366	6546	6807	6641	6523	6126	6572	6700	6506	6504	6515	6632	6566	6668	6432	6686	6596	6700	6749	6642	6751	6670	6498	7132	6545	6563	6610	6577	6483	6717	6516	6617	6228	6370	6069	6554	6414	6691	6651	6512	6539	6671	6665	6394	6089	6632	6320	6614	6541	6433	6628	6055	6650	5830	6723	6519	6046	6378	6480	6623	6450
AJ504424	6304	6137	6189	6299	6311	6287	0	6182	6206	6224	5976	6218	6265	5981	5733	6225	6330	6307	6217	6285	6088	6041	6131	6147	6025	6256	6214	6136	6274	6133	5601	6274	5909	6130	6293	6045	6127	6266	6207	6219	6051	6294	5793	6139	6096	6148	6151	6071	5727	6229	6281	6196	6415	6135	6147	6247	6204	6352	6295	6172	6242	6497	6235	6235	6487	6087	6333	6186	6113	6178	6270	6224	6324	6134	6116	6053	6064	5718	6121	6046	6236	6145	6115	6358	6277	6231	6120	5984	6252	6121	6212	6471	6086	6204	5740	6333	5560	6252	6150	5801	5989	6140	6220	6084
AM397636	6456	6923	6799	6528	6430	6568	6182	0	6799	6371	6264	6490	6845	6313	6420	6463	6769	6867	6617	6718	6286	6083	6542	6528	6557	6688	6484	7120	6491	6742	5921	6702	6503	6571	6714	6189	6511	6574	6938	6732	6648	6526	6106	6272	6771	6756	7033	6621	6171	6727	6737	6612	6448	6570	6745	6590	6841	6282	6524	7121	6886	6710	6799	6712	6715	6994	6724	6559	6830	6725	6463	6707	6781	6684	6875	6236	6321	5905	6852	6354	6875	7033	6558	6437	6572	6673	6358	6056	6438	6196	6753	6385	6409	7294	6397	6746	5875	6678	6954	6237	6342	6649	6654	6391
AF314192	6486	6800	6741	6681	6440	6728	6206	6799	0	6283	6281	6637	6855	6382	6051	6656	6973	6853	7213	6821	6291	6084	6525	6557	6332	6813	6406	6668	6499	6790	5852	6644	6562	6489	6794	6395	6347	6563	6798	6812	6727	6568	6037	6239	6775	6762	6864	6535	6053	6735	6871	6687	6437	6455	6823	6496	6887	6313	6525	6765	6941	6754	7419	6865	6838	6736	6864	6649	6692	6575	6450	6659	6719	6652	6715	6283	6290	5983	6740	6372	6911	6919	6606	6604	6864	7163	6382	6181	6454	6237	6907	6437	6339	6855	6042	7161	5783	6752	6728	6025	6326	6567	6875	6327
AJ496733	6472	6327	6389	6320	6435	6499	6224	6371	6283	0	6048	6235	6506	6135	5953	6367	6346	6484	6255	6298	6305	6152	6267	6312	6254	6358	6453	6329	6459	6386	5936	6309	6041	6307	6439	6091	6385	6306	6331	6407	6161	6399	6022	6308	6294	6436	6350	6268	5940	6268	6305	6274	6266	6362	6284	6441	6376	6264	6489	6330	6362	6456	6263	6380	6342	6326	6492	6225	6324	6315	6423	6290	6370	6305	6307	6002	6207	5845	6293	6270	6371	6375	6114	6340	6306	6296	6187	6031	6430	6221	6279	6297	6277	6366	5922	6319	5676	6433	6299	5928	6184	6352	6247	6234
FJ185225	6213	6360	6223	6264	6117	6307	5976	6264	6281	6048	0	6257	6239	6232	5900	6233	6285	6294	6246	6155	6112	5902	6151	6210	6204	6209	6208	6263	6312	6267	5684	6205	6650	6207	6344	6117	6244	6337	6389	6340	6367	6304	5944	5991	6208	6348	6287	6333	6087	6375	6274	6192	5984	6265	6194	6099	6339	6146	6175	6240	6277	6274	6263	6349	6266	6206	6275	6202	6279	6362	6205	6234	6306	6172	6302	6134	6173	5796	6267	6264	6319	6344	6286	6227	6195	6219	6283	5827	6306	6070	6248	6205	6233	6317	5899	6208	5732	6336	6260	6013	6238	6060	6195	6200
HM165487	6432	6546	6502	6951	6397	6633	6218	6490	6637	6235	6257	0	6593	6432	5994	6515	6886	6580	6649	6659	6247	6032	6334	6639	6312	6671	6390	6483	6468	6598	5862	6511	6313	6522	6669	6230	6315	6527	6573	6617	6406	6512	6082	6362	6535	6672	6581	6555	6028	6561	6552	6529	6427	6401	6678	6435	6654	6424	6444	6496	6677	6701	6576	6645	6708	6500	6642	6481	6569	6565	6384	6421	6492	6582	6599	6390	6465	6105	6586	6352	6661	6576	6535	6620	6639	6597	6285	6037	6498	6352	6628	6501	6358	6547	6016	6587	5788	6545	6492	6031	6281	6413	6801	6309
X84256	6535	6785	6752	6655	6502	6839	6265	6845	6855	6506	6239	6593	0	6381	6143	6690	6909	7146	6751	6767	6389	6154	6487	6653	6394	6859	6904	6738	6793	6911	6094	6769	6569	6591	6990	6332	6614	6618	6786	6906	6590	6629	6210	6306	6797	6897	6815	6590	6117	6739	6866	6592	6571	6548	6751	6729	6946	6450	6627	6827	6949	6886	6796	6801	6819	6757	6994	6541	6744	6621	6547	6689	6991	6707	6767	6286	6374	6009	6781	6470	6954	6884	6680	6626	6661	6798	6365	6028	6659	6247	6810	6543	6513	6871	6134	6785	5942	6798	6727	6092	6413	6644	6798	6514
HE983827	6260	6357	6211	6371	6183	6308	5981	6313	6382	6135	6232	6432	6381	0	5998	6353	6431	6349	6355	6215	6092	6074	6189	6361	6224	6403	6272	6290	6295	6290	5786	6369	6212	6294	6385	6250	6236	6362	6340	6393	6362	6371	5925	6118	6301	6290	6286	6391	6003	6546	6334	6240	6021	6287	6277	6224	6436	6264	6224	6317	6461	6307	6292	6360	6368	6254	6305	6245	6350	6308	6232	6362	6297	6192	6373	6274	6231	5860	6363	6362	6433	6377	6538	6315	6265	6319	6187	5842	6393	6113	6358	6243	6399	6377	6028	6297	5698	6363	6278	5938	6127	6079	6314	6159
X82055	6031	6299	5999	6046	5946	6063	5733	6420	6051	5953	5900	5994	6143	5998	0	5996	6029	6175	6021	5893	5771	5774	5911	6059	6243	6053	6133	6403	6102	6087	5940	6004	5876	6068	6063	5885	6091	6093	6323	6064	6043	6084	6109	5838	6034	6084	6249	6134	6198	6113	6000	5918	5803	6215	5958	6026	6153	5999	6034	6353	6131	6046	6035	6086	6064	6209	6070	6014	6184	6263	6084	6009	6116	5918	6278	5940	6015	5963	6176	6088	6162	6310	5968	6023	6008	6020	6059	5580	6085	5827	6014	6019	6145	6478	6553	6002	5886	6180	6198	6170	6022	5896	5975	5823
DQ219354	6687	6564	6543	6598	6462	6713	6225	6463	6656	6367	6233	6515	6690	6353	5996	0	6657	6692	6643	6499	6280	6170	6576	6520	6329	6813	6496	6442	6533	6680	5903	6438	6306	6507	6633	6311	6356	6586	6639	6571	6467	6638	6125	6322	6524	6653	6575	6502	6014	6535	6596	6441	6291	6483	6503	6509	6598	6422	6691	6497	6688	6574	6692	6654	6642	6368	6749	6642	6453	6485	6596	6427	6598	6443	6474	6214	6280	5995	6489	6410	6613	6581	6410	6603	6664	6648	6424	6021	6604	6253	6554	6419	6418	6523	5980	6761	5850	6697	6497	6009	6343	6381	6569	6351
CP006842	6483	6712	6738	7025	6474	6727	6330	6769	6973	6346	6285	6886	6909	6431	6029	6657	0	6902	6809	6992	6351	6145	6526	6786	6338	6885	6480	6652	6552	6834	5895	6777	6551	6586	6937	6328	6424	6552	6768	6852	6699	6591	6098	6458	6915	6867	6859	6578	6063	6804	6839	6698	6643	6445	6953	6489	6982	6554	6518	6749	7022	7047	6931	6890	7097	6727	6882	6619	6731	6643	6434	6713	6722	6848	6718	6522	6541	6164	6743	6503	7008	6925	6739	6778	6682	6852	6301	6056	6591	6430	6920	6643	6433	6846	6036	6981	5818	6609	6778	6057	6369	6633	7178	6426
X84248	6582	6861	6771	6658	6485	6827	6307	6867	6853	6484	6294	6580	7146	6349	6175	6692	6902	0	6739	6741	6381	6150	6514	6609	6442	6789	6769	6774	6775	6858	6098	6759	6547	6557	6980	6301	6653	6639	6824	6903	6670	6666	6195	6301	6784	6909	6864	6576	6146	6765	6822	6660	6524	6580	6736	6684	6898	6460	6675	6856	6955	6905	6817	6798	6842	6771	6998	6573	6798	6660	6586	6691	6988	6700	6768	6261	6370	6001	6827	6432	6946	6899	6659	6592	6671	6818	6435	6067	6593	6240	6857	6553	6502	6880	6159	6790	5949	6835	6752	6116	6436	6645	6771	6484
HQ612241	6459	6678	6565	6654	6380	6675	6217	6617	7213	6255	6246	6649	6751	6355	6021	6643	6809	6739	0	6633	6234	6053	6499	6567	6302	6758	6414	6617	6491	6736	5856	6542	6462	6459	6760	6339	6333	6557	6693	6751	6646	6549	6038	6211	6623	6725	6663	6548	6031	6661	6688	6639	6419	6435	6649	6505	6794	6303	6522	6619	6816	6669	7138	6797	6729	6547	6778	6614	6639	6550	6444	6515	6652	6482	6622	6240	6288	5946	6699	6375	6809	6751	6512	6578	6843	7107	6407	6139	6448	6223	6766	6406	6348	6667	6035	7020	5749	6717	6586	6000	6296	6464	6737	6298
AM930556	6453	6567	6645	6710	6446	6619	6285	6718	6821	6298	6155	6659	6767	6215	5893	6499	6992	6741	6633	0	6260	6017	6459	6702	6215	6740	6398	6557	6428	6647	5771	6725	6463	6397	6800	6259	6368	6478	6639	6749	6464	6534	5924	6489	6628	6718	6734	6431	5925	6730	6760	6667	6498	6323	7083	6542	6732	6314	6492	6637	6780	6764	6792	6648	6788	6651	6763	6518	6590	6446	6422	6689	6700	6890	6595	6200	6475	6184	6626	6263	6705	6654	6611	6493	6558	6672	6194	6089	6417	6504	6738	6463	6211	6751	5886	6741	5713	6532	6683	5999	6197	6496	6806	6378
AJ555193	6313	6284	6377	6332	6298	6368	6088	6286	6291	6305	6112	6247	6389	6092	5771	6280	6351	6381	6234	6260	0	6022	6251	6254	6120	6280	6222	6270	6273	6344	5678	6458	6168	6321	6405	6052	6284	6340	6304	6364	6228	6380	5939	6140	6335	6407	6332	6274	5903	6428	6309	6296	6181	6237	6254	6335	6444	6119	6358	6239	6383	6343	6247	6372	6350	6284	6348	6201	6280	6274	6221	6448	6463	6223	6314	6021	6054	5690	6271	6162	6401	6302	6280	6249	6262	6223	6092	5979	6272	6075	6308	6095	6139	6268	5768	6252	5726	6357	6237	5836	6131	6337	6284	6742
AJ566641	6174	6068	6064	6085	6191	6173	6041	6083	6084	6152	5902	6032	6154	6074	5774	6170	6145	6150	6053	6017	6022	0	6106	5976	5991	6131	6132	6061	6131	6043	5589	6194	5797	6034	6163	6008	6076	6152	6156	6142	5995	6157	5815	5969	6047	6087	6068	6027	5842	6200	6142	6048	6035	6073	6022	6153	6128	6125	6204	6043	6191	6119	6115	6184	6089	5999	6143	6043	6011	6072	6166	6137	6111	5894	6058	5932	5977	5707	6025	6128	6131	6069	6076	6105	6029	6107	6069	5872	6203	6013	6010	6084	6310	6101	5774	6110	5562	6159	6116	5889	6044	6054	6006	5966
KT892940	6529	6545	6555	6387	6351	6451	6131	6542	6525	6267	6151	6334	6487	6189	5911	6576	6526	6514	6499	6459	6251	6106	0	6348	6242	6672	6218	6529	6282	6531	5687	6534	6319	6308	6586	6132	6187	6451	6622	6516	6470	6495	5943	6191	6443	6545	6626	6378	5920	6555	6676	6534	6267	6299	6493	6448	6512	6150	6516	6565	6551	6502	6556	6562	6516	6512	6551	6647	6524	6383	6395	6525	6560	6408	6524	6107	6133	5849	6523	6179	6529	6607	6413	6281	6570	6557	6196	6000	6332	6209	6543	6173	6258	6581	5902	6613	5676	6513	6669	5983	6111	6437	6460	6332
HE983829	6393	6563	6413	6668	6374	6617	6147	6528	6557	6312	6210	6639	6653	6361	6059	6520	6786	6609	6567	6702	6254	5976	6348	0	6370	6647	6408	6493	6489	6585	5888	6481	6330	6512	6684	6265	6355	6410	6573	6639	6452	6495	6003	6571	6545	6589	6560	6509	6043	6558	6491	6448	6344	6447	6879	6446	6622	6391	6428	6540	6611	6592	6541	6633	6679	6557	6605	6406	6570	6495	6357	6408	6522	6759	6539	6372	6829	6307	6577	6428	6576	6607	6479	6526	6501	6591	6213	5949	6491	6561	6571	6408	6284	6593	6049	6577	5735	6557	6444	5958	6241	6288	6632	6347
Y14651	6351	6526	6316	6363	6196	6343	6025	6557	6332	6254	6204	6312	6394	6224	6243	6329	6338	6442	6302	6215	6120	5991	6242	6370	0	6397	6371	6534	6444	6365	5952	6273	6161	6392	6378	6142	6303	6381	6551	6381	6303	6379	6125	6115	6373	6433	6627	6332	6160	6404	6317	6247	6006	6525	6271	6297	6432	6277	6311	6561	6438	6348	6318	6394	6372	6557	6343	6360	6579	6536	6388	6298	6356	6269	6531	6233	6361	5980	6540	6368	6453	6668	6180	6275	6347	6316	6346	5907	6428	6180	6394	6255	6366	6529	6216	6350	5830	6408	6451	6160	6329	6176	6252	6108
AY226509	6623	6733	6662	6691	6454	6733	6256	6688	6813	6358	6209	6671	6859	6403	6053	6813	6885	6789	6758	6740	6280	6131	6672	6647	6397	0	6485	6672	6542	6836	5934	6682	6455	6560	6860	6311	6354	6527	6814	6815	6643	6620	6100	6323	6733	6824	6806	6501	6029	6758	6829	6605	6384	6497	6798	6564	6789	6381	6629	6742	6871	6770	6820	6826	6790	6647	6867	6747	6729	6541	6557	6650	6735	6665	6705	6312	6370	6106	6733	6412	6813	6846	6663	6581	6751	6818	6380	6049	6545	6368	6793	6373	6413	6749	6037	6903	5849	6692	6775	6067	6297	6519	6798	6389
X81916	6464	6430	6377	6474	6344	6617	6214	6484	6406	6453	6208	6390	6904	6272	6133	6496	6480	6769	6414	6398	6222	6132	6218	6408	6371	6485	0	6442	6731	6535	6079	6406	6185	6378	6659	6271	6512	6479	6450	6566	6217	6514	6217	6204	6359	6552	6442	6410	6124	6415	6458	6314	6303	6511	6363	6495	6533	6446	6469	6490	6534	6542	6352	6497	6423	6392	6646	6269	6440	6437	6543	6321	6665	6368	6409	6223	6376	6016	6474	6406	6532	6457	6336	6481	6418	6386	6364	5961	6591	6240	6391	6503	6520	6495	6124	6371	5953	6621	6343	6073	6375	6288	6386	6280
Y11200	6450	6905	6664	6509	6397	6546	6136	7120	6668	6329	6263	6483	6738	6290	6403	6442	6652	6774	6617	6557	6270	6061	6529	6493	6534	6672	6442	0	6444	6748	5885	6616	6444	6528	6713	6188	6468	6543	6903	6708	6640	6520	6107	6243	6644	6770	6908	6608	6196	6728	6631	6570	6398	6569	6585	6572	6753	6290	6504	6975	6768	6674	6644	6702	6663	6882	6669	6556	6812	6709	6446	6631	6744	6534	6880	6206	6322	5912	6813	6328	6781	6956	6558	6429	6590	6623	6352	5992	6424	6185	6654	6373	6412	7095	6380	6623	5880	6649	6927	6242	6333	6539	6581	6327
AJ401282	6552	6510	6465	6542	6413	6747	6274	6491	6499	6459	6312	6468	6793	6295	6102	6533	6552	6775	6491	6428	6273	6131	6282	6489	6444	6542	6731	6444	0	6601	6097	6405	6246	6450	6665	6292	6544	6541	6504	6578	6359	6521	6250	6212	6443	6676	6491	6371	6148	6464	6511	6387	6313	6531	6438	6462	6589	6454	6517	6500	6568	6590	6436	6622	6528	6416	6734	6321	6484	6519	6543	6354	6710	6375	6508	6253	6404	6030	6485	6415	6604	6603	6398	6500	6481	6462	6413	6065	6665	6272	6493	6528	6481	6505	6087	6462	5955	6603	6400	6061	6453	6354	6474	6271
X84442	6517	6816	6913	6657	6369	6694	6133	6742	6790	6386	6267	6598	6911	6290	6087	6680	6834	6858	6736	6647	6344	6043	6531	6585	6365	6836	6535	6748	6601	0	6012	6586	6531	6597	6847	6345	6438	6579	6804	6764	6705	6576	6308	6222	6757	7165	6793	6663	6069	6740	6721	6679	6430	6549	6625	6577	6933	6318	6529	6750	6946	6795	6757	6918	6773	6678	6837	6570	6730	6617	6483	6569	6761	6659	6707	6232	6304	5974	6779	6497	6957	6885	6592	6539	6633	6795	6380	6106	6545	6224	6868	6398	6380	6767	6073	6754	5951	6727	6786	6021	6470	6748	6820	6384
X83955	5915	5873	5914	5911	5761	5991	5601	5921	5852	5936	5684	5862	6094	5786	5940	5903	5895	6098	5856	5771	5678	5589	5687	5888	5952	5934	6079	5885	6097	6012	0	5794	5635	5833	6030	5683	5950	5882	5875	5998	5762	5908	6066	5629	5838	6083	5901	5837	5859	5848	5865	5792	5641	5977	5817	5869	5986	5922	5872	5896	5968	5976	5822	6003	5890	5875	5997	5748	5945	5936	5951	5734	5946	5834	5891	5681	5856	5847	5898	5918	6013	5972	5754	5869	5895	5861	5880	5406	6037	5683	5880	5856	5917	5904	5909	5855	5718	6029	5810	5792	5930	5823	5823	5696
KJ938705	6489	6623	6692	6553	6522	6555	6274	6702	6644	6309	6205	6511	6769	6369	6004	6438	6777	6759	6542	6725	6458	6194	6534	6481	6273	6682	6406	6616	6405	6586	5794	0	6451	6408	6772	6274	6431	6558	6643	6731	6563	6530	6043	6244	6588	6653	6627	6499	6030	7043	6699	6617	6418	6316	6640	6609	6826	6395	6547	6696	6785	6661	6586	6626	6699	6638	6750	6533	6632	6475	6406	7092	6849	6554	6677	6211	6283	5913	6621	6329	6825	6662	6721	6339	6531	6593	6282	6074	6471	6274	6707	6336	6400	6741	6016	6657	5769	6568	6657	5994	6181	6594	6611	6550
X86688	6198	6627	6407	6330	6161	6382	5909	6503	6562	6041	6650	6313	6569	6212	5876	6306	6551	6547	6462	6463	6168	5797	6319	6330	6161	6455	6185	6444	6246	6531	5635	6451	0	6261	6603	6108	6204	6330	6595	6636	6591	6327	5855	6037	6468	6530	6576	6445	5968	6585	6531	6381	6134	6246	6500	6247	6606	6072	6254	6479	6559	6465	6542	6517	6492	6445	6510	6398	6487	6433	6205	6465	6529	6399	6494	6103	6115	5783	6535	6269	6578	6612	6479	6253	6391	6528	6155	5797	6269	6062	6559	6145	6147	6536	5868	6491	5647	6386	6453	5884	6200	6288	6460	6273
X84438	6367	6580	6545	6518	6372	6530	6130	6571	6489	6307	6207	6522	6591	6294	6068	6507	6586	6557	6459	6397	6321	6034	6308	6512	6392	6560	6378	6528	6450	6597	5833	6408	6261	0	6540	6260	6353	6469	6568	6497	6443	6534	6134	6145	7122	6613	6581	6581	6102	6493	6445	6435	6232	6476	6406	6446	6747	6309	6416	6526	6737	6549	6483	6632	6637	6465	6522	6452	6516	6577	6361	6401	6471	6438	6509	6197	6271	5886	6510	6495	6750	6668	6366	6496	6481	6453	6284	5956	6430	6124	6547	6300	6343	6603	6061	6536	5806	6535	6508	6026	6315	6408	6486	6375
FJ157329	6567	6758	6709	6752	6480	6780	6293	6714	6794	6439	6344	6669	6990	6385	6063	6633	6937	6980	6760	6800	6405	6163	6586	6684	6378	6860	6659	6713	6665	6847	6030	6772	6603	6540	0	6329	6488	6607	6786	7191	6680	6689	6212	6327	6717	6904	6758	6526	6156	6858	6835	6668	6533	6555	6762	6608	6872	6459	6595	6726	6833	6906	6766	6815	6866	6649	6938	6571	6753	6654	6520	6700	6908	6695	6741	6349	6435	6092	6737	6402	6860	6804	6745	6618	6724	6786	6383	6057	6638	6326	6798	6558	6466	6754	6063	6812	5882	6771	6701	6128	6424	6584	6830	6545
Z97069	6211	6272	6139	6286	6142	6283	6045	6189	6395	6091	6117	6230	6332	6250	5885	6311	6328	6301	6339	6259	6052	6008	6132	6265	6142	6311	6271	6188	6292	6345	5683	6274	6108	6260	6329	0	6181	6260	6298	6319	6132	6309	5879	6013	6242	6285	6219	6296	5912	6435	6231	6230	5968	6281	6204	6238	6386	6236	6175	6234	6369	6248	6331	6322	6313	6185	6317	6208	6213	6236	6282	6223	6316	6119	6231	6135	6213	5861	6259	6240	6370	6240	6248	6252	6272	6299	6154	5878	6281	6086	6321	6234	6269	6246	5873	6314	5877	6384	6133	5855	6165	6004	6263	6138
X81871	6410	6425	6385	6391	6348	6480	6127	6511	6347	6385	6244	6315	6614	6236	6091	6356	6424	6653	6333	6368	6284	6076	6187	6355	6303	6354	6512	6468	6544	6438	5950	6431	6204	6353	6488	6181	0	6385	6465	6475	6322	6463	6036	6189	6344	6498	6459	6409	6063	6446	6308	6384	6228	6440	6292	6531	6510	6297	6455	6469	6504	6451	6296	6475	6398	6428	6503	6227	6426	6482	6461	6409	6582	6243	6455	6118	6230	5829	6442	6317	6523	6477	6315	6348	6280	6300	6274	6034	6446	6139	6355	6352	6400	6525	6093	6269	5853	6463	6441	6064	6301	6281	6294	6292
FM173119	6468	6637	6553	6578	6469	6579	6266	6574	6563	6306	6337	6527	6618	6362	6093	6586	6552	6639	6557	6478	6340	6152	6451	6410	6381	6527	6479	6543	6541	6579	5882	6558	6330	6469	6607	6260	6385	0	6654	6559	6543	6669	6206	6207	6442	6593	6568	6506	6169	6638	6602	6497	6281	6450	6429	6526	6621	6350	6532	6592	6621	6560	6539	6642	6564	6461	6634	6492	6509	6614	6455	6483	6665	6401	6593	6242	6262	5919	6548	6354	6647	6589	6558	6438	6588	6542	6523	6061	6545	6199	6555	6422	6523	6619	6098	6577	5891	6704	6538	6132	6339	6444	6432	6390
Y09045	6511	7096	6732	6618	6450	6677	6207	6938	6798	6331	6389	6573	6786	6340	6323	6639	6768	6824	6693	6639	6304	6156	6622	6573	6551	6814	6450	6903	6504	6804	5875	6643	6595	6568	6786	6298	6465	6654	0	6748	6803	6633	6118	6232	6725	6803	7047	6621	6309	6825	6795	6654	6432	6571	6634	6512	6819	6351	6548	6956	6833	6791	6754	6787	6784	6823	6823	6743	6814	6873	6502	6656	6765	6590	6996	6286	6340	5946	6822	6404	6828	7024	6647	6490	6658	6762	6514	6136	6511	6207	6804	6463	6478	6998	6299	6811	5865	6735	6919	6328	6397	6552	6722	6383
GQ871934	6522	6749	6648	6672	6477	6702	6219	6732	6812	6407	6340	6617	6906	6393	6064	6571	6852	6903	6751	6749	6364	6142	6516	6639	6381	6815	6566	6708	6578	6764	5998	6731	6636	6497	7191	6319	6475	6559	6748	0	6633	6620	6129	6282	6666	6818	6745	6542	6150	6814	6764	6659	6485	6531	6741	6571	6806	6440	6583	6703	6808	6835	6776	6808	6823	6673	6867	6575	6763	6598	6492	6708	6834	6642	6709	6296	6410	6046	6763	6372	6804	6797	6809	6530	6694	6764	6384	6078	6577	6290	6814	6470	6430	6740	6057	6768	5876	6758	6678	6095	6349	6516	6761	6511
X84252	6310	6808	6613	6444	6351	6504	6051	6648	6727	6161	6367	6406	6590	6362	6043	6467	6699	6670	6646	6464	6228	5995	6470	6452	6303	6643	6217	6640	6359	6705	5762	6563	6591	6443	6680	6132	6322	6543	6803	6633	0	6417	6051	6097	6663	6688	6675	6605	6170	6702	6572	6483	6232	6386	6479	6325	6866	6211	6367	6678	6807	6609	6721	6754	6688	6575	6641	6543	6686	6661	6273	6577	6608	6445	6760	6221	6189	5801	6667	6425	6862	6836	6669	6429	6519	6669	6439	5934	6385	6076	6679	6278	6338	6722	6043	6710	5754	6532	6655	6101	6264	6470	6619	6358
HG799102	6541	6582	6594	6564	6459	6580	6294	6526	6568	6399	6304	6512	6629	6371	6084	6638	6591	6666	6549	6534	6380	6157	6495	6495	6379	6620	6514	6520	6521	6576	5908	6530	6327	6534	6689	6309	6463	6669	6633	6620	6417	0	6207	6292	6516	6616	6554	6512	6132	6544	6672	6523	6317	6523	6488	6527	6616	6395	6595	6531	6624	6559	6552	6637	6607	6474	6624	6538	6477	6534	6533	6468	6666	6486	6495	6307	6294	6000	6498	6450	6610	6586	6446	6540	6586	6534	6393	6092	6566	6285	6555	6466	6420	6589	6096	6593	5821	6667	6569	6147	6346	6451	6457	6439
Y10999	6106	6145	6342	6110	5983	6179	5793	6106	6037	6022	5944	6082	6210	5925	6109	6125	6098	6195	6038	5924	5939	5815	5943	6003	6125	6100	6217	6107	6250	6308	6066	6043	5855	6134	6212	5879	6036	6206	6118	6129	6051	6207	0	5790	6091	6378	6101	6137	6123	6086	6153	5987	5796	6200	5943	6035	6314	6061	6061	6061	6282	6151	6010	6237	6156	6063	6209	5997	6177	6177	6147	5979	6176	5974	6110	5946	5964	5943	6156	6157	6356	6202	6049	6054	6104	6027	6109	5634	6231	5829	6063	6022	6138	6107	6095	6072	5943	6176	6064	6040	6121	6279	6010	5949
AJ440964	6349	6226	6173	6425	6305	6366	6139	6272	6239	6308	5991	6362	6306	6118	5838	6322	6458	6301	6211	6489	6140	5969	6191	6571	6115	6323	6204	6243	6212	6222	5629	6244	6037	6145	6327	6013	6189	6207	6232	6282	6097	6292	5790	0	6148	6284	6247	6149	5821	6221	6263	6191	6271	6236	6616	6294	6190	6148	6385	6208	6215	6302	6233	6249	6300	6231	6339	6179	6179	6213	6263	6226	6207	6451	6216	6059	6435	6129	6171	6128	6159	6220	6139	6332	6243	6237	6014	5914	6304	6480	6184	6259	6099	6310	5832	6249	5517	6286	6204	5861	5995	6152	6323	6141
AJ439343	6338	6724	6727	6517	6316	6546	6096	6771	6775	6294	6208	6535	6797	6301	6034	6524	6915	6784	6623	6628	6335	6047	6443	6545	6373	6733	6359	6644	6443	6757	5838	6588	6468	7122	6717	6242	6344	6442	6725	6666	6663	6516	6091	6148	0	6787	6811	6567	6102	6659	6658	6538	6323	6466	6640	6453	7028	6312	6395	6727	7030	6737	6803	6766	6822	6664	6682	6547	6683	6589	6339	6571	6620	6663	6661	6231	6276	5874	6689	6566	7029	6950	6501	6558	6555	6672	6265	5943	6412	6111	6789	6298	6330	6809	6032	6829	5803	6545	6730	6022	6332	6594	6718	6432
AJ012837	6573	6782	6932	6735	6422	6807	6148	6756	6762	6436	6348	6672	6897	6290	6084	6653	6867	6909	6725	6718	6407	6087	6545	6589	6433	6824	6552	6770	6676	7165	6083	6653	6530	6613	6904	6285	6498	6593	6803	6818	6688	6616	6378	6284	6787	0	6804	6667	6132	6755	6780	6676	6480	6552	6712	6586	6954	6407	6598	6738	6956	6887	6735	6905	6815	6700	6937	6587	6794	6686	6538	6604	6792	6701	6788	6253	6368	6033	6773	6506	6969	6910	6631	6530	6711	6757	6429	6115	6625	6278	6797	6430	6428	6771	6077	6744	5925	6670	6805	6092	6493	6815	6810	6424
HE575405	6505	6942	6836	6657	6418	6641	6151	7033	6864	6350	6287	6581	6815	6286	6249	6575	6859	6864	6663	6734	6332	6068	6626	6560	6627	6806	6442	6908	6491	6793	5901	6627	6576	6581	6758	6219	6459	6568	7047	6745	6675	6554	6101	6247	6811	6804	0	6588	6193	6775	6821	6634	6405	6569	6761	6596	6852	6328	6530	6984	6941	6772	6857	6714	6799	7018	6771	6677	6905	6753	6484	6665	6756	6700	6959	6257	6355	5944	6920	6354	6878	7166	6550	6472	6630	6773	6405	6069	6463	6215	6815	6400	6457	7048	6226	6820	5873	6701	7035	6209	6371	6647	6763	6375
EF217056	6402	6611	6520	6548	6359	6523	6071	6621	6535	6268	6333	6555	6590	6391	6134	6502	6578	6576	6548	6431	6274	6027	6378	6509	6332	6501	6410	6608	6371	6663	5837	6499	6445	6581	6526	6296	6409	6506	6621	6542	6605	6512	6137	6149	6567	6667	6588	0	6122	6632	6489	6450	6232	6450	6444	6468	6788	6292	6459	6557	6798	6522	6509	6663	6542	6509	6540	6448	6572	6660	6395	6465	6515	6376	6576	6222	6294	5901	6615	6531	6798	6616	6539	6467	6461	6509	6276	5961	6467	6165	6501	6319	6419	6639	6133	6496	5854	6555	6549	6091	6304	6424	6482	6326
AJ297402	6001	6324	6021	6045	5978	6126	5727	6171	6053	5940	6087	6028	6117	6003	6198	6014	6063	6146	6031	5925	5903	5842	5920	6043	6160	6029	6124	6196	6148	6069	5859	6030	5968	6102	6156	5912	6063	6169	6309	6150	6170	6132	6123	5821	6102	6132	6193	6122	0	6152	6058	5972	5770	6235	5963	5941	6225	5977	5990	6150	6173	6083	6006	6152	6060	6153	6133	6021	6154	6376	6048	6026	6108	5946	6252	6000	5986	5878	6137	6171	6219	6272	6087	6016	6024	5974	6126	5595	6172	5836	6014	6000	6147	6242	6196	6011	5821	6154	6154	6296	6060	5921	5986	5906
Y09806	6434	6794	6619	6612	6427	6572	6229	6727	6735	6268	6375	6561	6739	6546	6113	6535	6804	6765	6661	6730	6428	6200	6555	6558	6404	6758	6415	6728	6464	6740	5848	7043	6585	6493	6858	6435	6446	6638	6825	6814	6702	6544	6086	6221	6659	6755	6775	6632	6152	0	6748	6663	6324	6452	6645	6521	6860	6427	6473	6767	6821	6718	6686	6729	6781	6673	6748	6651	6746	6632	6390	7090	6827	6539	6815	6259	6388	5983	6757	6451	6852	6778	6820	6459	6593	6689	6365	6103	6563	6242	6760	6402	6533	6778	6112	6729	5917	6658	6722	6118	6302	6483	6698	6497
EU998655	6483	6700	6753	6569	6464	6700	6281	6737	6871	6305	6274	6552	6866	6334	6000	6596	6839	6822	6688	6760	6309	6142	6676	6491	6317	6829	6458	6631	6511	6721	5865	6699	6531	6445	6835	6231	6308	6602	6795	6764	6572	6672	6153	6263	6658	6780	6821	6489	6058	6748	0	6612	6421	6427	6834	6483	6770	6353	6528	6777	6830	6758	6826	6709	6753	6667	6835	6679	6646	6498	6446	6671	6769	6693	6671	6215	6276	5996	6643	6322	6785	6795	6622	6455	6671	6785	6346	6059	6523	6265	6762	6391	6413	6779	5990	6865	5773	6589	6787	6044	6236	6621	6701	6373
FJ172667	6396	6579	6668	6559	6413	6506	6196	6612	6687	6274	6192	6529	6592	6240	5918	6441	6698	6660	6639	6667	6296	6048	6534	6448	6247	6605	6314	6570	6387	6679	5792	6617	6381	6435	6668	6230	6384	6497	6654	6659	6483	6523	5987	6191	6538	6676	6634	6450	5972	6663	6612	0	6411	6356	6581	6510	6638	6309	6453	6558	6682	6656	6658	6740	6647	6562	6636	6553	6635	6480	6391	6587	6576	6522	6591	6092	6260	5914	6680	6278	6665	6622	6492	6365	6551	6690	6342	6439	6350	6228	7030	6380	6265	6615	5937	6630	5673	6585	6623	5984	6271	6502	6592	6396
AB128981	6285	6351	6363	6518	6398	6504	6415	6448	6437	6266	5984	6427	6571	6021	5803	6291	6643	6524	6419	6498	6181	6035	6267	6344	6006	6384	6303	6398	6313	6430	5641	6418	6134	6232	6533	5968	6228	6281	6432	6485	6232	6317	5796	6271	6323	6480	6405	6232	5770	6324	6421	6411	0	6138	6462	6362	6428	6366	6390	6370	6451	6772	6389	6483	6697	6304	6542	6244	6278	6309	6257	6320	6465	6379	6364	6065	6136	5794	6307	6052	6428	6389	6317	6415	6341	6435	6086	5960	6275	6194	6405	6660	6083	6489	5802	6360	5505	6350	6420	5823	6054	6374	6561	6198
Y09569	6451	6600	6420	6440	6297	6515	6135	6570	6455	6362	6265	6401	6548	6287	6215	6483	6445	6580	6435	6323	6237	6073	6299	6447	6525	6497	6511	6569	6531	6549	5977	6316	6246	6476	6555	6281	6440	6450	6571	6531	6386	6523	6200	6236	6466	6552	6569	6450	6235	6452	6427	6356	6138	0	6357	6390	6561	6346	6449	6531	6631	6457	6432	6600	6466	6491	6516	6380	6514	6541	6508	6343	6455	6337	6458	6272	6352	5992	6534	6481	6593	6627	6264	6456	6431	6402	6428	6033	6525	6217	6475	6343	6457	6591	6201	6429	5920	6544	6504	6191	6432	6289	6392	6252
AM946639	6478	6598	6611	6674	6434	6632	6147	6745	6823	6284	6194	6678	6751	6277	5958	6503	6953	6736	6649	7083	6254	6022	6493	6879	6271	6798	6363	6585	6438	6625	5817	6640	6500	6406	6762	6204	6292	6429	6634	6741	6479	6488	5943	6616	6640	6712	6761	6444	5963	6645	6834	6581	6462	6357	0	6486	6683	6310	6539	6672	6779	6710	6800	6636	6716	6666	6750	6518	6581	6422	6445	6577	6626	6966	6602	6248	6696	6450	6601	6323	6662	6683	6588	6495	6578	6730	6205	5995	6435	6719	6711	6407	6243	6793	5952	6755	5645	6564	6677	6000	6175	6474	6793	6297
KF986249	6537	6437	6545	6470	6501	6566	6247	6590	6496	6441	6099	6435	6729	6224	6026	6509	6489	6684	6505	6542	6335	6153	6448	6446	6297	6564	6495	6572	6462	6577	5869	6609	6247	6446	6608	6238	6531	6526	6512	6571	6325	6527	6035	6294	6453	6586	6596	6468	5941	6521	6483	6510	6362	6390	6486	0	6575	6267	6648	6553	6677	6515	6471	6557	6468	6566	6619	6378	6546	6414	6493	6471	6705	6409	6519	6066	6254	5903	6600	6253	6623	6566	6417	6381	6511	6472	6265	6091	6365	6263	6506	6245	6369	6605	6025	6488	5783	6641	6576	5961	6246	6485	6387	6362
AJ439345	6485	6821	6911	6653	6454	6668	6204	6841	6887	6376	6339	6654	6946	6436	6153	6598	6982	6898	6794	6732	6444	6128	6512	6622	6432	6789	6533	6753	6589	6933	5986	6826	6606	6747	6872	6386	6510	6621	6819	6806	6866	6616	6314	6190	7028	6954	6852	6788	6225	6860	6770	6638	6428	6561	6683	6575	0	6471	6558	6832	7283	6852	6826	6942	6951	6780	6837	6593	6796	6755	6511	6757	6821	6708	6786	6324	6360	5975	6804	6632	7418	7041	6735	6664	6649	6753	6397	6060	6561	6205	6856	6452	6470	6888	6158	6888	5941	6704	6829	6136	6421	6805	6825	6540
X81913	6383	6304	6303	6502	6337	6432	6352	6282	6313	6264	6146	6424	6450	6264	5999	6422	6554	6460	6303	6314	6119	6125	6150	6391	6277	6381	6446	6290	6454	6318	5922	6395	6072	6309	6459	6236	6297	6350	6351	6440	6211	6395	6061	6148	6312	6407	6328	6292	5977	6427	6353	6309	6366	6346	6310	6267	6471	0	6391	6341	6467	6671	6264	6401	6684	6231	6467	6315	6315	6367	6441	6315	6438	6308	6307	6273	6406	5987	6286	6341	6486	6392	6284	6475	6348	6300	6333	5911	6477	6181	6344	6600	6440	6367	6005	6360	5808	6388	6303	5960	6192	6173	6414	6167
KP276149	6811	6490	6537	6525	6558	6686	6295	6524	6525	6489	6175	6444	6627	6224	6034	6691	6518	6675	6522	6492	6358	6204	6516	6428	6311	6629	6469	6504	6517	6529	5872	6547	6254	6416	6595	6175	6455	6532	6548	6583	6367	6595	6061	6385	6395	6598	6530	6459	5990	6473	6528	6453	6390	6449	6539	6648	6558	6391	0	6519	6633	6509	6494	6595	6516	6452	6706	6496	6457	6481	6761	6542	6621	6393	6468	6120	6264	6006	6460	6317	6572	6554	6380	6442	6560	6469	6346	6081	6478	6371	6451	6358	6414	6561	6026	6563	5761	6664	6575	6096	6234	6452	6441	6362
X96497	6431	6915	6757	6560	6430	6596	6172	7121	6765	6330	6240	6496	6827	6317	6353	6497	6749	6856	6619	6637	6239	6043	6565	6540	6561	6742	6490	6975	6500	6750	5896	6696	6479	6526	6726	6234	6469	6592	6956	6703	6678	6531	6061	6208	6727	6738	6984	6557	6150	6767	6777	6558	6370	6531	6672	6553	6832	6341	6519	0	6850	6706	6729	6689	6717	6899	6770	6618	6823	6714	6467	6700	6798	6640	6897	6241	6315	5915	6810	6350	6865	7004	6558	6403	6641	6672	6361	6001	6434	6167	6754	6377	6478	7192	6374	6790	5846	6692	6950	6165	6271	6561	6650	6328
AJ438050	6557	6813	6928	6663	6428	6700	6242	6886	6941	6362	6277	6677	6949	6461	6131	6688	7022	6955	6816	6780	6383	6191	6551	6611	6438	6871	6534	6768	6568	6946	5968	6785	6559	6737	6833	6369	6504	6621	6833	6808	6807	6624	6282	6215	7030	6956	6941	6798	6173	6821	6830	6682	6451	6631	6779	6677	7283	6467	6633	6850	0	6822	6897	6929	6897	6761	6872	6669	6786	6679	6580	6688	6790	6702	6778	6345	6339	5995	6859	6654	7358	7049	6696	6640	6653	6789	6451	6085	6555	6236	6927	6445	6527	6909	6137	6915	5934	6673	6912	6124	6413	6800	6812	6455
Y13024	6475	6736	6711	6818	6555	6749	6497	6710	6754	6456	6274	6701	6886	6307	6046	6574	7047	6905	6669	6764	6343	6119	6502	6592	6348	6770	6542	6674	6590	6795	5976	6661	6465	6549	6906	6248	6451	6560	6791	6835	6609	6559	6151	6302	6737	6887	6772	6522	6083	6718	6758	6656	6772	6457	6710	6515	6852	6671	6509	6706	6822	0	6706	6761	7173	6630	6926	6587	6719	6643	6449	6591	6771	6726	6711	6395	6408	6013	6691	6345	6863	6790	6675	6722	6659	6738	6344	6053	6593	6271	6809	6768	6410	6785	6035	6740	5842	6651	6729	6071	6346	6589	6902	6411
CP015622	6438	6747	6710	6622	6383	6642	6235	6799	7419	6263	6263	6576	6796	6292	6035	6692	6931	6817	7138	6792	6247	6115	6556	6541	6318	6820	6352	6644	6436	6757	5822	6586	6542	6483	6766	6331	6296	6539	6754	6776	6721	6552	6010	6233	6803	6735	6857	6509	6006	6686	6826	6658	6389	6432	6800	6471	6826	6264	6494	6729	6897	6706	0	6831	6794	6675	6835	6643	6670	6542	6400	6614	6672	6663	6684	6211	6271	5938	6718	6353	6849	6874	6543	6565	6826	7188	6380	6141	6435	6212	6867	6365	6318	6847	6025	7209	5752	6722	6703	6007	6337	6534	6827	6326
X84441	6546	6759	6786	6692	6490	6751	6235	6712	6865	6380	6349	6645	6801	6360	6086	6654	6890	6798	6797	6648	6372	6184	6562	6633	6394	6826	6497	6702	6622	6918	6003	6626	6517	6632	6815	6322	6475	6642	6787	6808	6754	6637	6237	6249	6766	6905	6714	6663	6152	6729	6709	6740	6483	6600	6636	6557	6942	6401	6595	6689	6929	6761	6831	0	6775	6612	6813	6621	6660	6658	6506	6599	6709	6551	6697	6307	6373	6015	6703	6573	6967	6868	6616	6634	6696	6788	6447	6232	6579	6275	6898	6490	6415	6721	6078	6803	5899	6715	6731	6134	6546	6626	6796	6472
X84250	6466	6762	6738	6810	6541	6670	6487	6715	6838	6342	6266	6708	6819	6368	6064	6642	7097	6842	6729	6788	6350	6089	6516	6679	6372	6790	6423	6663	6528	6773	5890	6699	6492	6637	6866	6313	6398	6564	6784	6823	6688	6607	6156	6300	6822	6815	6799	6542	6060	6781	6753	6647	6697	6466	6716	6468	6951	6684	6516	6717	6897	7173	6794	6775	0	6644	6840	6616	6710	6626	6454	6655	6754	6676	6712	6441	6419	6018	6691	6401	6917	6855	6673	6757	6674	6808	6341	6045	6560	6280	6829	6737	6351	6794	6064	6841	5881	6635	6738	6070	6294	6617	6953	6436
AJ431634	6405	6826	6759	6499	6383	6498	6087	6994	6736	6326	6206	6500	6757	6254	6209	6368	6727	6771	6547	6651	6284	5999	6512	6557	6557	6647	6392	6882	6416	6678	5875	6638	6445	6465	6649	6185	6428	6461	6823	6673	6575	6474	6063	6231	6664	6700	7018	6509	6153	6673	6667	6562	6304	6491	6666	6566	6780	6231	6452	6899	6761	6630	6675	6612	6644	0	6666	6482	6965	6632	6393	6672	6716	6645	6871	6210	6352	5884	6952	6288	6800	6962	6539	6316	6532	6601	6287	5996	6390	6186	6687	6256	6370	6973	6186	6667	5819	6596	6874	6130	6224	6617	6609	6354
AJ295841	6663	6787	6762	6708	6573	7132	6333	6724	6864	6492	6275	6642	6994	6305	6070	6749	6882	6998	6778	6763	6348	6143	6551	6605	6343	6867	6646	6669	6734	6837	5997	6750	6510	6522	6938	6317	6503	6634	6823	6867	6641	6624	6209	6339	6682	6937	6771	6540	6133	6748	6835	6636	6542	6516	6750	6619	6837	6467	6706	6770	6872	6926	6835	6813	6840	6666	0	6696	6747	6637	6601	6685	6908	6668	6766	6259	6360	6032	6720	6406	6875	6791	6668	6517	6762	6812	6417	6079	6659	6274	6792	6553	6476	6789	6075	6872	5845	6764	6678	6040	6383	6619	6745	6489
FJ423600	6486	6642	6517	6476	6350	6545	6186	6559	6649	6225	6202	6481	6541	6245	6014	6642	6619	6573	6614	6518	6201	6043	6647	6406	6360	6747	6269	6556	6321	6570	5748	6533	6398	6452	6571	6208	6227	6492	6743	6575	6543	6538	5997	6179	6547	6587	6677	6448	6021	6651	6679	6553	6244	6380	6518	6378	6593	6315	6496	6618	6669	6587	6643	6621	6616	6482	6696	0	6598	6572	6436	6556	6537	6421	6660	6206	6210	5905	6610	6245	6620	6683	6473	6404	6651	6589	6363	5982	6420	6160	6643	6317	6332	6651	6012	6697	5734	6601	6656	6037	6244	6364	6500	6333
Y09655	6422	6776	6743	6587	6386	6563	6113	6830	6692	6324	6279	6569	6744	6350	6184	6453	6731	6798	6639	6590	6280	6011	6524	6570	6579	6729	6440	6812	6484	6730	5945	6632	6487	6516	6753	6213	6426	6509	6814	6763	6686	6477	6177	6179	6683	6794	6905	6572	6154	6746	6646	6635	6278	6514	6581	6546	6796	6315	6457	6823	6786	6719	6670	6660	6710	6965	6747	6598	0	6665	6391	6634	6741	6579	6879	6291	6377	5907	7227	6334	6825	6938	6618	6388	6647	6673	6371	6046	6457	6164	6749	6310	6458	6854	6203	6702	5887	6627	6757	6078	6316	6594	6626	6369
EF217055	6412	6855	6551	6621	6455	6610	6178	6725	6575	6315	6362	6565	6621	6308	6263	6485	6643	6660	6550	6446	6274	6072	6383	6495	6536	6541	6437	6709	6519	6617	5936	6475	6433	6577	6654	6236	6482	6614	6873	6598	6661	6534	6177	6213	6589	6686	6753	6660	6376	6632	6498	6480	6309	6541	6422	6414	6755	6367	6481	6714	6679	6643	6542	6658	6626	6632	6637	6572	6665	0	6429	6496	6554	6409	6781	6328	6312	5909	6633	6408	6783	6838	6503	6465	6582	6511	6454	5983	6554	6165	6537	6420	6501	6778	6269	6591	5861	6682	6676	6419	6389	6442	6531	6345
HG799103	6732	6410	6440	6449	6428	6577	6270	6463	6450	6423	6205	6384	6547	6232	6084	6596	6434	6586	6444	6422	6221	6166	6395	6357	6388	6557	6543	6446	6543	6483	5951	6406	6205	6361	6520	6282	6461	6455	6502	6492	6273	6533	6147	6263	6339	6538	6484	6395	6048	6390	6446	6391	6257	6508	6445	6493	6511	6441	6761	6467	6580	6449	6400	6506	6454	6393	6601	6436	6391	6429	0	6389	6548	6340	6395	6171	6306	6064	6420	6376	6516	6471	6256	6423	6501	6401	6424	6031	6500	6388	6404	6399	6420	6492	6076	6475	5826	6602	6448	6138	6319	6341	6365	6250
KJ938709	6455	6640	6663	6496	6456	6483	6224	6707	6659	6290	6234	6421	6689	6362	6009	6427	6713	6691	6515	6689	6448	6137	6525	6408	6298	6650	6321	6631	6354	6569	5734	7092	6465	6401	6700	6223	6409	6483	6656	6708	6577	6468	5979	6226	6571	6604	6665	6465	6026	7090	6671	6587	6320	6343	6577	6471	6757	6315	6542	6700	6688	6591	6614	6599	6655	6672	6685	6556	6634	6496	6389	0	6766	6510	6690	6141	6229	5831	6613	6289	6759	6710	6725	6293	6498	6570	6227	6051	6452	6210	6636	6269	6376	6730	6001	6649	5773	6537	6678	6030	6155	6537	6593	6526
FJ374773	6534	6753	6730	6546	6494	6717	6324	6781	6719	6370	6306	6492	6991	6297	6116	6598	6722	6988	6652	6700	6463	6111	6560	6522	6356	6735	6665	6744	6710	6761	5946	6849	6529	6471	6908	6316	6582	6665	6765	6834	6608	6666	6176	6207	6620	6792	6756	6515	6108	6827	6769	6576	6465	6455	6626	6705	6821	6438	6621	6798	6790	6771	6672	6709	6754	6716	6908	6537	6741	6554	6548	6766	0	6579	6770	6228	6268	5893	6746	6302	6816	6790	6714	6467	6627	6679	6390	6045	6519	6174	6692	6432	6453	6816	6121	6709	6006	6780	6697	6048	6322	6582	6625	6576
AM922112	6366	6556	6648	6571	6282	6516	6134	6684	6652	6305	6172	6582	6707	6192	5918	6443	6848	6700	6482	6890	6223	5894	6408	6759	6269	6665	6368	6534	6375	6659	5834	6554	6399	6438	6695	6119	6243	6401	6590	6642	6445	6486	5974	6451	6663	6701	6700	6376	5946	6539	6693	6522	6379	6337	6966	6409	6708	6308	6393	6640	6702	6726	6663	6551	6676	6645	6668	6421	6579	6409	6340	6510	6579	0	6566	6165	6522	6153	6561	6276	6694	6670	6511	6446	6522	6592	6205	5917	6372	6422	6690	6322	6160	6754	5901	6682	5717	6520	6592	5898	6191	6508	6678	6318
Y09044	6420	6930	6683	6591	6382	6617	6116	6875	6715	6307	6302	6599	6767	6373	6278	6474	6718	6768	6622	6595	6314	6058	6524	6539	6531	6705	6409	6880	6508	6707	5891	6677	6494	6509	6741	6231	6455	6593	6996	6709	6760	6495	6110	6216	6661	6788	6959	6576	6252	6815	6671	6591	6364	6458	6602	6519	6786	6307	6468	6897	6778	6711	6684	6697	6712	6871	6766	6660	6879	6781	6395	6690	6770	6566	0	6283	6318	5935	6854	6340	6805	7000	6713	6426	6610	6620	6415	6033	6484	6175	6733	6359	6451	6909	6270	6703	5824	6615	6896	6221	6324	6556	6666	6394
Y10077	6152	6313	6111	6428	6130	6228	6053	6236	6283	6002	6134	6390	6286	6274	5940	6214	6522	6261	6240	6200	6021	5932	6107	6372	6233	6312	6223	6206	6253	6232	5681	6211	6103	6197	6349	6135	6118	6242	6286	6296	6221	6307	5946	6059	6231	6253	6257	6222	6000	6259	6215	6092	6065	6272	6248	6066	6324	6273	6120	6241	6345	6395	6211	6307	6441	6210	6259	6206	6291	6328	6171	6141	6228	6165	6283	0	6298	5908	6314	6294	6303	6337	6289	6321	6238	6202	6148	5748	6323	6128	6243	6340	6251	6299	5952	6241	5731	6231	6231	6041	6149	5986	6367	6136
