EF059891	0	7053	6762	6951	6979	6827	6985	6937	6760	6708
EF059877	7053	0	6727	6964	6962	6811	6999	6970	6735	6751
EF059892	6762	6727	0	6686	6790	6775	6695	6640	6683	6416
EF059881	6951	6964	6686	0	6892	6758	7040	6869	6727	6697
EF059841	6979	6962	6790	6892	0	6870	6923	6859	6763	6620
EF059838	6827	6811	6775	6758	6870	0	6755	6715	6752	6486
EF088379	6985	6999	6695	7040	6923	6755	0	6920	6930	6806
EF059845	6937	6970	6640	6869	6859	6715	6920	0	6712	6812
FN539031	6760	6735	6683	6727	6763	6752	6930	6712	0	6511
HQ992947	6708	6751	6416	6697	6620	6486	6806	6812	6511	0
