GQ406814	0	6492	6580	6510	6478	6528	6471	6449
HQ845195	6492	0	6745	7180	7309	7111	7309	6725
DQ515963	6580	6745	0	6768	6740	6770	6741	6579
AJ544063	6510	7180	6768	0	7192	7192	7179	6733
JF267312	6478	7309	6740	7192	0	7117	7339	6716
EF467640	6528	7111	6770	7192	7117	0	7092	6758
HQ845193	6471	7309	6741	7179	7339	7092	0	6733
EF466127	6449	6725	6579	6733	6716	6758	6733	0
