U12254	0	6865	7133	7169	7128	7277
Y14745	6865	0	6811	6985	6786	6907
AF418175	7133	6811	0	7174	7241	7202
AJ441315	7169	6985	7174	0	7127	7207
AF418180	7128	6786	7241	7127	0	7150
FR733673	7277	6907	7202	7207	7150	0
