GQ863488	0	6711	6220	6778	7145	6838	6829	6772
FJ469577	6711	0	6546	7139	6848	7171	7187	7201
KC417374	6220	6546	0	6644	6306	6542	6780	6735
AF373920	6778	7139	6644	0	6857	7104	7235	7231
AY725424	7145	6848	6306	6857	0	7000	6953	6903
FJ469578	6838	7171	6542	7104	7000	0	7334	7282
JX984981	6829	7187	6780	7235	6953	7334	0	7525
AF418171	6772	7201	6735	7231	6903	7282	7525	0
