AF357915	0	6843	7095	6567	6794	7130	6281	6750
AAEW02000008	6843	0	6585	6668	7241	6812	5832	6553
U49748	7095	6585	0	6409	6682	6886	6178	6519
Y11560	6567	6668	6409	0	6743	6523	5971	6443
AY835388	6794	7241	6682	6743	0	6778	5935	6563
KJ776405	7130	6812	6886	6523	6778	0	6218	6785
U23140	6281	5832	6178	5971	5935	6218	0	6005
U28172	6750	6553	6519	6443	6563	6785	6005	0
