Y11566	0	5444	5972	6130	5559	5432	5608	5602	6158	6167	5771	5869	5978	6134	6200	6064	5671	6208	5720	6108	5848	5912	6155	6035	5514	5602	5843	5449	5998	5743	5692	6040	6199
DQ208688	5444	0	5656	5496	5583	6563	5467	6143	5499	5640	6641	5673	5616	5631	5594	5492	5540	5369	6396	5505	6529	5379	5626	6572	5056	5429	5656	5392	6842	5552	5495	5659	5436
AJ294428	5972	5656	0	5917	5624	5778	5654	5838	5998	6500	6078	6299	5881	5959	5976	6284	6234	5957	5945	5583	6078	5859	6046	6145	5405	5590	5933	5505	6084	5861	5663	6435	5910
U88891	6130	5496	5917	0	5806	5676	5772	5629	6207	6294	5899	5891	6080	6557	6445	6034	5843	6205	5824	5660	5982	6485	6394	6075	5713	5800	6408	5666	6255	5925	5880	6169	6331
KF591694	5559	5583	5624	5806	0	5827	6211	5305	6200	5787	5627	5781	6477	5765	6648	5544	5728	6166	5641	5708	5719	5689	6657	5649	5242	6392	5838	6351	5818	6299	6339	5822	6364
Y11573	5432	6563	5778	5676	5827	0	5682	6000	5573	5868	6542	5895	5873	5834	5871	5486	5786	5472	6299	5655	7117	5487	5900	7073	5211	5640	5809	5599	6929	5744	5664	5878	5636
X62176	5608	5467	5654	5772	6211	5682	0	5401	6170	5789	5618	5801	6197	5814	6293	5547	5766	6171	5597	5624	5690	5673	6382	5657	5233	6035	5852	6101	5760	6791	6261	5830	6221
U33455	5602	6143	5838	5629	5305	6000	5401	0	5805	5869	6575	5731	5702	5822	5716	5773	5471	5695	6746	5250	6399	5568	5839	6445	5087	5228	5738	5250	6670	5577	5369	5857	5675
GU126374	6158	5499	5998	6207	6200	5573	6170	5805	0	6244	5948	5946	6506	6163	6734	6139	5733	6725	5950	5510	6019	6037	7042	6214	5414	6056	5978	6236	6181	6382	6192	6153	6721
Z26315	6167	5640	6500	6294	5787	5868	5789	5869	6244	0	6086	6471	6004	6324	6360	6640	6580	6122	6029	5712	6212	6192	6414	6318	5537	5736	6018	5662	6446	5944	5823	6737	6344
Y11569	5771	6641	6078	5899	5627	6542	5618	6575	5948	6086	0	5943	6003	6041	6070	5851	5742	5793	6836	5484	6852	5769	6077	6962	5349	5431	5966	5424	7320	5786	5579	6006	5845
AY548778	5869	5673	6299	5891	5781	5895	5801	5731	5946	6471	5943	0	5957	5950	5980	6192	6324	5873	5894	5647	6089	5760	6077	6031	5329	5712	6003	5650	6035	5956	5869	6754	5981
KU589293	5978	5616	5881	6080	6477	5873	6197	5702	6506	6004	6003	5957	0	6102	7074	5846	5770	6620	6073	5568	6206	5957	6931	6141	5450	6219	6110	6119	6183	6435	6435	6053	6551
JX861507	6134	5631	5959	6557	5765	5834	5814	5822	6163	6324	6041	5950	6102	0	6389	6061	5795	6119	6036	5629	6164	6435	6369	6256	5700	5727	6375	5631	6422	5922	5809	6256	6290
CP000612	6200	5594	5976	6445	6648	5871	6293	5716	6734	6360	6070	5980	7074	6389	0	6122	5858	6889	6035	5685	6214	6302	7259	6320	5725	6533	6122	6183	6472	6466	6651	6252	6926
Y11576	6064	5492	6284	6034	5544	5486	5547	5773	6139	6640	5851	6192	5846	6061	6122	0	6198	6043	5801	5364	5880	5885	6118	6054	5319	5546	5742	5404	6068	5710	5608	6477	6127
AF168365	5671	5540	6234	5843	5728	5786	5766	5471	5733	6580	5742	6324	5770	5795	5858	6198	0	5672	5675	5630	5840	5732	5934	5790	5225	5682	5821	5605	5898	5888	5766	6348	5837
X98407	6208	5369	5957	6205	6166	5472	6171	5695	6725	6122	5793	5873	6620	6119	6889	6043	5672	0	5820	5539	5877	6121	6798	6043	5554	6295	5993	6080	5995	6399	6412	6093	6746
M96665	5720	6396	5945	5824	5641	6299	5597	6746	5950	6029	6836	5894	6073	6036	6035	5801	5675	5820	0	5452	6672	5746	6132	6702	5312	5448	5947	5442	6932	5764	5612	6053	5867
AB778017	6108	5505	5583	5660	5708	5655	5624	5250	5510	5712	5484	5647	5568	5629	5685	5364	5630	5539	5452	0	5552	5500	5695	5511	5173	5671	5678	5695	5608	5674	5712	5646	5630
AY007190	5848	6529	6078	5982	5719	7117	5690	6399	6019	6212	6852	6089	6206	6164	6214	5880	5840	5877	6672	5552	0	5822	6268	7464	5440	5531	6041	5503	7274	5887	5667	6207	6004
AF097024	5912	5379	5859	6485	5689	5487	5673	5568	6037	6192	5769	5760	5957	6435	6302	5885	5732	6121	5746	5500	5822	0	6231	5893	5528	5778	6233	5548	6049	5831	5817	6085	6264
EF081293	6155	5626	6046	6394	6657	5900	6382	5839	7042	6414	6077	6077	6931	6369	7259	6118	5934	6798	6132	5695	6268	6231	0	6320	5645	6340	6188	6391	6485	6573	6473	6365	6916
AJ294429	6035	6572	6145	6075	5649	7073	5657	6445	6214	6318	6962	6031	6141	6256	6320	6054	5790	6043	6702	5511	7464	5893	6320	0	5477	5490	5986	5447	7378	5818	5621	6163	6108
Y11568	5514	5056	5405	5713	5242	5211	5233	5087	5414	5537	5349	5329	5450	5700	5725	5319	5225	5554	5312	5173	5440	5528	5645	5477	0	5261	5513	5080	5570	5390	5310	5522	5613
KF591693	5602	5429	5590	5800	6392	5640	6035	5228	6056	5736	5431	5712	6219	5727	6533	5546	5682	6295	5448	5671	5531	5778	6340	5490	5261	0	5769	6132	5568	6103	6454	5811	6414
JX183068	5843	5656	5933	6408	5838	5809	5852	5738	5978	6018	5966	6003	6110	6375	6122	5742	5821	5993	5947	5678	6041	6233	6188	5986	5513	5769	0	5739	6132	6037	5913	6026	6031
AF053929	5449	5392	5505	5666	6351	5599	6101	5250	6236	5662	5424	5650	6119	5631	6183	5404	5605	6080	5442	5695	5503	5548	6391	5447	5080	6132	5739	0	5576	6213	6180	5705	6162
AY084078	5998	6842	6084	6255	5818	6929	5760	6670	6181	6446	7320	6035	6183	6422	6472	6068	5898	5995	6932	5608	7274	6049	6485	7378	5570	5568	6132	5576	0	5939	5719	6250	6206
AY961415	5743	5552	5861	5925	6299	5744	6791	5577	6382	5944	5786	5956	6435	5922	6466	5710	5888	6399	5764	5674	5887	5831	6573	5818	5390	6103	6037	6213	5939	0	6370	5975	6417
AM184185	5692	5495	5663	5880	6339	5664	6261	5369	6192	5823	5579	5869	6435	5809	6651	5608	5766	6412	5612	5712	5667	5817	6473	5621	5310	6454	5913	6180	5719	6370	0	5891	6387
DQ148942	6040	5659	6435	6169	5822	5878	5830	5857	6153	6737	6006	6754	6053	6256	6252	6477	6348	6093	6053	5646	6207	6085	6365	6163	5522	5811	6026	5705	6250	5975	5891	0	6236
Y11572	6199	5436	5910	6331	6364	5636	6221	5675	6721	6344	5845	5981	6551	6290	6926	6127	5837	6746	5867	5630	6004	6264	6916	6108	5613	6414	6031	6162	6206	6417	6387	6236	0
