AY548789	0	6555	6893	6557	6504	6941	6629
AF354663	6555	0	6556	6617	6319	6507	6571
X95180	6893	6556	0	6416	6545	6715	6684
AB110549	6557	6617	6416	0	6151	6537	6468
KU845305	6504	6319	6545	6151	0	6467	6382
HM750216	6941	6507	6715	6537	6467	0	6571
U12253	6629	6571	6684	6468	6382	6571	0
