KX430826	0	6696	7000	6712	6930	6420	6725	7036	7033	6847	6927	7034	6930	6761	6715
EU604273	6696	0	6802	6828	6865	6541	6686	6725	6766	6926	6778	6716	6800	6924	6790
AY884571	7000	6802	0	6802	7107	6531	6776	7114	7208	7138	7012	7166	7127	6936	6907
EF397574	6712	6828	6802	0	6912	6439	6645	6730	6739	6779	6798	6728	6747	6777	6794
AB245367	6930	6865	7107	6912	0	6481	6720	7076	7166	7127	6894	7174	7089	6916	6932
HQ236051	6420	6541	6531	6439	6481	0	6459	6442	6453	6581	6538	6409	6525	6634	6523
KF709700	6725	6686	6776	6645	6720	6459	0	6714	6781	6680	6760	6772	6916	6666	6758
KX430825	7036	6725	7114	6730	7076	6442	6714	0	7153	6970	6917	7136	7068	6807	6725
KU296959	7033	6766	7208	6739	7166	6453	6781	7153	0	7065	6923	7368	7111	6858	6757
AB110498	6847	6926	7138	6779	7127	6581	6680	6970	7065	0	6848	7014	7015	7149	6865
AM939778	6927	6778	7012	6798	6894	6538	6760	6917	6923	6848	0	6873	6895	6765	6799
KP938953	7034	6716	7166	6728	7174	6409	6772	7136	7368	7014	6873	0	7093	6814	6706
KX430827	6930	6800	7127	6747	7089	6525	6916	7068	7111	7015	6895	7093	0	6926	6850
JX566987	6761	6924	6936	6777	6916	6634	6666	6807	6858	7149	6765	6814	6926	0	6767
EU604272	6715	6790	6907	6794	6932	6523	6758	6725	6757	6865	6799	6706	6850	6767	0
