Y18530	0	6645	6124	6340	7036	6570	6545	6507
FN356023	6645	0	6074	6180	6672	6495	6435	6243
HG315620	6124	6074	0	6528	6140	6226	6199	6526
LC021528	6340	6180	6528	0	6271	6327	6279	6676
AB971823	7036	6672	6140	6271	0	6649	6612	6434
AJ319867	6570	6495	6226	6327	6649	0	7056	6257
AB547446	6545	6435	6199	6279	6612	7056	0	6234
U41355	6507	6243	6526	6676	6434	6257	6234	0
