LUTV01000003	0	7135	6908	6921	7112	7039	7204	6760
JX488685	7135	0	6797	7008	7204	6852	7238	6841
AB196667	6908	6797	0	6793	6762	7004	6866	6690
AB695088	6921	7008	6793	0	6959	6905	7231	6857
JX488684	7112	7204	6762	6959	0	6810	7183	6871
KC878324	7039	6852	7004	6905	6810	0	6912	6724
LASA01000059	7204	7238	6866	7231	7183	6912	0	6848
FJ347758	6760	6841	6690	6857	6871	6724	6848	0
