GU983697	0	6779	6855	6900	6846	7034	6781	6684	7009	6756	6768	6654	6666	6092	7100	7066	6797	6765	6838	6987	6789	6911	6759	6691	6904	7102	6727	6906	6978	7044	6444	6781	6910	6077	6596	7116	6825	6789	6963	6726	6974	6870	6573	5875	6978	6781	6722	6954	6763	6932	6781	6828
AB775175	6779	0	6801	7208	7084	7106	7065	7197	7019	6748	6701	7176	7139	6050	7131	6928	7399	7037	6835	7067	6962	7039	7093	6943	6846	7077	6671	7239	7123	7081	6731	7014	7124	6012	6955	7142	7046	7045	7150	6861	7117	6938	6814	6094	7066	6964	7140	7157	6779	7081	7009	7043
Y18296	6855	6801	0	6894	6811	6973	6731	6739	6904	6650	6759	6675	6667	6074	6995	6926	6810	6724	6652	7103	6727	6997	6684	6816	6912	6918	6573	6961	7080	6975	6622	6728	6882	6051	6667	6994	6755	6727	7062	6697	7076	6891	6544	5926	7060	6722	6702	6951	6786	7038	6722	6764
AF061007	6900	7208	6894	0	7269	7270	7134	7166	7180	6860	6868	7140	7081	6053	7295	7079	7197	7092	6927	7178	6973	7192	7129	6877	6945	7275	6697	7291	7268	7227	6643	7069	7178	6029	6990	7316	7092	7108	7301	6714	7263	7013	6849	5966	7212	6981	7014	7400	6925	7251	7066	7028
Y11621	6846	7084	6811	7269	0	7181	7173	7295	7119	6895	6740	7265	7050	6008	7317	7024	7128	7024	6829	7086	6937	7089	7090	6783	6853	7407	6647	7215	7249	7284	6550	7035	7209	5984	6959	7327	7138	7092	7294	6663	7244	6975	6851	5940	7193	6931	7013	7292	6821	7338	7081	6947
AJ271329	7034	7106	6973	7270	7181	0	7147	7116	7323	6766	6773	7074	7085	6075	7462	7217	7209	7038	6983	7250	6989	7183	7034	6872	7004	7395	6714	7313	7396	7427	6596	7005	7223	6044	7004	7442	7191	7094	7311	6700	7394	7046	6868	5894	7343	6997	7054	7360	6906	7335	7147	7030
AJ276352	6781	7065	6731	7134	7173	7147	0	7155	7094	6702	6589	7091	7066	6405	7274	7027	7112	7434	6845	6996	7388	6976	7213	6786	6755	7200	7060	7106	7149	7199	6504	7410	7048	6419	6972	7281	7463	7543	7143	6605	7144	7012	6795	5877	7093	7397	6967	7150	6707	7157	7547	7160
AF445301	6684	7197	6739	7166	7295	7116	7155	0	6998	6761	6611	7530	7307	6049	7236	6964	7220	7054	6746	6997	6950	6996	7059	6891	6749	7231	6662	7175	7145	7179	6657	7041	7169	6024	7014	7212	7122	7100	7209	6711	7140	6942	6843	6091	7089	6952	7159	7160	6741	7263	7102	6980
AF539705	7009	7019	6904	7180	7119	7323	7094	6998	0	6765	6713	6937	6959	6060	7365	7168	7070	7030	6914	7172	6997	7109	7018	6765	6934	7331	6705	7195	7280	7289	6501	6997	7090	6036	6927	7363	7112	7102	7245	6675	7278	7033	6744	5821	7227	6989	6914	7223	6860	7211	7094	7008
JQ650245	6756	6748	6650	6860	6895	6766	6702	6761	6765	0	6644	6696	6699	5985	6770	6781	6750	6675	6628	6823	6695	6886	6669	6638	6768	6790	6619	6805	6825	6783	6443	6697	6813	5966	6638	6785	6729	6695	6799	6627	6821	6763	6671	5899	6825	6695	6763	6849	6717	6786	6695	6719
LC127059	6768	6701	6759	6868	6740	6773	6589	6611	6713	6644	0	6602	6573	6079	6788	6758	6719	6591	6693	6791	6597	6778	6563	6686	6780	6753	6615	6784	6789	6760	6486	6588	6776	6055	6548	6795	6622	6597	6767	6685	6785	6675	6562	5982	6789	6589	6665	6940	6717	6726	6589	6659
AF445305	6654	7176	6675	7140	7265	7074	7091	7530	6937	6696	6602	0	7266	5979	7188	6907	7217	6991	6710	6950	6888	6952	7056	6845	6708	7178	6597	7172	7096	7124	6620	6986	7166	5976	6952	7163	7077	7038	7142	6672	7091	6907	6803	6174	7040	6889	7115	7162	6679	7224	7039	6964
AJ877015	6666	7139	6667	7081	7050	7085	7066	7307	6959	6699	6573	7266	0	6005	7072	6902	7189	6930	6683	6941	6897	6947	6967	6839	6727	7000	6606	7142	7094	7051	6605	6907	7053	5975	6980	7081	7070	7002	7035	6672	7092	6827	6802	6092	7041	6898	7081	7116	6672	7043	7048	6949
GU457262	6092	6050	6074	6053	6008	6075	6405	6049	6060	5985	6079	5979	6005	0	6120	6131	6068	6415	6074	6068	6414	6052	6166	6065	6062	6069	6432	6043	6069	6102	5976	6413	6050	6410	5954	6118	6391	6414	6058	6033	6065	6142	5913	5895	6069	6423	5999	6071	5995	6036	6423	6280
Y17302	7100	7131	6995	7295	7317	7462	7274	7236	7365	6770	6788	7188	7072	6120	0	7298	7196	7140	7038	7272	7057	7196	7134	6855	7019	7555	6765	7310	7414	7530	6565	7107	7285	6096	7026	7629	7243	7212	7405	6698	7409	7109	6845	5891	7358	7049	7045	7364	6935	7450	7199	7074
EF197994	7066	6928	6926	7079	7024	7217	7027	6964	7168	6781	6758	6907	6902	6131	7298	0	6993	6958	6997	7163	6934	7053	6949	6733	7037	7230	6776	7162	7243	7259	6484	6941	7171	6108	6821	7324	7061	7021	7226	6680	7239	7018	6786	5908	7243	6926	6946	7136	6924	7191	7018	6923
AF061004	6797	7399	6810	7197	7128	7209	7112	7220	7070	6750	6719	7217	7189	6068	7196	6993	0	7013	6878	7066	6970	7039	7099	6944	6854	7129	6689	7327	7214	7189	6731	6980	7227	6048	7023	7186	7149	7075	7169	6861	7210	6905	6899	6058	7169	6972	7216	7260	6782	7150	7112	7050
AF286831	6765	7037	6724	7092	7024	7038	7434	7054	7030	6675	6591	6991	6930	6415	7140	6958	7013	0	6816	6981	7346	6961	7195	6788	6747	7077	7062	7002	7030	7065	6488	7457	6904	6393	6836	7134	7354	7443	7088	6589	7025	7005	6659	5869	6974	7355	6843	7041	6685	7030	7402	7161
X76177	6838	6835	6652	6927	6829	6983	6845	6746	6914	6628	6693	6710	6683	6074	7038	6997	6878	6816	0	6891	6783	6830	6796	6586	6833	6985	6699	6951	6952	7016	6333	6784	6960	6041	6648	7045	6877	6853	6953	6583	6948	6765	6682	5843	6952	6775	6798	6968	6748	6899	6845	6796
DQ411810	6987	7067	7103	7178	7086	7250	6996	6997	7172	6823	6791	6950	6941	6068	7272	7163	7066	6981	6891	0	6992	7282	6955	6901	7128	7195	6703	7253	7372	7244	6618	6982	7122	6045	6900	7271	7031	6992	7338	6716	7370	7091	6736	5913	7319	6987	6943	7233	6991	7322	6987	7025
KF803651	6789	6962	6727	6973	6937	6989	7388	6950	6997	6695	6597	6888	6897	6414	7057	6934	6970	7346	6783	6992	0	6974	7084	6781	6753	6992	7070	6962	6994	7032	6485	7349	6864	6428	6809	7046	7322	7415	6985	6604	6992	6995	6632	5877	6941	7406	6794	7000	6683	6955	7406	7186
DQ411812	6911	7039	6997	7192	7089	7183	6976	6996	7109	6886	6778	6952	6947	6052	7196	7053	7039	6961	6830	7282	6974	0	6945	6856	7040	7130	6682	7143	7275	7209	6596	6962	7029	6025	6875	7189	7006	6974	7241	6634	7273	6982	6702	5904	7222	6967	6921	7228	7010	7218	6967	6995
AB012212	6759	7093	6684	7129	7090	7034	7213	7059	7018	6669	6563	7056	6967	6166	7134	6949	7099	7195	6796	6955	7084	6945	0	6769	6723	7148	6793	7082	7029	7080	6481	7192	6995	6135	6872	7131	7189	7220	7125	6641	7024	6920	6677	5860	6973	7076	6895	7047	6660	7084	7162	7181
AF061001	6691	6943	6816	6877	6783	6872	6786	6891	6765	6638	6686	6845	6839	6065	6855	6733	6944	6788	6586	6901	6781	6856	6769	0	6700	6807	6588	6927	6902	6824	6746	6792	6796	6029	6761	6844	6810	6786	6887	6729	6900	6824	6563	5986	6849	6781	6876	6896	6590	6861	6781	6860
HF679036	6904	6846	6912	6945	6853	7004	6755	6749	6934	6768	6780	6708	6727	6062	7019	7037	6854	6747	6833	7128	6753	7040	6723	6700	0	6956	6693	7028	7159	7002	6467	6751	7011	6039	6668	7034	6782	6753	7081	6665	7155	6885	6648	5909	7159	6745	6809	6978	6953	7071	6745	6800
AJ301830	7102	7077	6918	7275	7407	7395	7200	7231	7331	6790	6753	7178	7000	6069	7555	7230	7129	7077	6985	7195	6992	7130	7148	6807	6956	0	6707	7240	7335	7464	6518	7082	7234	6045	6940	7548	7169	7147	7369	6700	7330	7035	6814	5843	7279	6984	6997	7306	6860	7458	7125	7013
HQ847537	6727	6671	6573	6697	6647	6714	7060	6662	6705	6619	6615	6597	6606	6432	6765	6776	6689	7062	6699	6703	7070	6682	6793	6588	6693	6707	0	6679	6701	6745	6338	7068	6686	6410	6525	6763	7030	7070	6696	6574	6697	6754	6498	5895	6701	7078	6624	6706	6614	6661	7078	6897
AF039903	6906	7239	6961	7291	7215	7313	7106	7175	7195	6805	6784	7172	7142	6043	7310	7162	7327	7002	6951	7253	6962	7143	7082	6927	7028	7240	6679	0	7398	7287	6693	6976	7414	6020	7078	7314	7133	7067	7332	6783	7396	7059	6937	6016	7345	6961	7120	7342	6881	7321	7096	7053
AF061002	6978	7123	7080	7268	7249	7396	7149	7145	7280	6825	6789	7096	7094	6069	7414	7243	7214	7030	6952	7372	6994	7275	7029	6902	7159	7335	6701	7398	0	7382	6626	7004	7284	6046	7042	7420	7174	7102	7434	6714	7549	7089	6879	5917	7500	6986	7083	7372	7010	7461	7136	7022
AF061013	7044	7081	6975	7227	7284	7427	7199	7179	7289	6783	6760	7124	7051	6102	7530	7259	7189	7065	7016	7244	7032	7209	7080	6824	7002	7464	6745	7287	7382	0	6533	7032	7286	6077	6968	7521	7231	7137	7335	6680	7378	7044	6845	5866	7332	7024	7024	7329	6905	7415	7174	7039
AJ582753	6444	6731	6622	6643	6550	6596	6504	6657	6501	6443	6486	6620	6605	5976	6565	6484	6731	6488	6333	6618	6485	6596	6481	6746	6467	6518	6338	6693	6626	6533	0	6501	6613	5951	6510	6574	6513	6485	6615	6546	6622	6565	6392	5979	6606	6486	6761	6632	6390	6579	6486	6558
AF286832	6781	7014	6728	7069	7035	7005	7410	7041	6997	6697	6588	6986	6907	6413	7107	6941	6980	7457	6784	6982	7349	6962	7192	6792	6751	7082	7068	6976	7004	7032	6501	0	6878	6391	6828	7101	7339	7419	7084	6604	6999	7009	6645	5878	6948	7358	6817	7008	6689	7024	7378	7183
AF039900	6910	7124	6882	7178	7209	7223	7048	7169	7090	6813	6776	7166	7053	6050	7285	7171	7227	6904	6960	7122	6864	7029	6995	6796	7011	7234	6686	7414	7284	7286	6613	6878	0	6027	6977	7288	7050	6969	7218	6791	7280	6963	6955	6025	7284	6863	7140	7244	6872	7297	7013	6957
GU457264	6077	6012	6051	6029	5984	6044	6419	6024	6036	5966	6055	5976	5975	6410	6096	6108	6048	6393	6041	6045	6428	6025	6135	6029	6039	6045	6410	6020	6046	6077	5951	6391	6027	0	5935	6094	6369	6428	6035	6010	6042	6139	5894	5873	6046	6437	5974	6047	5965	6013	6437	6249
AF061009	6596	6955	6667	6990	6959	7004	6972	7014	6927	6638	6548	6952	6980	5954	7026	6821	7023	6836	6648	6900	6809	6875	6872	6761	6668	6940	6525	7078	7042	6968	6510	6828	6977	5935	0	7002	6980	6914	7015	6562	7040	6795	7149	5884	6989	6817	6928	7062	6632	6993	6957	6884
AJ276354	7116	7142	6994	7316	7327	7442	7281	7212	7363	6785	6795	7163	7081	6118	7629	7324	7186	7134	7045	7271	7046	7189	7131	6844	7034	7548	6763	7314	7420	7521	6574	7101	7288	6094	7002	0	7233	7201	7409	6706	7415	7124	6847	5899	7364	7038	7036	7362	6934	7440	7188	7065
AM039968	6825	7046	6755	7092	7138	7191	7463	7122	7112	6729	6622	7077	7070	6391	7243	7061	7149	7354	6877	7031	7322	7006	7189	6810	6782	7169	7030	7133	7174	7231	6513	7339	7050	6369	6980	7233	0	7427	7128	6632	7172	7005	6809	5904	7121	7331	6990	7190	6713	7140	7481	7203
AJ276353	6789	7045	6727	7108	7092	7094	7543	7100	7102	6695	6597	7038	7002	6414	7212	7021	7075	7443	6853	6992	7415	6974	7220	6786	6753	7147	7070	7067	7102	7137	6485	7419	6969	6428	6914	7201	7427	0	7140	6604	7097	7028	6737	5877	7046	7406	6899	7105	6698	7087	7511	7186
AF133535	6963	7150	7062	7301	7294	7311	7143	7209	7245	6799	6767	7142	7035	6058	7405	7226	7169	7088	6953	7338	6985	7241	7125	6887	7081	7369	6696	7332	7434	7335	6615	7084	7218	6035	7015	7409	7128	7140	0	6708	7429	7093	6844	5913	7378	6977	7041	7283	6974	7446	7084	7023
JQ283454	6726	6861	6697	6714	6663	6700	6605	6711	6675	6627	6685	6672	6672	6033	6698	6680	6861	6589	6583	6716	6604	6634	6641	6729	6665	6700	6574	6783	6714	6680	6546	6604	6791	6010	6562	6706	6632	6604	6708	0	6710	6646	6554	6013	6714	6605	6796	6729	6533	6669	6605	6699
AJ891167	6974	7117	7076	7263	7244	7394	7144	7140	7278	6821	6785	7091	7092	6065	7409	7239	7210	7025	6948	7370	6992	7273	7024	6900	7155	7330	6697	7396	7549	7378	6622	6999	7280	6042	7040	7415	7172	7097	7429	6710	0	7085	6875	5913	7496	6984	7079	7370	7006	7454	7134	7020
AY028437	6870	6938	6891	7013	6975	7046	7012	6942	7033	6763	6675	6907	6827	6142	7109	7018	6905	7005	6765	7091	6995	6982	6920	6824	6885	7035	6754	7059	7089	7044	6565	7009	6963	6139	6795	7124	7005	7028	7093	6646	7085	0	6643	5937	7034	6987	6754	7012	6719	7056	6987	6993
AF061006	6573	6814	6544	6849	6851	6868	6795	6843	6744	6671	6562	6803	6802	5913	6845	6786	6899	6659	6682	6736	6632	6702	6677	6563	6648	6814	6498	6937	6879	6845	6392	6645	6955	5894	7149	6847	6809	6737	6844	6554	6875	6643	0	5877	6879	6640	6893	6931	6604	6834	6785	6692
JX948102	5875	6094	5926	5966	5940	5894	5877	6091	5821	5899	5982	6174	6092	5895	5891	5908	6058	5869	5843	5913	5877	5904	5860	5986	5909	5843	5895	6016	5917	5866	5979	5878	6025	5873	5884	5899	5904	5877	5913	6013	5913	5937	5877	0	5917	5877	6013	5970	5895	5865	5877	5968
HQ378515	6978	7066	7060	7212	7193	7343	7093	7089	7227	6825	6789	7040	7041	6069	7358	7243	7169	6974	6952	7319	6941	7222	6973	6849	7159	7279	6701	7345	7500	7332	6606	6948	7284	6046	6989	7364	7121	7046	7378	6714	7496	7034	6879	5917	0	6933	7083	7319	7010	7403	7083	6969
AY943820	6781	6964	6722	6981	6931	6997	7397	6952	6989	6695	6589	6889	6898	6423	7049	6926	6972	7355	6775	6987	7406	6967	7076	6781	6745	6984	7078	6961	6986	7024	6486	7358	6863	6437	6817	7038	7331	7406	6977	6605	6984	6987	6640	5877	6933	0	6802	7000	6676	6946	7415	7177
EF154454	6722	7140	6702	7014	7013	7054	6967	7159	6914	6763	6665	7115	7081	5999	7045	6946	7216	6843	6798	6943	6794	6921	6895	6876	6809	6997	6624	7120	7083	7024	6761	6817	7140	5974	6928	7036	6990	6899	7041	6796	7079	6754	6893	6013	7083	6802	0	7099	6771	7054	6952	6875
AJ888906	6954	7157	6951	7400	7292	7360	7150	7160	7223	6849	6940	7162	7116	6071	7364	7136	7260	7041	6968	7233	7000	7228	7047	6896	6978	7306	6706	7342	7372	7329	6632	7008	7244	6047	7062	7362	7190	7105	7283	6729	7370	7012	6931	5970	7319	7000	7099	0	6945	7309	7150	7046
AY396047	6763	6779	6786	6925	6821	6906	6707	6741	6860	6717	6717	6679	6672	5995	6935	6924	6782	6685	6748	6991	6683	7010	6660	6590	6953	6860	6614	6881	7010	6905	6390	6689	6872	5965	6632	6934	6713	6698	6974	6533	7006	6719	6604	5895	7010	6676	6771	6945	0	6943	6691	6729
AJ301835	6932	7081	7038	7251	7338	7335	7157	7263	7211	6786	6726	7224	7043	6036	7450	7191	7150	7030	6899	7322	6955	7218	7084	6861	7071	7458	6661	7321	7461	7415	6579	7024	7297	6013	6993	7440	7140	7087	7446	6669	7454	7056	6834	5865	7403	6946	7054	7309	6943	0	7096	6987
AM039966	6781	7009	6722	7066	7081	7147	7547	7102	7094	6695	6589	7039	7048	6423	7199	7018	7112	7402	6845	6987	7406	6967	7162	6781	6745	7125	7078	7096	7136	7174	6486	7378	7013	6437	6957	7188	7481	7511	7084	6605	7134	6987	6785	5877	7083	7415	6952	7150	6691	7096	0	7177
FN822765	6828	7043	6764	7028	6947	7030	7160	6980	7008	6719	6659	6964	6949	6280	7074	6923	7050	7161	6796	7025	7186	6995	7181	6860	6800	7013	6897	7053	7022	7039	6558	7183	6957	6249	6884	7065	7203	7186	7023	6699	7020	6993	6692	5968	6969	7177	6875	7046	6729	6987	7177	0
