Z96078	0	6643	7030	7032	7267	7114	7351	7285	7271	7381	6316	6832	6755	7038	7086	7322	7330	7289
AJ508302	6643	0	6592	6621	6588	6607	6716	6529	6616	6669	5952	6548	6417	6630	6558	6568	6736	6649
AJ508301	7030	6592	0	6863	7016	6973	6990	6986	7023	7084	6255	6816	6754	6880	6918	7049	7003	7017
AB004744	7032	6621	6863	0	6936	6914	7020	6989	6923	6976	6205	6836	6661	6833	6797	6965	6996	6975
AJ251469	7267	6588	7016	6936	0	6995	7344	7301	7425	7428	6267	6839	6888	6885	7115	7178	7353	7351
HQ122932	7114	6607	6973	6914	6995	0	7087	6986	7014	7076	6323	6824	6736	7051	6897	7033	7084	7016
AJ853890	7351	6716	6990	7020	7344	7087	0	7354	7257	7394	6285	6850	6733	7093	7172	7232	7541	7395
GU814270	7285	6529	6986	6989	7301	6986	7354	0	7224	7313	6227	6789	6670	6893	7084	7390	7334	7434
Z96079	7271	6616	7023	6923	7425	7014	7257	7224	0	7339	6278	6864	6883	6905	7092	7174	7274	7285
AJ853891	7381	6669	7084	6976	7428	7076	7394	7313	7339	0	6351	6877	6820	6989	7096	7292	7408	7404
EU721605	6316	5952	6255	6205	6267	6323	6285	6227	6278	6351	0	6230	6063	6301	6156	6259	6301	6362
KP345900	6832	6548	6816	6836	6839	6824	6850	6789	6864	6877	6230	0	6665	6766	6687	6779	6859	6993
HQ888848	6755	6417	6754	6661	6888	6736	6733	6670	6883	6820	6063	6665	0	6656	6710	6686	6749	6735
HF679035	7038	6630	6880	6833	6885	7051	7093	6893	6905	6989	6301	6766	6656	0	6913	6942	7072	6935
JN657217	7086	6558	6918	6797	7115	6897	7172	7084	7092	7096	6156	6687	6710	6913	0	7095	7171	7145
CP002824	7322	6568	7049	6965	7178	7033	7232	7390	7174	7292	6259	6779	6686	6942	7095	0	7222	7319
AJ853889	7330	6736	7003	6996	7353	7084	7541	7334	7274	7408	6301	6859	6749	7072	7171	7222	0	7413
KP990658	7289	6649	7017	6975	7351	7016	7395	7434	7285	7404	6362	6993	6735	6935	7145	7319	7413	0
