AB546198	0	7175	7088	6747	6808	7070	6366	6980	7008	6984	6204	6911	7164	7087	6620	6852
AJ233410	7175	0	7235	6935	6878	7230	6367	7131	7079	7177	6201	7023	7305	7242	6601	7021
Z96086	7088	7235	0	6912	6943	7356	6360	7228	7081	7152	6193	7038	7270	7426	6648	7002
Y13250	6747	6935	6912	0	6653	6877	6197	6889	7028	7014	6176	6794	6972	6906	6567	6883
FR870447	6808	6878	6943	6653	0	6935	6400	7031	6754	6792	6251	6944	6927	6946	6661	6789
AJ233417	7070	7230	7356	6877	6935	0	6329	7173	7036	7124	6152	7063	7274	7367	6627	6931
FJ611848	6366	6367	6360	6197	6400	6329	0	6426	6342	6326	6028	6385	6386	6351	6325	6382
KM870781	6980	7131	7228	6889	7031	7173	6426	0	7086	7148	6235	6984	7120	7203	6723	7115
JQ809696	7008	7079	7081	7028	6754	7036	6342	7086	0	7250	6301	6880	7030	7088	6608	7017
AJ233414	6984	7177	7152	7014	6792	7124	6326	7148	7250	0	6287	6934	7128	7145	6611	7059
KF500917	6204	6201	6193	6176	6251	6152	6028	6235	6301	6287	0	6169	6218	6195	6154	6309
LN624761	6911	7023	7038	6794	6944	7063	6385	6984	6880	6934	6169	0	7098	7038	6667	6790
AM055716	7164	7305	7270	6972	6927	7274	6386	7120	7030	7128	6218	7098	0	7273	6644	6965
FN547376	7087	7242	7426	6906	6946	7367	6351	7203	7088	7145	6195	7038	7273	0	6652	6981
GU166291	6620	6601	6648	6567	6661	6627	6325	6723	6608	6611	6154	6667	6644	6652	0	6592
GU810925	6852	7021	7002	6883	6789	6931	6382	7115	7017	7059	6309	6790	6965	6981	6592	0
