AM072764	0	6428	6811	6776	6440	6443	6462	6398	6723	6950	6942	6239	6478	6451	6792	6392
DQ019164	6428	0	6907	6696	7402	7295	6974	7381	6821	6939	6724	6821	7475	7523	6919	7514
AY594264	6811	6907	0	7164	7002	6882	6477	6987	7470	7399	7143	6474	7009	6991	7501	6840
EU379016	6776	6696	7164	0	6711	6736	6354	6723	7164	7303	7180	6442	6737	6719	7155	6649
DQ019167	6440	7402	7002	6711	0	7441	6898	7428	6960	7064	6736	6966	7547	7532	7006	7316
AJ846291	6443	7295	6882	6736	7441	0	6875	7298	6822	6842	6778	7009	7317	7275	6905	7248
AM072763	6462	6974	6477	6354	6898	6875	0	6922	6411	6531	6498	6647	7083	7041	6507	6938
AB105164	6398	7381	6987	6723	7428	7298	6922	0	6913	6911	6720	6859	7463	7450	7006	7314
AY818050	6723	6821	7470	7164	6960	6822	6411	6913	0	7345	7073	6465	6951	6933	7449	6754
DQ019166	6950	6939	7399	7303	7064	6842	6531	6911	7345	0	7292	6415	7131	7112	7379	6858
JF775503	6942	6724	7143	7180	6736	6778	6498	6720	7073	7292	0	6438	6765	6747	7144	6686
JF893462	6239	6821	6474	6442	6966	7009	6647	6859	6465	6415	6438	0	6834	6801	6479	6783
CP001022	6478	7475	7009	6737	7547	7317	7083	7463	6951	7131	6765	6834	0	7690	7021	7412
DQ019165	6451	7523	6991	6719	7532	7275	7041	7450	6933	7112	6747	6801	7690	0	7003	7437
AY594266	6792	6919	7501	7155	7006	6905	6507	7006	7449	7379	7144	6479	7021	7003	0	6852
AY864633	6392	7514	6840	6649	7316	7248	6938	7314	6754	6858	6686	6783	7412	7437	6852	0
