Y10772	0	6603	6961	6359	6750	6304
AJ277381	6603	0	6609	6200	6374	6355
Y18053	6961	6609	0	6293	6572	6260
Y17312	6359	6200	6293	0	6530	6313
Y17820	6750	6374	6572	6530	0	6365
Y15716	6304	6355	6260	6313	6365	0
