CP000771	0	6210	6188	6093	6348	6329
M59176	6210	0	6385	6277	6605	6929
Z49117	6188	6385	0	6142	6954	6582
LWAF01000031	6093	6277	6142	0	6375	6660
EU851047	6348	6605	6954	6375	0	6887
AY878719	6329	6929	6582	6660	6887	0
