KC969641	0	6503	6264	6258	6254	6312	6339	6645	6204	6574	6328	6726	5990	6693	6640	6669	6284	5559	6717	6739	6422	6573	6168	6565	6072	6421	6721	6603	6704	6808	6694	6709	6494	6726	6517	6210	6354	6314	6321	6677	6467	6240	6266	6501	6634	6562	6551	6547	6413	6551	6363	6858	6456	6443	6604	6610	6197	6265	6587	6834	6190	6473	6649	6776	6580	6505	6647	6582	6242	6392	6569	6660	5989	6194	6677	6389	6701	6357	6486	6675	6522	6706	6634	6684	6696	6354	6804	6230	6397	6552	6497	6730	6527	6672	6514	6421	6361	6559	6542	6355	6447	6662	7063	6161	6667	6313	6409	6672	6406	6555	6746	6526	6213	6650	6680	6243	6395	6437	6716	6528	6640	6679	6309	6598	6484	6623	6431	6705	6308	6587	6488	6756	6267	6315	6538	6584	6571	6553	6823	6649	6148	6554	4765	6390	6607	6740	6565	6706	6113	6542	6654	6675	6639	6492	6471	6511	6266
KM288594	6503	0	6351	6143	6358	6259	6435	6194	6135	6742	6441	6490	5996	6527	6649	6549	6395	5232	6565	6550	6348	6500	6358	6493	6078	6340	6423	6607	6567	6564	6584	6623	6350	6485	6340	6237	6287	6436	6230	6536	6651	6492	6408	6393	6550	6410	6484	6455	6354	6260	6322	6521	6489	6385	6358	6548	5888	6327	6339	6336	6238	6636	6452	6531	6472	6508	6499	6340	6381	6329	6413	6540	5726	6341	6439	6360	6602	6430	6344	6459	6518	6526	6541	6650	6634	6412	6413	6171	6483	6571	6449	6663	6386	6649	6585	6354	6301	6242	6552	6425	6566	6560	6481	6329	6573	6495	6368	6361	6342	6456	6630	6547	6249	6489	6393	6191	6441	6408	6574	6361	6537	6651	6446	6586	6523	6629	6441	6622	6457	6337	6602	6683	6335	6504	6456	6422	6345	6556	6621	6399	6074	6353	4597	6472	6473	6636	6283	6619	6157	6495	6347	6586	6565	6554	6528	6566	6307
GQ144413	6264	6351	0	6242	6537	6371	6263	5971	5982	6394	6573	6182	5874	6338	6557	6432	6512	5099	6650	6351	6096	6436	6317	6380	6003	6371	6214	6591	6485	6322	6532	6509	6236	6346	6205	6191	6131	6514	5917	6457	6522	6290	6496	6101	6350	6185	6349	6395	6192	6049	6133	6211	6508	6132	6259	6514	5919	6453	6124	6119	6066	6592	6166	6566	6391	6334	6428	6209	6186	6225	6328	6453	5813	6348	6274	6520	6580	6300	6209	6291	6593	6427	6361	6604	6538	6499	6220	6157	6176	6564	6477	6590	6326	6521	6545	6475	6336	6080	6425	6439	6495	6479	6308	6342	6545	6287	6392	6212	6199	6207	6596	6394	6242	6453	6088	6158	6375	6298	6416	6165	6302	6370	6389	6552	6360	6631	6261	6468	6522	6133	6603	6315	6419	6251	6351	6144	6078	6563	6430	6288	6115	6309	4603	6335	6212	6467	6032	6571	6102	6604	6079	6463	6492	6593	6377	6328	6166
KJ873109	6258	6143	6242	0	6137	6234	6149	6052	5935	6203	6208	6292	5892	6199	6310	6193	6326	5289	6324	6312	6145	6250	6016	6232	5896	6205	6296	6312	6304	6326	6315	6282	6324	6255	6240	6069	6170	6243	5938	6154	6240	6000	6267	6118	6239	6190	6191	6181	6105	6103	6026	6189	6143	6133	6294	6397	5949	6121	6149	6178	6000	6267	6216	6233	6265	6157	6343	6309	6189	5987	6236	6254	6031	6018	6647	6153	6285	6125	6147	6310	6316	6274	6152	6308	6269	6142	6268	5995	6125	6273	6190	6333	6183	6224	6277	6255	6247	6178	6196	6231	6170	6338	6247	6043	6300	6094	6265	6257	6065	6127	6277	6169	6023	6155	6151	6120	6198	6274	6200	6090	6281	6221	6101	6313	6201	6297	6148	6338	6176	6018	6311	6230	6246	6106	6123	6176	6163	6208	6312	6228	6226	6166	4752	6166	6253	6343	6062	6294	6043	6283	6083	6188	6200	6298	6179	6183	6056
JX287799	6254	6358	6537	6137	0	6379	6311	5940	5959	6502	6683	6204	5898	6495	6691	6556	6464	5152	6568	6351	6096	6526	6295	6483	6010	6488	6284	6747	6637	6270	6650	6624	6180	6369	6125	6138	6116	6587	5890	6574	6621	6337	6482	6160	6443	6241	6469	6509	6141	6069	6101	6228	6376	6009	6190	6555	6056	6504	6180	6088	5970	6556	6153	6515	6519	6462	6409	6181	6135	6189	6470	6574	5863	6412	6255	6752	6697	6353	6213	6272	6692	6427	6519	6735	6697	6506	6230	6116	6158	6618	6589	6666	6435	6509	6643	6579	6381	6043	6557	6479	6590	6605	6278	6432	6617	6359	6439	6233	6223	6198	6642	6387	6216	6507	6178	6076	6391	6229	6502	6186	6225	6382	6446	6616	6375	6900	6236	6504	6638	6149	6634	6433	6495	6245	6438	6219	6167	6667	6504	6363	6021	6434	4624	6295	6210	6508	6064	6737	6059	6706	6153	6510	6618	6742	6353	6346	6129
KF532125	6312	6259	6371	6234	6379	0	6322	6005	6066	6402	6404	6248	5901	6573	6514	6500	6373	5254	6443	6230	6228	6620	6326	6326	5911	6664	6237	6492	6439	6237	6564	6493	6293	6305	6196	6102	6280	6454	5900	6513	6462	6297	6325	6285	6503	6361	6613	6563	6274	6026	6168	6274	6350	6114	6176	6428	5915	6476	6282	6115	6034	6478	6233	6435	6616	6437	6341	6254	6181	6229	6718	6581	5982	6309	6266	6372	6527	6511	6245	6198	6522	6279	6527	6526	6514	6324	6258	6154	6247	6425	6426	6502	6804	6468	6500	6631	6693	6239	6490	6574	6487	6431	6301	6345	6503	6236	6730	6265	6287	6279	6553	6313	6367	6462	6213	6226	6401	6235	6492	6268	6216	6332	6471	6431	6392	6528	6343	6407	6484	6206	6506	6338	6719	6326	6425	6313	6202	6445	6357	6665	6158	6786	4692	6306	6212	6441	6115	6506	6116	6497	6146	6469	6439	6495	6279	6284	6194
GU295972	6339	6435	6263	6149	6311	6322	0	6107	5979	6373	6347	6250	5911	6333	6409	6417	6266	5244	6333	6272	6272	6312	6217	6277	6018	6317	6208	6474	6379	6297	6403	6458	6253	6236	6224	6149	6231	6343	5968	6466	6405	6580	6244	6351	6447	6327	6403	6299	6315	6070	6252	6381	6245	6199	6169	6347	5943	6256	6249	6199	6075	6344	6292	6315	6305	6362	6395	6236	6191	6430	6325	6326	5860	6224	6289	6340	6477	6277	6221	6315	6389	6416	6314	6467	6424	6349	6265	6236	6351	6373	6301	6427	6322	6439	6407	6316	6268	6296	6356	6304	6349	6392	6396	6185	6410	6602	6378	6240	6359	6344	6430	6341	6277	6324	6202	6231	6573	6298	6447	6286	6282	6671	6407	6372	6626	6439	6411	6340	6329	6346	6426	6305	6337	6547	6425	6280	6193	6336	6352	6231	6127	6321	4694	6553	6263	6326	6258	6448	6099	6434	6117	6428	6398	6433	6277	6407	6262
KU746272	6645	6194	5971	6052	5940	6005	6107	0	6271	6335	5982	6577	5884	6466	6341	6385	6037	5522	6452	6505	6336	6317	5957	6247	5852	6163	6630	6314	6354	6559	6473	6388	6342	6451	6376	6006	6155	5979	6481	6405	6160	5953	6004	6350	6370	6391	6315	6283	6208	6741	6207	6637	6155	6260	6543	6339	6388	5995	6473	6569	6078	6170	6384	6482	6356	6298	6375	6506	5964	6046	6305	6438	5838	5941	6506	6063	6366	6137	6303	6438	6226	6438	6486	6348	6434	6031	6597	6097	6145	6324	6208	6455	6256	6389	6257	6200	6030	6432	6250	6092	6200	6341	6633	5870	6413	6069	6119	6264	6208	6364	6400	6291	5932	6386	6613	6082	6118	6246	6436	6321	6387	6497	6073	6316	6179	6318	6234	6436	5996	6489	6209	6485	6001	6145	6380	6404	6526	6274	6488	6434	5940	6298	4738	6146	6413	6464	6427	6416	5982	6241	6498	6390	6332	6177	6166	6268	6050
AM292800	6204	6135	5982	5935	5959	6066	5979	6271	0	6169	6073	6147	5887	6188	6162	6178	6036	5119	6144	6197	6064	6118	6146	6063	5924	6112	6212	6121	6149	6174	6146	6189	6145	6073	6128	5997	6101	6083	6251	6110	6170	6033	6058	6083	6147	6138	6196	6127	6106	6179	6201	6190	6161	6120	6132	6073	6034	6095	6070	6135	6042	6121	6122	6153	6157	6138	6069	6113	6015	6083	6140	6142	5611	6033	6022	5942	6102	6191	6109	6164	6157	6081	6169	6162	6170	6029	6176	6125	5981	6176	6051	6147	6104	6163	6138	6097	6110	5977	6122	6112	6149	6148	6213	6060	6111	5938	6168	6026	6136	6128	6132	6104	6041	6096	6187	6029	6041	6105	6103	6087	6146	6071	6147	6185	6086	6141	6046	6160	6060	6144	6126	6117	6082	6127	6158	6178	6190	6137	6134	6113	5945	6097	4494	6099	6086	6185	6213	6167	6000	6156	6181	6139	6102	6167	6151	6039	6042
AB455265	6574	6742	6394	6203	6502	6402	6373	6335	6169	0	6545	6527	5915	6737	6910	6659	6516	5307	6741	6640	6438	6702	6373	6692	6076	6525	6489	6790	6829	6650	6853	6820	6435	6671	6370	6238	6315	6572	6173	6701	6688	6318	6546	6514	6649	6433	6715	6674	6369	6349	6271	6530	6557	6286	6518	6773	5993	6512	6388	6356	6155	6717	6475	6744	6738	6675	6632	6414	6400	6320	6622	6798	5831	6390	6523	6548	6791	6542	6476	6516	6687	6675	6749	6870	6816	6426	6454	6149	6435	6835	6623	6900	6603	6749	6762	6603	6437	6385	6695	6556	6673	6823	6599	6360	6752	6425	6479	6390	6353	6528	6809	6646	6235	6673	6446	6227	6486	6469	6722	6414	6571	6633	6579	6866	6559	6796	6436	6784	6584	6382	6780	7005	6452	6450	6603	6525	6422	6700	6909	6582	6062	6578	4665	6473	6544	6879	6345	6808	6169	6729	6399	6717	6800	6758	6616	6555	6237
FR774916	6328	6441	6573	6208	6683	6404	6347	5982	6073	6545	0	6267	5891	6486	6715	6546	6533	5132	6591	6369	6121	6494	6342	6508	5982	6460	6293	6733	6638	6296	6660	6669	6207	6412	6164	6163	6213	6646	5972	6567	6683	6343	6576	6149	6428	6233	6487	6540	6202	6122	6200	6287	6456	6100	6210	6572	5963	6537	6173	6116	6070	6593	6191	6594	6548	6460	6487	6197	6264	6243	6412	6528	5721	6460	6264	6641	6728	6408	6268	6288	6734	6413	6511	6809	6746	6568	6271	6174	6210	6653	6625	6718	6436	6564	6650	6542	6424	6061	6558	6483	6620	6659	6293	6487	6639	6365	6499	6256	6253	6236	6630	6392	6283	6525	6192	6179	6419	6284	6504	6186	6280	6401	6519	6659	6403	6794	6278	6542	6689	6156	6667	6448	6515	6323	6455	6222	6181	6683	6573	6342	6081	6435	4596	6357	6220	6574	6061	6818	6106	6760	6206	6535	6709	6826	6460	6398	6187
JX066803	6726	6490	6182	6292	6204	6248	6250	6577	6147	6527	6267	0	6201	6670	6573	6560	6290	5524	6666	6636	6486	6561	6095	6434	5937	6362	7180	6594	6526	6630	6670	6541	6817	6643	6384	6107	6324	6200	6244	6590	6432	6068	6237	6553	6605	6594	6461	6496	6420	6644	6345	6762	6305	6422	6619	6592	6192	6179	6696	6659	6346	6408	6621	6650	6518	6458	6470	6777	6189	6176	6475	6659	5932	6108	6759	6323	6621	6254	6465	6542	6488	6573	6640	6618	6660	6087	6969	6220	6498	6425	6471	6670	6417	6592	6482	6397	6263	6522	6470	6315	6394	6572	6666	6120	6640	6268	6315	6513	6398	6570	6620	6359	6082	6566	6937	6212	6287	6334	6607	6567	6425	6691	6314	6463	6325	6572	6421	6632	6247	6712	6422	6673	6242	6331	6557	6566	6821	6489	6649	6618	6193	6444	4816	6265	6451	6672	6501	6640	6137	6488	6818	6502	6586	6435	6261	6471	6265
JQ228532	5990	5996	5874	5892	5898	5901	5911	5884	5887	5915	5891	6201	0	5921	5916	5834	5920	5143	5931	5932	6004	5927	5901	5841	5889	5940	6199	5919	5882	5911	5940	5894	6144	5846	5919	5966	5970	5898	5994	5928	5919	5920	5906	6046	5914	6066	5966	5863	6004	5979	5935	5992	5949	5950	5914	5881	5872	5943	6007	5920	6027	5868	5980	5900	5882	5915	5921	6135	5933	5981	5923	5882	5664	5913	5989	5894	5885	5923	5934	5982	5895	5932	5883	5955	5899	5894	6075	5945	6070	5914	5818	5923	5852	5903	5875	5875	5976	5891	5875	5902	5905	5876	6005	5879	5898	5954	5956	5989	6066	6011	5891	5896	5823	5890	6155	5939	5991	5958	5851	6023	5932	5968	5999	5929	5999	5936	5947	5942	5924	5984	5916	5922	5972	5957	5986	6003	6160	5863	5884	5861	5946	5852	4524	5983	5984	5923	6053	5936	5941	5902	6035	5907	5860	5917	5932	5876	5987
AM230489	6693	6527	6338	6199	6495	6573	6333	6466	6188	6737	6486	6670	5921	0	6918	6880	6399	5562	6814	6679	6496	7005	6451	6654	5992	6804	6737	6862	6879	6818	6995	6961	6493	6755	6347	6170	6293	6504	6303	6917	6746	6252	6390	6535	6829	6550	6942	6933	6376	6609	6413	6702	6524	6354	6523	6787	6090	6563	6583	6548	6154	6708	6593	7039	6983	6819	6670	6673	6227	6318	6900	7055	6023	6437	6577	6601	7048	6732	6444	6476	6719	6780	7238	6871	7095	6335	6626	6290	6418	6705	6693	6905	6809	6855	6751	6700	6595	6560	6853	6756	6909	6826	6671	6459	7084	6328	6690	6458	6395	6524	7068	6654	6263	6915	6733	6243	6367	6367	7016	6635	6488	6717	6623	6702	6422	6868	6459	6907	6570	6661	6679	6967	6646	6388	6745	6594	6623	6765	6816	6885	6105	6848	4806	6356	6505	6881	6355	7061	6130	6729	6580	6803	6971	6689	6466	6649	6287
AJ585428	6640	6649	6557	6310	6691	6514	6409	6341	6162	6910	6715	6573	5916	6918	0	6890	6696	5487	6978	6790	6384	6920	6401	6957	6047	6620	6656	6960	7136	6729	7030	7064	6425	6846	6380	6237	6310	6787	6273	6880	6881	6383	6725	6423	6869	6584	6741	6760	6328	6513	6319	6613	6607	6313	6531	7086	6060	6639	6529	6459	6160	6899	6601	6924	6920	6767	6712	6615	6371	6256	6736	6901	5875	6476	6619	6707	7090	6592	6496	6532	6827	6830	6927	7034	7054	6576	6614	6189	6421	6912	6785	7124	6789	6963	6943	6690	6515	6464	6836	6626	6956	7109	6661	6492	7058	6457	6639	6493	6412	6483	7056	6646	6303	6810	6582	6216	6463	6405	6937	6581	6536	6718	6624	6910	6536	6995	6514	7040	6738	6508	6987	6916	6581	6452	6662	6557	6482	7021	6936	6746	6154	6747	4743	6449	6533	7057	6328	7112	6163	6873	6512	6979	7037	6919	6658	6766	6269
KF857166	6669	6549	6432	6193	6556	6500	6417	6385	6178	6659	6546	6560	5834	6880	6890	0	6471	5473	6920	6639	6303	6864	6380	6709	5986	6638	6602	6914	6836	6617	6943	6823	6387	6769	6355	6162	6269	6567	6177	6975	6722	6348	6464	6356	6755	6487	6776	6799	6295	6442	6300	6654	6567	6239	6537	6819	6102	6382	6516	6485	6058	6703	6473	6915	6768	6687	6598	6568	6219	6265	6847	6929	5908	6362	6572	6639	7019	6648	6439	6478	6837	6721	6958	6945	6918	6509	6669	6167	6385	6680	6766	6943	6691	6828	6889	6664	6489	6487	6817	6599	6720	6888	6673	6479	6896	6340	6602	6363	6367	6451	6967	6556	6363	6941	6550	6158	6443	6335	6939	6481	6435	6717	6520	6688	6490	6930	6432	6824	6524	6565	6742	6829	6522	6384	6698	6484	6448	6928	6893	6817	6117	6735	4786	6368	6431	6793	6226	6938	6106	6823	6509	6790	6883	6749	6591	6599	6213
HQ436467	6284	6395	6512	6326	6464	6373	6266	6037	6036	6516	6533	6290	5920	6399	6696	6471	0	5154	6662	6406	6064	6457	6356	6573	6029	6419	6317	6599	6627	6287	6635	6552	6237	6598	6175	6232	6172	6647	5976	6480	6555	6290	6726	6101	6386	6257	6414	6470	6208	6171	6099	6228	6418	6118	6198	6878	5942	6474	6158	6147	6135	6660	6159	6487	6435	6439	6543	6257	6305	6184	6375	6466	5742	6401	6356	6484	6597	6397	6148	6352	6600	6371	6454	6654	6533	6410	6292	6107	6155	6521	6491	6679	6392	6487	6626	6472	6401	6052	6491	6433	6529	6642	6263	6364	6562	6284	6454	6235	6203	6222	6618	6376	6207	6435	6188	6118	6332	6283	6538	6200	6268	6318	6471	6527	6368	6596	6234	6767	6601	6135	6719	6481	6499	6312	6373	6154	6177	6550	6596	6338	6064	6375	4642	6305	6234	6705	6052	6585	6063	6625	6256	6483	6537	6636	6555	6345	6128
AJ438175	5559	5232	5099	5289	5152	5254	5244	5522	5119	5307	5132	5524	5143	5562	5487	5473	5154	0	5484	5487	5483	5550	5057	5364	5030	5348	5558	5403	5483	5559	5516	5512	5461	5399	5363	5156	5316	5156	5348	5455	5267	5127	5087	5501	5599	5588	5374	5357	5341	5588	5238	5550	5196	5303	5475	5481	5191	5094	5637	5540	5200	5268	5535	5542	5433	5366	5354	5695	4997	5144	5517	5461	5192	5036	5534	5192	5523	5249	5363	5390	5315	5551	5548	5388	5492	5145	5603	5139	5467	5327	5239	5461	5435	5509	5315	5343	5278	5658	5355	5271	5337	5449	5587	5024	5517	5282	5271	5354	5421	5451	5539	5295	5183	5398	5569	5251	5250	5332	5540	5647	5344	5497	5161	5307	5298	5419	5364	5496	5111	5586	5290	5530	5260	5236	5430	5554	5535	5440	5394	5543	5269	5422	4873	5262	5412	5488	5427	5525	5150	5294	5614	5474	5470	5267	5187	5442	5322
EU109724	6717	6565	6650	6324	6568	6443	6333	6452	6144	6741	6591	6666	5931	6814	6978	6920	6662	5484	0	6743	6327	6864	6363	6762	6036	6565	6687	6925	6862	6714	7097	6905	6460	6860	6414	6211	6239	6593	6216	6877	6710	6298	6558	6378	6683	6561	6659	6719	6374	6540	6249	6670	6638	6363	6626	6983	6172	6475	6556	6578	6161	6904	6545	6969	6748	6685	6709	6605	6280	6205	6695	6912	5915	6416	6713	6725	6990	6508	6430	6554	6797	6805	6856	6972	6941	6503	6673	6144	6459	6842	6759	7111	6677	6943	6901	6721	6439	6431	6728	6596	6763	6896	6732	6329	7080	6388	6536	6458	6412	6529	7034	6633	6229	6900	6623	6155	6394	6378	6891	6569	6529	6753	6533	6854	6474	6957	6514	6903	6610	6574	6836	6864	6504	6385	6674	6479	6512	6947	6908	6748	6115	6703	4769	6370	6478	6902	6333	7036	6091	6865	6559	6822	6949	6810	6558	6674	6238
AJ440996	6739	6550	6351	6312	6351	6230	6272	6505	6197	6640	6369	6636	5932	6679	6790	6639	6406	5487	6743	0	6367	6654	6164	6603	6028	6343	6702	6614	6741	6920	6658	6716	6483	6685	6521	6215	6298	6346	6326	6574	6541	6188	6397	6418	6660	6533	6511	6438	6421	6523	6241	6698	6450	6442	6608	6769	6046	6291	6476	6583	6259	6582	6675	6754	6591	6474	6659	6593	6249	6182	6492	6699	5868	6176	6664	6362	6714	6358	6443	6959	6549	6744	6646	6664	6792	6380	6686	6115	6372	6652	6486	6718	6480	6708	6564	6367	6264	6469	6528	6387	6608	6714	6733	6196	6733	6320	6314	6400	6373	6576	6770	6560	6121	6583	6642	6155	6367	6412	6743	6604	6702	6582	6330	6668	6386	6655	6438	6900	6371	6435	6565	6712	6247	6351	6490	6526	6548	6714	6678	6494	6074	6430	4745	6291	6563	6942	6425	6790	6112	6527	6599	6710	6706	6566	6477	6708	6218
DQ222428	6422	6348	6096	6145	6096	6228	6272	6336	6064	6438	6121	6486	6004	6496	6384	6303	6064	5483	6327	6367	0	6453	6140	6311	6061	6260	6518	6350	6364	6547	6390	6427	6400	6262	6422	6204	6493	6125	6171	6378	6268	6176	6061	7006	6372	6815	6449	6296	6414	6318	6358	6489	6200	6485	6529	6297	5969	6122	6736	6553	6198	6281	6525	6350	6448	6362	6323	6428	5996	6260	6410	6447	5845	6062	6442	6106	6371	6305	6410	6345	6248	6472	6392	6363	6392	6124	6373	6256	6581	6339	6212	6411	6387	6457	6246	6228	6231	6387	6271	6371	6291	6354	6502	5987	6387	6218	6291	6404	6433	6498	6377	6339	6011	6418	6490	6560	6392	6460	6329	6526	6479	6511	6279	6333	6423	6348	6521	6361	6143	6586	6319	6464	6240	6391	6463	6934	6464	6331	6386	6392	6141	6330	4691	6428	6524	6406	6448	6401	6410	6257	6364	6405	6337	6289	6142	6408	6303
GQ281770	6573	6500	6436	6250	6526	6620	6312	6317	6118	6702	6494	6561	5927	7005	6920	6864	6457	5550	6864	6654	6453	0	6395	6655	6008	6816	6588	6794	6880	6686	6896	6925	6449	6701	6353	6178	6269	6574	6208	6810	6628	6270	6422	6516	6830	6548	6791	6787	6378	6384	6384	6528	6548	6333	6450	6843	6025	6459	6463	6501	6120	6718	6594	6864	6960	6701	6569	6546	6201	6243	6937	7057	5982	6367	6583	6520	6948	6668	6456	6491	6692	6701	6927	6797	6905	6409	6561	6271	6431	6661	6647	6916	6825	6906	6754	6664	6654	6533	6781	6935	6751	6880	6577	6441	7050	6271	6704	6394	6399	6526	6906	6584	6273	6854	6551	6221	6371	6398	6885	6616	6477	6572	6511	6657	6418	6830	6499	6894	6521	6534	6731	6831	6733	6326	6695	6557	6486	6865	6766	6796	6158	6792	4813	6312	6482	6894	6315	6929	6119	6671	6508	6862	6841	6670	6490	6646	6238
KJ461685	6168	6358	6317	6016	6295	6326	6217	5957	6146	6373	6342	6095	5901	6451	6401	6380	6356	5057	6363	6164	6140	6395	0	6279	6055	6393	6158	6432	6385	6190	6455	6424	6135	6283	6065	6160	6094	6402	5991	6467	6408	6278	6378	6135	6379	6151	6461	6449	6124	5972	6189	6172	6511	6166	6069	6360	5846	6444	6045	6067	6005	6412	6085	6409	6338	6471	6315	6104	6201	6264	6392	6402	5705	6415	6065	6342	6437	6476	6143	6151	6420	6165	6433	6440	6388	6256	6157	6164	6133	6320	6315	6450	6291	6365	6455	6333	6323	5961	6418	6451	6419	6383	6199	6371	6412	6212	6399	6082	6133	6135	6444	6302	6232	6477	6134	6135	6270	6238	6321	6087	6171	6252	6493	6318	6272	6432	6184	6412	6416	6149	6450	6328	6403	6199	6424	6155	6111	6380	6390	6272	5958	6291	4494	6204	6155	6400	5997	6407	6009	6410	6074	6337	6346	6420	6364	6233	6108
AF030380	6565	6493	6380	6232	6483	6326	6277	6247	6063	6692	6508	6434	5841	6654	6957	6709	6573	5364	6762	6603	6311	6655	6279	0	5952	6415	6510	6739	6990	6505	6807	6851	6233	6699	6275	6095	6247	6572	6137	6652	6693	6253	6655	6298	6612	6446	6543	6528	6254	6350	6166	6442	6464	6171	6367	6893	5989	6441	6388	6345	6003	6703	6398	6682	6714	6544	6631	6421	6249	6163	6552	6703	5742	6320	6492	6500	6810	6420	6350	6415	6639	6597	6645	6782	6756	6371	6485	6030	6361	6680	6612	6938	6560	6739	6752	6494	6356	6284	6617	6464	6670	6939	6460	6289	6811	6255	6458	6396	6306	6392	6828	6459	6200	6647	6406	6153	6337	6297	6679	6430	6375	6495	6436	6720	6430	6749	6422	6863	6509	6310	6798	6757	6380	6267	6467	6417	6349	6832	6822	6563	6026	6503	4715	6331	6371	6867	6181	6817	6088	6641	6416	6747	6723	6683	6604	6570	6219
EU423319	6072	6078	6003	5896	6010	5911	6018	5852	5924	6076	5982	5937	5889	5992	6047	5986	6029	5030	6036	6028	6061	6008	6055	5952	0	5991	5959	6033	6035	6108	6037	6061	6047	5956	6041	6544	5998	6031	5797	6057	6017	6047	6021	6102	6007	6008	6061	5930	6008	5800	6017	6053	6041	6113	6057	6053	5825	6062	5968	6210	6092	6064	6029	6002	5982	6063	6013	5938	5844	6141	5954	6022	5771	6016	5925	6051	6032	6032	6097	6067	6006	6198	5961	6063	5998	6025	5960	6046	5964	6018	5908	6073	5957	6143	6023	5945	5956	5886	5959	6002	6004	6010	6155	5948	6051	6093	5969	6010	5976	6016	6062	6037	5898	6018	5969	6052	6180	6418	6030	5977	6124	6049	6016	6053	6230	6022	5993	6028	6026	5928	6053	6056	5959	6018	6095	6113	5968	5997	6058	5923	5843	5940	4421	6181	6423	6033	6026	6059	6013	6054	5985	6035	5981	6055	6021	6071	5949
KP711654	6421	6340	6371	6205	6488	6664	6317	6163	6112	6525	6460	6362	5940	6804	6620	6638	6419	5348	6565	6343	6260	6816	6393	6415	5991	0	6407	6610	6583	6376	6661	6580	6364	6476	6200	6187	6172	6493	5957	6615	6492	6303	6390	6350	6633	6376	6699	6746	6292	6160	6256	6362	6404	6126	6269	6530	6055	6537	6303	6261	6047	6513	6296	6579	6729	6601	6450	6317	6188	6285	6887	6786	6048	6356	6371	6511	6618	6556	6287	6351	6601	6383	6723	6636	6600	6375	6344	6278	6201	6495	6521	6618	6726	6528	6606	6682	6702	6343	6699	6717	6492	6517	6387	6451	6633	6340	6714	6335	6285	6351	6635	6476	6348	6588	6351	6130	6325	6270	6623	6290	6287	6405	6462	6518	6351	6649	6291	6577	6525	6376	6532	6498	6729	6276	6570	6405	6333	6524	6501	6780	6191	6761	4776	6274	6326	6560	6226	6640	6099	6599	6301	6509	6527	6588	6343	6329	6168
KM089833	6721	6423	6214	6296	6284	6237	6208	6630	6212	6489	6293	7180	6199	6737	6656	6602	6317	5558	6687	6702	6518	6588	6158	6510	5959	6407	0	6634	6605	6666	6705	6555	6754	6689	6400	6143	6337	6271	6240	6621	6481	6095	6311	6534	6629	6644	6495	6535	6404	6627	6395	6764	6337	6416	6632	6615	6247	6221	6745	6683	6353	6452	6625	6694	6529	6534	6488	6817	6112	6175	6550	6741	5977	6141	6711	6370	6653	6320	6500	6608	6523	6599	6688	6656	6688	6153	6975	6278	6427	6475	6507	6723	6445	6600	6517	6435	6296	6511	6488	6397	6453	6592	6697	6142	6708	6229	6347	6533	6421	6554	6645	6392	6074	6618	7005	6226	6231	6382	6648	6569	6453	6644	6332	6508	6261	6654	6436	6709	6310	6739	6484	6646	6268	6291	6584	6624	6888	6557	6651	6651	6178	6488	4793	6225	6496	6704	6531	6706	6163	6519	6860	6544	6587	6473	6317	6484	6312
HE612094	6603	6607	6591	6312	6747	6492	6474	6314	6121	6790	6733	6594	5919	6862	6960	6914	6599	5403	6925	6614	6350	6794	6432	6739	6033	6610	6634	0	6930	6566	7044	6937	6479	6728	6348	6195	6310	6723	6101	6948	6965	6422	6610	6440	6725	6521	6785	6812	6356	6398	6338	6606	6630	6286	6548	6851	6145	6598	6525	6441	6109	6801	6471	6905	6816	6742	6749	6553	6330	6312	6736	6890	5874	6508	6602	6890	7094	6620	6425	6472	6960	6762	6873	7131	7038	6590	6567	6213	6451	6874	6927	7083	6673	6865	6944	6795	6497	6375	6846	6645	6838	6951	6630	6519	7019	6494	6624	6472	6410	6505	6997	6600	6325	6881	6531	6234	6512	6413	6874	6475	6462	6715	6628	6856	6559	7120	6515	6801	6705	6466	6921	6846	6570	6462	6748	6479	6482	6887	6918	6675	6109	6734	4776	6469	6471	6800	6297	7032	6129	7024	6480	6814	6944	6948	6618	6640	6275
AF433174	6704	6567	6485	6304	6637	6439	6379	6354	6149	6829	6638	6526	5882	6879	7136	6836	6627	5483	6862	6741	6364	6880	6385	6990	6035	6583	6605	6930	0	6667	6960	7081	6359	6769	6370	6179	6313	6814	6280	6831	6836	6378	6661	6390	6809	6513	6703	6703	6280	6492	6338	6534	6594	6259	6492	7028	6068	6579	6467	6470	6093	6810	6564	6902	6928	6701	6715	6573	6365	6287	6716	6871	5832	6498	6614	6649	7078	6579	6452	6534	6756	6803	6843	6950	6957	6529	6599	6190	6386	6841	6736	7051	6709	6898	6865	6656	6454	6446	6771	6620	6876	7193	6600	6446	6975	6379	6584	6524	6329	6435	7009	6530	6254	6773	6513	6217	6446	6427	6841	6536	6469	6646	6556	6872	6536	6933	6447	6995	6666	6445	6937	6965	6536	6353	6618	6500	6435	6986	6984	6693	6092	6667	4751	6460	6486	6999	6301	7031	6155	6832	6516	6905	6938	6835	6739	6718	6234
AB973429	6808	6564	6322	6326	6270	6237	6297	6559	6174	6650	6296	6630	5911	6818	6729	6617	6287	5559	6714	6920	6547	6686	6190	6505	6108	6376	6666	6566	6667	0	6663	6751	6532	6596	6727	6286	6419	6281	6410	6567	6449	6149	6268	6571	6649	6657	6446	6484	6487	6628	6402	6788	6432	6638	6863	6680	6126	6213	6643	6833	6358	6536	6933	6847	6629	6528	6541	6622	6128	6235	6508	6683	5980	6119	6708	6338	6820	6289	6584	6801	6535	6851	6769	6650	6870	6288	6677	6281	6494	6616	6444	6708	6458	6755	6568	6331	6253	6591	6562	6386	6628	6651	6864	6182	6813	6366	6310	6500	6437	6642	6864	6548	6069	6568	6644	6321	6415	6537	6807	6714	7095	6716	6272	6638	6439	6616	6593	6789	6311	6621	6507	6816	6276	6467	6512	6706	6549	6646	6708	6530	6182	6453	4783	6360	6668	6821	6605	6862	6279	6509	6547	6665	6810	6495	6358	6872	6342
EF575563	6694	6584	6532	6315	6650	6564	6403	6473	6146	6853	6660	6670	5940	6995	7030	6943	6635	5516	7097	6658	6390	6896	6455	6807	6037	6661	6705	7044	6960	6663	0	6978	6489	6826	6367	6212	6285	6682	6204	6974	6837	6344	6599	6459	6789	6603	6819	6866	6342	6524	6273	6656	6620	6341	6582	6978	6186	6626	6587	6520	6098	6864	6544	7026	6939	6767	6762	6614	6329	6260	6853	7016	5922	6561	6676	6806	7046	6648	6431	6446	6888	6769	7091	7065	7056	6500	6676	6168	6488	6850	6839	7146	6813	6934	6911	6876	6572	6484	6825	6646	6894	6954	6700	6492	7091	6413	6652	6488	6388	6496	7099	6631	6327	6954	6643	6204	6434	6403	6978	6542	6476	6779	6644	6863	6498	7038	6522	6886	6721	6578	6869	6939	6651	6407	6702	6552	6546	6899	6949	6848	6126	6838	4755	6419	6455	6888	6279	7071	6131	6919	6562	6835	6996	6872	6572	6662	6247
AJ557888	6709	6623	6509	6282	6624	6493	6458	6388	6189	6820	6669	6541	5894	6961	7064	6823	6552	5512	6905	6716	6427	6925	6424	6851	6061	6580	6555	6937	7081	6751	6978	0	6390	6764	6396	6208	6344	6657	6292	6827	6826	6399	6548	6475	6829	6524	6782	6725	6377	6526	6352	6605	6558	6312	6463	6950	6049	6582	6484	6553	6107	6783	6583	6972	6935	6659	6745	6603	6338	6316	6716	6845	5907	6455	6598	6697	7130	6590	6444	6503	6784	6825	6876	6977	7075	6520	6618	6214	6456	6889	6719	7051	6727	6962	6861	6660	6509	6531	6768	6650	6929	7085	6696	6420	7082	6402	6606	6530	6403	6532	7095	6621	6325	6859	6550	6290	6438	6399	6940	6637	6509	6724	6619	6909	6554	6927	6483	6997	6649	6458	6813	6947	6535	6425	6733	6530	6495	6928	6930	6690	6143	6669	4797	6458	6492	6960	6360	7115	6133	6819	6531	6883	7032	6849	6604	6746	6273
AM934666	6494	6350	6236	6324	6180	6293	6253	6342	6145	6435	6207	6817	6144	6493	6425	6387	6237	5461	6460	6483	6400	6449	6135	6233	6047	6364	6754	6479	6359	6532	6489	6390	0	6422	6419	6172	6262	6222	6030	6459	6342	6084	6147	6479	6465	6479	6442	6430	6395	6396	6340	6609	6278	6331	6559	6401	6175	6211	6540	6519	6351	6337	6464	6491	6410	6483	6351	6813	6094	6246	6382	6484	6009	6135	6528	6251	6434	6259	6437	6491	6466	6501	6459	6468	6483	6102	6672	6265	6348	6404	6362	6451	6331	6444	6423	6364	6268	6397	6447	6317	6261	6393	6544	6151	6432	6292	6312	6461	6387	6495	6495	6370	6111	6404	6728	6235	6344	6457	6488	6446	6407	6534	6310	6444	6361	6441	6347	6432	6225	6583	6362	6435	6250	6249	6552	6451	6723	6362	6407	6411	6206	6362	4742	6340	6530	6497	6410	6454	6143	6452	6611	6343	6419	6398	6216	6333	6283
U85889	6726	6485	6346	6255	6369	6305	6236	6451	6073	6671	6412	6643	5846	6755	6846	6769	6598	5399	6860	6685	6262	6701	6283	6699	5956	6476	6689	6728	6769	6596	6826	6764	6422	0	6338	6176	6226	6456	6070	6733	6530	6171	6546	6334	6653	6452	6591	6642	6300	6470	6226	6590	6409	6289	6465	6881	6076	6316	6487	6512	6131	6618	6412	6781	6579	6566	6631	6488	6176	6143	6605	6792	5879	6279	6643	6501	6807	6420	6315	6540	6659	6569	6714	6799	6825	6267	6665	6113	6292	6585	6612	6926	6544	6718	6671	6540	6358	6342	6623	6502	6552	6792	6621	6265	6841	6208	6402	6356	6298	6454	6804	6465	6156	6734	6587	6115	6223	6328	6865	6447	6424	6567	6372	6608	6289	6749	6324	7008	6403	6472	6684	6793	6354	6225	6600	6427	6497	6685	6869	6668	6042	6570	4734	6187	6414	6990	6279	6803	6011	6633	6594	6675	6722	6609	6537	6504	6113
KJ957195	6517	6340	6205	6240	6125	6196	6224	6376	6128	6370	6164	6384	5919	6347	6380	6355	6175	5363	6414	6521	6422	6353	6065	6275	6041	6200	6400	6348	6370	6727	6367	6396	6419	6338	0	6190	6401	6190	6119	6338	6276	6054	6167	6483	6275	6482	6325	6281	6296	6312	6357	6395	6285	6636	6851	6374	6040	6093	6366	6707	6307	6345	6638	6373	6367	6336	6344	6399	6006	6130	6289	6401	5870	6046	6388	6138	6360	6233	6443	6535	6336	6413	6318	6393	6358	6191	6457	6249	6347	6405	6253	6417	6282	6380	6357	6151	6167	6380	6338	6260	6247	6378	6525	6044	6386	6162	6231	6423	6377	6403	6416	6286	6025	6309	6353	6299	6263	6446	6372	6409	6664	6327	6213	6445	6287	6356	6385	6413	6181	6374	6388	6308	6149	6335	6397	6514	6373	6368	6328	6298	6183	6259	4734	6210	6524	6395	6682	6396	6212	6331	6382	6372	6340	6322	6210	6483	6261
HE995762	6210	6237	6191	6069	6138	6102	6149	6006	5997	6238	6163	6107	5966	6170	6237	6162	6232	5156	6211	6215	6204	6178	6160	6095	6544	6187	6143	6195	6179	6286	6212	6208	6172	6176	6190	0	6211	6210	5940	6195	6187	6195	6231	6252	6201	6184	6238	6102	6168	6005	6135	6219	6186	6236	6196	6249	5904	6220	6146	6297	6246	6233	6182	6180	6138	6224	6215	6126	5958	6262	6140	6209	5851	6171	6157	6168	6203	6168	6276	6242	6222	6351	6135	6235	6176	6164	6118	6170	6134	6195	6137	6231	6151	6301	6219	6107	6131	6063	6124	6196	6181	6166	6304	6099	6198	6255	6183	6149	6143	6172	6220	6168	6061	6144	6119	6221	6322	6612	6209	6137	6330	6182	6169	6199	6357	6204	6149	6241	6200	6064	6219	6186	6166	6164	6218	6291	6102	6171	6208	6103	6027	6134	4541	6308	6647	6222	6180	6244	6223	6196	6127	6220	6165	6236	6158	6251	6142
DQ021903	6354	6287	6131	6170	6116	6280	6231	6155	6101	6315	6213	6324	5970	6293	6310	6269	6172	5316	6239	6298	6493	6269	6094	6247	5998	6172	6337	6310	6313	6419	6285	6344	6262	6226	6401	6211	0	6220	5986	6259	6295	6134	6187	6628	6275	6674	6304	6212	6507	6147	6328	6374	6174	6402	6389	6276	5913	6175	6702	6408	6274	6295	6359	6181	6311	6251	6299	6236	6042	6230	6218	6322	5768	6042	6238	6128	6305	6188	6423	6373	6319	6439	6245	6362	6329	6169	6356	6252	6497	6292	6229	6335	6283	6383	6300	6156	6199	6234	6214	6227	6225	6299	6413	6040	6287	6240	6317	6318	6521	6540	6358	6225	6007	6220	6253	6821	6389	6416	6254	6512	6425	6330	6263	6308	6419	6303	6527	6309	6223	6248	6319	6247	6226	6332	6326	6691	6227	6260	6280	6219	6086	6267	4645	6343	6379	6339	6336	6351	6692	6331	6268	6391	6282	6322	6159	6443	6444
HQ436466	6314	6436	6514	6243	6587	6454	6343	5979	6083	6572	6646	6200	5898	6504	6787	6567	6647	5156	6593	6346	6125	6574	6402	6572	6031	6493	6271	6723	6814	6281	6682	6657	6222	6456	6190	6210	6220	0	5979	6548	6696	6408	6631	6179	6491	6270	6503	6546	6182	6080	6237	6259	6522	6157	6224	6648	5913	6615	6189	6153	6094	6670	6193	6520	6558	6500	6453	6216	6321	6232	6480	6582	5737	6538	6292	6549	6761	6525	6234	6298	6693	6423	6533	6726	6634	6564	6280	6208	6184	6608	6572	6748	6497	6554	6707	6555	6470	6062	6590	6548	6662	6755	6324	6524	6643	6306	6551	6255	6216	6198	6638	6386	6308	6483	6176	6185	6394	6322	6547	6196	6256	6346	6530	6611	6420	6728	6273	6599	6707	6167	6842	6509	6600	6314	6423	6240	6138	6680	6608	6407	6101	6496	4579	6393	6279	6577	6091	6692	6125	6747	6203	6564	6614	6722	6593	6335	6163
HQ329187	6321	6230	5917	5938	5890	5900	5968	6481	6251	6173	5972	6244	5994	6303	6273	6177	5976	5348	6216	6326	6171	6208	5991	6137	5797	5957	6240	6101	6280	6410	6204	6292	6030	6070	6119	5940	5986	5979	0	6215	6151	5980	6003	6109	6222	6134	6066	6035	5959	6638	6092	6229	6145	6090	6187	6259	6072	5979	6102	6205	5916	6142	6215	6337	6235	6055	6171	6334	6116	5973	6088	6150	5513	5934	6254	5856	6300	6087	6042	6147	6034	6262	6333	6133	6355	5978	6209	5945	6102	6166	5975	6185	6073	6338	6119	5947	5928	6151	6070	5995	6341	6255	6234	5891	6322	5929	6042	6060	6011	6054	6300	6066	5894	6161	6190	5915	6050	6064	6255	6150	6211	6201	6041	6105	6052	6160	6062	6319	6001	6173	6105	6454	5964	6066	6031	6144	6082	6254	6219	6098	5903	6016	4566	6085	6194	6242	6099	6377	5909	6024	6054	6346	6301	6060	6088	6152	5908
KX037100	6677	6536	6457	6154	6574	6513	6466	6405	6110	6701	6567	6590	5928	6917	6880	6975	6480	5455	6877	6574	6378	6810	6467	6652	6057	6615	6621	6948	6831	6567	6974	6827	6459	6733	6338	6195	6259	6548	6215	0	6731	6379	6453	6442	6813	6525	6787	6823	6372	6439	6315	6678	6591	6320	6514	6809	6130	6478	6609	6511	6141	6707	6534	6914	6795	6837	6625	6601	6272	6357	6792	6902	5935	6491	6563	6705	7000	6643	6470	6409	6776	6726	7007	6971	6955	6455	6648	6208	6513	6739	6724	6947	6700	6891	6765	6706	6488	6454	6860	6572	6767	6848	6701	6466	6909	6450	6597	6404	6445	6528	6954	6529	6374	7029	6578	6196	6488	6436	6904	6551	6432	6754	6715	6733	6527	6953	6523	6769	6578	6667	6749	6835	6528	6408	6808	6511	6492	6821	6863	6792	6178	6737	4791	6439	6477	6765	6277	6947	6085	6848	6506	6792	6890	6772	6501	6647	6309
FN669776	6467	6651	6522	6240	6621	6462	6405	6160	6170	6688	6683	6432	5919	6746	6881	6722	6555	5267	6710	6541	6268	6628	6408	6693	6017	6492	6481	6965	6836	6449	6837	6826	6342	6530	6276	6187	6295	6696	6151	6731	0	6410	6585	6310	6623	6411	6664	6635	6289	6221	6348	6465	6611	6272	6408	6720	5961	6664	6358	6267	6110	6841	6353	6714	6780	6637	6657	6402	6387	6320	6579	6746	5754	6484	6406	6663	6872	6599	6346	6404	6750	6618	6757	6915	6877	6523	6420	6180	6384	6790	6735	6842	6614	6678	6808	6565	6457	6280	6732	6538	6903	6809	6467	6539	6787	6374	6604	6379	6372	6392	6859	6567	6375	6654	6390	6210	6438	6331	6697	6367	6439	6588	6631	6813	6519	6898	6436	6679	6741	6280	6825	6608	6555	6482	6562	6381	6358	6761	6695	6539	6167	6581	4636	6491	6404	6699	6221	6869	6163	6782	6337	6708	6801	6821	6624	6541	6287
KF499995	6240	6492	6290	6000	6337	6297	6580	5953	6033	6318	6343	6068	5920	6252	6383	6348	6290	5127	6298	6188	6176	6270	6278	6253	6047	6303	6095	6422	6378	6149	6344	6399	6084	6171	6054	6195	6134	6408	5980	6379	6410	0	6331	6238	6319	6252	6316	6220	6135	5962	6145	6257	6270	6101	6045	6297	5846	6334	6161	6034	6003	6326	6148	6227	6251	6249	6294	6093	6193	6383	6288	6259	5726	6330	6159	6322	6462	6289	6085	6127	6352	6278	6231	6403	6370	6429	6074	6160	6188	6288	6267	6390	6283	6417	6359	6339	6275	6054	6298	6265	6418	6368	6233	6257	6350	6474	6342	6116	6157	6140	6388	6300	6300	6252	6034	6137	6479	6187	6294	6101	6135	6536	6328	6326	6522	6437	6253	6294	6365	6153	6427	6301	6346	6491	6291	6196	6051	6382	6287	6219	6010	6282	4555	6495	6132	6262	6088	6393	6104	6397	5984	6401	6315	6390	6346	6252	6139
FJ654474	6266	6408	6496	6267	6482	6325	6244	6004	6058	6546	6576	6237	5906	6390	6725	6464	6726	5087	6558	6397	6061	6422	6378	6655	6021	6390	6311	6610	6661	6268	6599	6548	6147	6546	6167	6231	6187	6631	6003	6453	6585	6331	0	6086	6380	6222	6375	6427	6161	6132	6109	6199	6455	6114	6192	6753	5961	6542	6137	6080	6048	6607	6157	6430	6428	6398	6505	6182	6323	6218	6326	6482	5701	6415	6298	6513	6591	6382	6192	6292	6588	6354	6407	6659	6547	6441	6236	6141	6146	6523	6501	6725	6325	6490	6630	6440	6344	6000	6448	6420	6557	6680	6235	6408	6595	6286	6432	6229	6162	6179	6582	6328	6277	6422	6176	6137	6322	6248	6474	6123	6239	6263	6454	6546	6338	6589	6245	6703	6599	6088	6696	6491	6439	6270	6325	6172	6159	6584	6593	6295	6058	6324	4599	6291	6172	6667	6017	6602	6138	6594	6189	6490	6523	6636	6542	6334	6127
KT750335	6501	6393	6101	6118	6160	6285	6351	6350	6083	6514	6149	6553	6046	6535	6423	6356	6101	5501	6378	6418	7006	6516	6135	6298	6102	6350	6534	6440	6390	6571	6459	6475	6479	6334	6483	6252	6628	6179	6109	6442	6310	6238	6086	0	6416	6896	6507	6372	6496	6333	6434	6526	6204	6525	6577	6350	6020	6163	6775	6612	6231	6320	6542	6357	6454	6437	6380	6420	6003	6296	6466	6499	5925	6104	6446	6190	6430	6312	6473	6430	6329	6502	6459	6460	6431	6140	6453	6340	6608	6413	6294	6450	6433	6534	6343	6303	6283	6418	6342	6388	6309	6385	6584	6027	6457	6311	6319	6479	6516	6616	6451	6396	6021	6437	6558	6611	6436	6472	6409	6585	6488	6534	6325	6412	6489	6448	6578	6387	6197	6569	6363	6477	6294	6454	6570	7018	6550	6366	6425	6411	6153	6420	4735	6440	6559	6415	6569	6470	6438	6368	6442	6431	6408	6349	6172	6442	6351
DQ178976	6634	6550	6350	6239	6443	6503	6447	6370	6147	6649	6428	6605	5914	6829	6869	6755	6386	5599	6683	6660	6372	6830	6379	6612	6007	6633	6629	6725	6809	6649	6789	6829	6465	6653	6275	6201	6275	6491	6222	6813	6623	6319	6380	6416	0	6555	6673	6632	6391	6416	6299	6621	6530	6299	6407	6771	5970	6459	6556	6436	6198	6615	6616	6804	6750	6611	6577	6561	6172	6304	6764	6776	6029	6348	6561	6468	6892	6476	6494	6449	6608	6658	6878	6753	6856	6348	6581	6172	6491	6619	6551	6798	6721	6803	6672	6554	6495	6674	6747	6527	6704	6802	6644	6378	6832	6471	6525	6427	6406	6545	6893	6538	6591	6694	6566	6177	6365	6369	7008	6608	6474	6658	6500	6606	6409	6746	6497	6842	6476	6566	6692	6726	6504	6373	6678	6529	6465	6730	6682	6782	6278	6679	4790	6332	6505	6860	6298	6869	6078	6613	6429	6834	6776	6629	6420	6653	6281
KU052686	6562	6410	6185	6190	6241	6361	6327	6391	6138	6433	6233	6594	6066	6550	6584	6487	6257	5588	6561	6533	6815	6548	6151	6446	6008	6376	6644	6521	6513	6657	6603	6524	6479	6452	6482	6184	6674	6270	6134	6525	6411	6252	6222	6896	6555	0	6466	6442	6564	6413	6322	6708	6257	6484	6533	6516	6099	6219	7007	6564	6296	6430	6676	6498	6531	6458	6456	6538	6011	6231	6534	6510	5909	6122	6493	6271	6556	6294	6448	6487	6406	6553	6534	6556	6542	6267	6592	6227	6624	6414	6361	6582	6523	6644	6480	6338	6316	6518	6441	6336	6405	6486	6612	6095	6545	6356	6412	6496	6602	6688	6577	6373	6096	6482	6608	6531	6398	6417	6478	6758	6519	6565	6315	6420	6443	6532	6707	6525	6292	6621	6468	6451	6345	6528	6627	7036	6552	6513	6481	6560	6214	6486	4768	6387	6477	6554	6561	6588	6501	6422	6536	6618	6497	6436	6287	6639	6418
DQ372986	6551	6484	6349	6191	6469	6613	6403	6315	6196	6715	6487	6461	5966	6942	6741	6776	6414	5374	6659	6511	6449	6791	6461	6543	6061	6699	6495	6785	6703	6446	6819	6782	6442	6591	6325	6238	6304	6503	6066	6787	6664	6316	6375	6507	6673	6466	0	6823	6375	6255	6350	6528	6526	6296	6360	6627	6033	6567	6389	6357	6132	6586	6438	6744	6785	6742	6666	6494	6251	6323	6861	6809	6051	6435	6404	6571	6744	6862	6415	6449	6632	6519	6803	6795	6767	6381	6452	6227	6370	6683	6618	6754	6778	6684	6698	6630	6628	6406	6729	6715	6654	6690	6532	6396	6751	6324	6739	6427	6390	6505	6735	6641	6344	6759	6533	6280	6421	6398	6716	6444	6382	6570	6658	6669	6471	6747	6437	6725	6517	6467	6659	6681	6582	6401	6785	6499	6545	6614	6679	6734	6094	6779	4744	6384	6522	6727	6333	6779	6089	6671	6392	6697	6686	6719	6475	6463	6269
JX001187	6547	6455	6395	6181	6509	6563	6299	6283	6127	6674	6540	6496	5863	6933	6760	6799	6470	5357	6719	6438	6296	6787	6449	6528	5930	6746	6535	6812	6703	6484	6866	6725	6430	6642	6281	6102	6212	6546	6035	6823	6635	6220	6427	6372	6632	6442	6823	0	6337	6343	6296	6532	6553	6225	6435	6650	6108	6552	6437	6377	6083	6583	6355	6832	6782	6740	6601	6442	6252	6228	6795	6883	5937	6461	6440	6647	6846	6662	6373	6394	6767	6481	6953	6874	6790	6365	6524	6206	6274	6658	6697	6822	6660	6683	6742	6716	6541	6329	6853	6715	6640	6673	6535	6522	6739	6320	6723	6383	6357	6436	6803	6547	6281	6833	6514	6150	6328	6304	6751	6369	6369	6561	6612	6646	6359	6828	6360	6678	6559	6494	6677	6700	6569	6342	6712	6410	6429	6641	6729	6833	6125	6747	4689	6266	6357	6658	6265	6774	6030	6767	6438	6648	6719	6714	6484	6417	6204
KM576853	6413	6354	6192	6105	6141	6274	6315	6208	6106	6369	6202	6420	6004	6376	6328	6295	6208	5341	6374	6421	6414	6378	6124	6254	6008	6292	6404	6356	6280	6487	6342	6377	6395	6300	6296	6168	6507	6182	5959	6372	6289	6135	6161	6496	6391	6564	6375	6337	0	6125	6317	6552	6287	6302	6313	6308	5925	6183	6584	6367	6333	6316	6471	6331	6315	6343	6342	6280	6078	6234	6305	6437	5869	6078	6238	6163	6323	6231	6487	6460	6329	6467	6362	6374	6372	6208	6461	6252	6653	6349	6240	6373	6305	6455	6326	6220	6261	6388	6320	6382	6250	6284	6489	6125	6353	6266	6320	6318	6745	7033	6410	6371	6097	6293	6444	6433	6351	6351	6372	6816	6463	6421	6318	6369	6418	6339	6817	6410	6207	6447	6321	6308	6233	6444	6511	6544	6411	6261	6348	6323	6146	6299	4727	6286	6370	6437	6364	6384	6329	6319	6392	6445	6303	6336	6267	6489	6506
JN867054	6551	6260	6049	6103	6069	6026	6070	6741	6179	6349	6122	6644	5979	6609	6513	6442	6171	5588	6540	6523	6318	6384	5972	6350	5800	6160	6627	6398	6492	6628	6524	6526	6396	6470	6312	6005	6147	6080	6638	6439	6221	5962	6132	6333	6416	6413	6255	6343	6125	0	6173	6601	6196	6196	6457	6519	6353	6053	6462	6516	6092	6248	6415	6646	6431	6363	6384	6636	6050	6051	6275	6429	5743	6031	6576	6152	6611	6144	6270	6400	6358	6526	6634	6441	6651	6027	6611	6060	6214	6371	6280	6509	6277	6557	6380	6273	6009	6380	6291	6111	6403	6515	6541	5932	6609	6146	6173	6396	6161	6271	6593	6185	5922	6431	6643	6039	6161	6226	6589	6398	6311	6486	6154	6332	6165	6433	6175	6571	6075	6528	6289	6665	6045	6126	6384	6378	6516	6447	6481	6432	6023	6320	4752	6125	6381	6524	6318	6612	5967	6302	6546	6495	6582	6283	6127	6341	5994
