AY187688	0	6654	7004	6918	6877	6798
FJ348469	6654	0	6653	6623	6645	6550
KC832835	7004	6653	0	6966	6898	6858
AY228461	6918	6623	6966	0	6900	7211
KF148059	6877	6645	6898	6900	0	6772
LC005522	6798	6550	6858	7211	6772	0
