CP000249	0	7360	7106	6544	6879	7358	7089
KY066449	7360	0	7048	6514	6813	7545	6984
CP002299	7106	7048	0	6495	6782	7048	6813
ARFH01000105	6544	6514	6495	0	6452	6514	6270
KX674377	6879	6813	6782	6452	0	6808	6881
JWIO01000013	7358	7545	7048	6514	6808	0	6982
CT573213	7089	6984	6813	6270	6881	6982	0
