AB436534	0	6999	6790	7289	7003	6846	6772	6910	6519
KP123395	6999	0	6826	7086	7099	6887	6865	6809	6511
X94155	6790	6826	0	6823	6845	6642	6576	6628	6575
DQ203185	7289	7086	6823	0	7057	6944	6775	6931	6497
FN356976	7003	7099	6845	7057	0	6925	6771	6831	6662
JX555983	6846	6887	6642	6944	6925	0	6545	6783	6301
FN995635	6772	6865	6576	6775	6771	6545	0	6724	6439
FJ717681	6910	6809	6628	6931	6831	6783	6724	0	6405
HQ246163	6519	6511	6575	6497	6662	6301	6439	6405	0
