AY694007	0	6401	6537	6556	6534	6387	6320
AY694008	6401	0	6524	6515	6497	6518	6311
AY576655	6537	6524	0	6750	7056	6638	6711
AJ440991	6556	6515	6750	0	6787	6590	6682
JQ764565	6534	6497	7056	6787	0	6553	6690
AY694006	6387	6518	6638	6590	6553	0	6416
DQ202393	6320	6311	6711	6682	6690	6416	0
