AB128050	0	7089	6867	7001	6827	6897	6854	6604	6845	7127	6941	6949	6854	6976
AB540148	7089	0	6843	6994	6846	6878	6873	6606	6864	7082	6952	6942	6873	6940
AB193244	6867	6843	0	6812	6935	6989	6946	6771	6937	6872	6836	6831	6937	7075
AB253435	7001	6994	6812	0	6823	6850	6850	6613	6841	7012	6955	6945	6850	6843
AB459530	6827	6846	6935	6823	0	6986	6986	6705	6977	6820	6846	6804	6977	6950
HG329624	6897	6878	6989	6850	6986	0	7045	6732	7036	6982	6874	6863	7036	7112
AB178392	6854	6873	6946	6850	6986	7045	0	6732	7036	6847	6874	6863	7036	6977
AB178429	6604	6606	6771	6613	6705	6732	6732	0	6723	6595	6631	6617	6723	6800
AB178405	6845	6864	6937	6841	6977	7036	7036	6723	0	6838	6865	6872	7027	6968
X82290	7127	7082	6872	7012	6820	6982	6847	6595	6838	0	6952	6942	6847	7175
AB511060	6941	6952	6836	6955	6846	6874	6874	6631	6865	6952	0	6886	6865	6867
AB178406	6949	6942	6831	6945	6804	6863	6863	6617	6872	6942	6886	0	6863	6862
AB178431	6854	6873	6937	6850	6977	7036	7036	6723	7027	6847	6865	6863	0	6968
X73820	6976	6940	7075	6843	6950	7112	6977	6800	6968	7175	6867	6862	6968	0
