AF127407	0	6765	7005	6946	6899	6824	6897	6821	6831	6929	6913
AJ251110	6765	0	7088	6773	6777	6895	6773	6933	6802	7091	6768
X75617	7005	7088	0	6993	6930	6983	7002	7000	6870	7228	6960
AB778531	6946	6773	6993	0	6968	6896	6958	6892	6906	6910	7000
AB778526	6899	6777	6930	6968	0	6824	7001	6829	6863	6917	7034
AF111841	6824	6895	6983	6896	6824	0	6873	7122	6978	7060	6864
AB627116	6897	6773	7002	6958	7001	6873	0	6870	6862	6954	7040
AF192761	6821	6933	7000	6892	6829	7122	6870	0	6947	7094	6868
AB778530	6831	6802	6870	6906	6863	6978	6862	6947	0	6920	6864
X75618	6929	7091	7228	6910	6917	7060	6954	7094	6920	0	6956
AB627120	6913	6768	6960	7000	7034	6864	7040	6868	6864	6956	0
