AJ617482	0	7170	7233	7189	6831	7155	7372	6959	7266	6523
AJ609630	7170	0	7145	7091	6809	7013	7128	7102	7128	6518
X80745	7233	7145	0	7109	6907	7032	7197	6954	7214	6605
AJ609628	7189	7091	7109	0	6833	7050	7191	6929	7195	6545
EF660748	6831	6809	6907	6833	0	6705	6845	6758	6841	6405
X83410	7155	7013	7032	7050	6705	0	7162	6807	7115	6463
JX993762	7372	7128	7197	7191	6845	7162	0	6981	7283	6591
AJ551163	6959	7102	6954	6929	6758	6807	6981	0	6946	6555
X80739	7266	7128	7214	7195	6841	7115	7283	6946	0	6542
D88211	6523	6518	6605	6545	6405	6463	6591	6555	6542	0
