AM887758	0	6686	6604	6742	6686	6614	6662	6704	6742
AB548308	6686	0	6468	6653	6518	6508	6510	6541	6557
AM887759	6604	6468	0	6565	6746	6773	6799	6825	6803
HQ687087	6742	6653	6565	0	7040	6866	6726	6805	7032
HQ687090	6686	6518	6746	7040	0	7013	6937	7128	7274
AM887756	6614	6508	6773	6866	7013	0	6895	6984	6982
HQ687088	6662	6510	6799	6726	6937	6895	0	6922	6905
AM887757	6704	6541	6825	6805	7128	6984	6922	0	6989
HQ687089	6742	6557	6803	7032	7274	6982	6905	6989	0
