HQ832502	0	6885	6952	6590	6829	6855
HQ832501	6885	0	6947	6593	6905	6851
HQ832499	6952	6947	0	6532	6882	6842
EF587758	6590	6593	6532	0	6619	6541
JQ864374	6829	6905	6882	6619	0	6938
KJ948113	6855	6851	6842	6541	6938	0
