JF506642	0	6311	6304	6323	6281	6440	6281	6542	6243	6263	6273
AY362909	6311	0	6306	6143	6425	6268	6147	6229	6363	6406	6286
AY362905	6304	6306	0	6129	6320	6308	6115	6286	6222	6296	6686
M75076	6323	6143	6129	0	6654	6563	6515	6165	6663	6159	6654
AF224292	6281	6425	6320	6654	0	6775	6825	6239	6922	6385	6868
AJ290755	6440	6268	6308	6563	6775	0	6550	6477	6644	6260	6788
M63900	6281	6147	6115	6515	6825	6550	0	6168	6600	6103	6561
AY362908	6542	6229	6286	6165	6239	6477	6168	0	6100	6202	6259
M75061	6243	6363	6222	6663	6922	6644	6600	6100	0	6297	6769
AY362907	6263	6406	6296	6159	6385	6260	6103	6202	6297	0	6293
M35019	6273	6286	6686	6654	6868	6788	6561	6259	6769	6293	0
