EF645685	0	7166	7202	7213	7261	6971	7202	7020	6833
EF645688	7166	0	7207	7236	7104	6939	7234	6934	6765
EF645681	7202	7207	0	7236	7139	6977	7254	7015	6794
AB010964	7213	7236	7236	0	7159	6933	7254	6965	6776
DQ826513	7261	7104	7139	7159	0	6980	7184	7032	6843
FJ429313	6971	6939	6977	6933	6980	0	6975	6913	7119
AB090167	7202	7234	7254	7254	7184	6975	0	6990	6792
FJ429317	7020	6934	7015	6965	7032	6913	6990	0	6769
AY596297	6833	6765	6794	6776	6843	7119	6792	6769	0
