AB372852	0	6496	6947	6675	6363	6793	6715
AB372856	6496	0	6620	6569	6685	6593	6478
AB372853	6947	6620	0	6750	6410	6892	6817
AB372855	6675	6569	6750	0	6338	6745	6559
FJ032193	6363	6685	6410	6338	0	6360	6300
AB372854	6793	6593	6892	6745	6360	0	6722
JN001489	6715	6478	6817	6559	6300	6722	0
