GQ282625	0	6896	6869	6575	7082	6991
EU931578	6896	0	6786	6628	6835	6858
HM159597	6869	6786	0	6402	6882	7023
DQ417339	6575	6628	6402	0	6674	6496
JQ237126	7082	6835	6882	6674	0	6958
HM063950	6991	6858	7023	6496	6958	0
