AJ420376	0	6757	5924	6586	7268	6757	6830	6786	7248
AB004877	6757	0	5910	7069	6715	6265	6332	7295	6695
DQ017835	5924	5910	0	5865	5862	5831	5828	5937	5841
AB004876	6586	7069	5865	0	6561	6272	6330	7117	6545
D11106	7268	6715	5862	6561	0	6715	6784	6744	7224
AB220647	6757	6265	5831	6272	6715	0	6546	6306	6734
JX989265	6830	6332	5828	6330	6784	6546	0	6370	6813
AB748562	6786	7295	5937	7117	6744	6306	6370	0	6742
AY243109	7248	6695	5841	6545	7224	6734	6813	6742	0
