JX014295	0	7153	7015	7013	6757	6901
GU208826	7153	0	7121	7113	6723	7008
KJ573433	7015	7121	0	7201	6659	6902
JX192605	7013	7113	7201	0	6668	6937
KJ689297	6757	6723	6659	6668	0	6759
KF314044	6901	7008	6902	6937	6759	0
