D13378	0	7267	7235	7027	6697	7274	6601	6575	6866	6774	7114	6962
AB037474	7267	0	7276	7066	6729	7277	6604	6578	6941	6813	7135	7037
D14128	7235	7276	0	7045	6697	7247	6601	6557	6911	6782	7142	7052
AY838278	7027	7066	7045	0	6556	7080	6516	6823	6710	6738	7010	6840
AB258305	6697	6729	6697	6556	0	6729	6538	6471	6682	6518	6603	6693
AB081732	7274	7277	7247	7080	6729	0	6666	6621	6921	6811	7160	7035
DQ860980	6601	6604	6601	6516	6538	6666	0	6527	6586	6503	6675	6648
DQ860977	6575	6578	6557	6823	6471	6621	6527	0	6560	6534	6558	6585
AY425724	6866	6941	6911	6710	6682	6921	6586	6560	0	6721	6770	6921
AY458601	6774	6813	6782	6738	6518	6811	6503	6534	6721	0	6670	6818
D11107	7114	7135	7142	7010	6603	7160	6675	6558	6770	6670	0	6929
JX669135	6962	7037	7052	6840	6693	7035	6648	6585	6921	6818	6929	0
