EF121854	0	6439	6420	6436	6636	6549	6381	6263	6466	6635	6444	6548	6591	6406	6592	6467	6454	6610	6400	6231	6545	6400	6498	6478	6390	6405	6543	6453	6479	6489	6336	6557	6454	6316	6552	6524	6385	6504	6394	6427	6587	6890	6614	6583	6453	6565	6441	6562	6387	6397	6663	6463	6424	6373	6505	6472	6511	6538	6588	6428	6456	6330	6408	6595	6530	6568	6434	6452	6409	6545	6593	6384	6628	6419	6491	6520	6452	6410	6581	6437	6587	6379	6525	6540	6691	6487	6644	6512	6577
AF212206	6439	0	6692	6500	6543	6696	6444	6217	6905	6585	6541	6523	6555	6861	6568	6800	6838	6551	6544	6374	6548	6943	6452	7045	6558	6673	6554	6642	6370	6987	6280	6411	6768	6486	6553	6370	6502	6895	6673	6321	6465	6650	6654	6682	7172	6497	6759	6593	6508	6832	6649	6344	6859	6843	6450	6923	6472	6582	6488	6534	7011	6389	6843	6582	6570	6435	6853	7172	6548	6471	6566	6571	6638	6545	6445	6626	6504	6841	6521	6855	6525	6737	6607	6501	6339	6822	6566	6386	6510
EU557315	6420	6692	0	6468	6573	6593	6414	6232	6664	6541	6572	6424	6503	6713	6530	6738	6783	6477	6542	6386	6554	6639	6377	6706	6571	6752	6490	6674	6383	6691	6170	6447	6563	6498	6495	6350	6527	6692	6680	6324	6477	6568	6686	6611	6757	6399	6599	6509	6423	6731	6581	6335	6777	6535	6450	6690	6504	6570	6316	6520	6616	6379	6761	6506	6460	6414	6630	6757	6528	6362	6608	6473	6526	6543	6434	6553	6406	6790	6499	6689	6569	6583	6653	6425	6344	6778	6482	6376	6488
AM941743	6436	6500	6468	0	6962	6818	6566	6257	6506	6689	7078	6725	6628	6551	6618	6420	6644	6830	6982	6308	6626	6375	6459	6482	6403	6444	7014	6686	6603	6492	6469	6568	6378	6503	6631	6399	6776	6392	6469	6339	6625	6609	6890	6725	6625	6639	6439	6646	6946	6596	6759	6381	6599	6419	6572	6591	6687	7015	6708	6906	6475	6542	6525	6695	6916	6517	6435	6625	6941	6599	6721	6552	6606	6970	6675	6702	6498	6620	6543	6561	6682	6576	7003	6509	6356	6736	6747	6591	6686
HM242216	6636	6543	6573	6962	0	7058	6912	6333	6833	7072	6992	6955	6880	6608	6883	6572	6823	7060	7078	6484	6990	6646	6568	6669	6380	6441	7039	6951	6730	6672	6633	6805	6510	6672	6833	6530	6820	6654	6429	6546	6814	6979	7137	7085	6805	6907	6604	6956	6909	6816	7052	6445	6818	6503	6819	6909	6786	6902	6869	6885	6590	6553	6667	7091	7067	6807	6442	6795	7081	6808	6928	6886	6934	7102	6968	7009	6727	6851	6877	6788	6938	6624	7037	6746	6519	6842	7066	6805	6816
KM066108	6549	6696	6593	6818	7058	0	6777	6187	6955	7069	6906	6773	6753	6702	6952	6681	6972	6779	6995	6385	6791	6784	6674	6836	6406	6511	6790	6945	6547	6820	6513	6586	6603	6490	6634	6615	6601	6768	6501	6441	6712	6900	6978	6969	6944	6960	6658	6998	6673	6922	7096	6458	6925	6608	6780	6998	6659	6751	6843	6781	6744	6603	6748	6904	6853	6834	6580	6953	6849	6734	6788	6808	6984	7019	6926	6859	6684	6957	6852	6920	6811	6739	6907	6616	6422	6889	7074	6589	6695
L04942	6381	6444	6414	6566	6912	6777	0	6187	6771	6904	6653	6681	6701	6404	6750	6354	6635	6739	6927	6360	6698	6518	6285	6538	6193	6289	6683	6890	6472	6536	6395	6554	6351	6491	6561	6379	6616	6575	6280	6323	6599	6779	6837	6871	6857	6759	6396	6871	6666	6630	6827	6294	6758	6345	6538	6913	6424	6554	6564	6546	6433	6334	6433	7128	6806	6686	6331	6841	7006	6453	6809	6891	6731	6933	6827	6859	6488	6760	6712	6776	6683	6375	6731	6497	6272	6651	6835	6527	6633
KR024741	6263	6217	6232	6257	6333	6187	6187	0	6211	6193	6242	6195	6244	6251	6228	6300	6309	6289	6218	6471	6179	6132	6195	6213	6272	6252	6277	6403	6292	6214	5922	6262	6224	6478	6203	6246	6196	6274	6338	6146	6292	6240	6254	6233	6226	6165	6253	6302	6199	6249	6199	6171	6244	6170	6163	6223	6276	6303	6178	6223	6208	6091	6229	6222	6230	6215	6266	6216	6199	6173	6254	6149	6214	6201	6145	6213	6289	6245	6237	6224	6349	6231	6291	6283	6175	6327	6170	6235	6319
AJ640133	6466	6905	6664	6506	6833	6955	6771	6211	0	6855	6660	6672	6629	6880	6743	6855	7020	6613	6803	6418	6763	6949	6425	7002	6577	6593	6637	6967	6424	7011	6349	6461	6993	6628	6602	6420	6550	6995	6627	6363	6505	6906	6822	6893	7205	6713	6855	6849	6566	7069	6856	6395	7194	6914	6616	7455	6517	6536	6569	6558	6909	6404	6949	6905	6691	6629	6725	7198	6851	6555	6668	6923	6953	6822	6781	6822	6630	7142	6783	7105	6649	6862	6714	6577	6364	6964	6932	6455	6539
KU530128	6635	6585	6541	6689	7072	7069	6904	6193	6855	0	6760	6882	6837	6626	6861	6585	6824	6862	6923	6398	6877	6700	6506	6726	6295	6431	6865	6886	6585	6706	6570	6697	6515	6559	6697	6540	6641	6732	6408	6597	6748	6985	7020	7006	6842	6988	6571	7046	6713	6855	7064	6447	6840	6532	6752	6925	6646	6681	6773	6723	6629	6423	6675	7061	6885	6824	6487	6826	6889	6705	6959	6911	6954	6947	6900	6894	6707	6814	6860	6826	6795	6618	6836	6667	6482	6769	7019	6698	6725
X87218	6444	6541	6572	7078	6992	6906	6653	6242	6660	6760	0	6603	6747	6608	6812	6548	6721	6824	7066	6406	6714	6527	6487	6587	6365	6429	6862	6754	6579	6579	6344	6586	6379	6539	6644	6409	6861	6569	6445	6325	6648	6782	6925	6807	6691	6707	6539	6711	6865	6700	6866	6372	6745	6408	6695	6666	6642	6995	6620	6978	6487	6524	6662	6843	6857	6695	6449	6691	7025	6614	6817	6674	6766	7049	6723	6835	6586	6727	6710	6661	6808	6488	7122	6573	6343	6755	6843	6547	6683
FN257742	6548	6523	6424	6725	6955	6773	6681	6195	6672	6882	6603	0	6769	6585	6662	6442	6629	6900	6675	6280	7039	6482	6439	6597	6311	6428	6893	6682	6642	6583	6594	6745	6501	6550	6781	6470	6612	6525	6358	6566	6659	6778	7044	6985	6648	6698	6613	6753	6783	6668	6853	6440	6642	6495	6612	6757	6686	6674	6740	6598	6575	6465	6573	6888	6938	6607	6482	6632	6778	6776	6856	6740	6756	6699	6720	6794	6579	6666	6672	6692	6725	6636	6662	6669	6445	6653	6911	6713	6714
DQ421808	6591	6555	6503	6628	6880	6753	6701	6244	6629	6837	6747	6769	0	6668	6806	6560	6631	6787	6679	6456	6814	6579	6527	6685	6315	6446	6683	6660	6553	6682	6501	6627	6406	6636	6724	6523	6627	6542	6389	6425	6767	6904	6824	6853	6640	6811	6603	6777	6644	6694	6927	6536	6713	6414	6761	6653	6495	6709	6813	6649	6597	6399	6695	6893	6779	6737	6453	6640	6739	6740	6910	6684	6907	6698	6797	6820	6700	6678	6840	6644	6852	6536	6775	6676	6478	6675	6779	6599	6639
AY245449	6406	6861	6713	6551	6608	6702	6404	6251	6880	6626	6608	6585	6668	0	6586	6916	6881	6594	6534	6414	6612	6718	6410	6833	6616	6825	6605	6668	6431	6808	6330	6442	6714	6550	6572	6416	6515	6772	6700	6331	6494	6657	6710	6675	6872	6509	6857	6641	6576	7140	6618	6392	7176	6798	6487	6898	6508	6615	6534	6530	6779	6379	7147	6581	6620	6463	6755	6881	6609	6518	6646	6501	6684	6553	6507	6634	6547	7081	6635	6933	6617	6977	6620	6569	6334	6888	6589	6428	6494
X93493	6592	6568	6530	6618	6883	6952	6750	6228	6743	6861	6812	6662	6806	6586	0	6585	6690	6742	6773	6389	6765	6642	6552	6655	6343	6433	6606	6698	6515	6656	6348	6589	6417	6525	6676	6636	6600	6676	6422	6373	6645	6988	6873	6818	6758	6876	6598	6853	6554	6722	6953	6545	6783	6393	6811	6749	6526	6735	6811	6627	6565	6511	6630	6917	6664	6919	6477	6758	6784	6783	6752	6710	6964	6756	6865	6947	6540	6776	6992	6753	6771	6525	6907	6656	6413	6681	7123	6541	6652
AF212204	6467	6800	6738	6420	6572	6681	6354	6300	6855	6585	6548	6442	6560	6916	6585	0	6855	6498	6484	6506	6528	6681	6441	6790	6642	6746	6500	6652	6408	6804	6237	6439	6719	6522	6540	6434	6516	6853	6722	6291	6448	6642	6623	6634	6855	6496	6788	6650	6435	6942	6580	6362	7005	6673	6440	6828	6481	6522	6450	6455	6714	6360	6995	6544	6512	6490	6779	6864	6530	6427	6548	6464	6672	6503	6429	6597	6580	6957	6559	6912	6645	6808	6582	6612	6380	6895	6568	6407	6485
AM229314	6454	6838	6783	6644	6823	6972	6635	6309	7020	6824	6721	6629	6631	6881	6690	6855	0	6571	6782	6473	6642	6846	6422	6944	6722	6701	6632	6895	6382	6910	6386	6411	6730	6628	6527	6432	6551	6872	6874	6267	6546	6778	6851	6813	7059	6699	6798	6795	6602	7033	6822	6392	7052	6708	6582	7102	6494	6595	6633	6603	6835	6356	6928	6679	6674	6583	6751	7059	6747	6551	6656	6688	6803	6765	6704	6691	6567	7092	6717	7035	6650	6931	6715	6514	6323	7207	6771	6409	6547
EF613113	6610	6551	6477	6830	7060	6779	6739	6289	6613	6862	6824	6900	6787	6594	6742	6498	6571	0	6773	6375	6893	6511	6503	6610	6337	6436	7026	6697	6759	6596	6543	6854	6484	6606	6827	6506	6806	6553	6405	6571	6775	6772	6990	6943	6575	6654	6524	6711	6848	6559	6891	6463	6594	6498	6632	6626	6803	6870	6689	6807	6588	6527	6586	6983	6993	6690	6479	6559	6863	6662	6877	6688	6758	6792	6635	6911	6565	6568	6642	6546	6833	6498	6862	6699	6486	6606	6846	6824	6876
AJ306889	6400	6544	6542	6982	7078	6995	6927	6218	6803	6923	7066	6675	6679	6534	6773	6484	6782	6773	0	6391	6685	6563	6502	6589	6281	6392	6857	7067	6544	6565	6359	6551	6371	6594	6561	6422	6754	6552	6408	6353	6640	6817	6958	6860	6979	6765	6447	6808	6830	6755	6908	6272	6894	6411	6647	6953	6589	6890	6604	7081	6491	6475	6574	6891	6872	6673	6382	6963	7180	6564	6747	6920	6773	7615	6945	6843	6580	6927	6740	6859	6765	6528	7060	6509	6293	6758	6908	6520	6671
EU909458	6231	6374	6386	6308	6484	6385	6360	6471	6418	6398	6406	6280	6456	6414	6389	6506	6473	6375	6391	0	6372	6323	6195	6403	6234	6315	6333	6553	6254	6433	6008	6287	6285	6589	6278	6306	6370	6446	6336	6086	6392	6412	6468	6485	6429	6399	6411	6557	6308	6414	6400	6223	6467	6245	6337	6432	6302	6422	6268	6364	6345	6093	6447	6429	6348	6356	6327	6428	6403	6252	6471	6330	6374	6374	6321	6383	6495	6440	6438	6456	6539	6290	6481	6428	6115	6508	6352	6293	6377
JQ716246	6545	6548	6554	6626	6990	6791	6698	6179	6763	6877	6714	7039	6814	6612	6765	6528	6642	6893	6685	6372	0	6576	6410	6675	6310	6453	6789	6669	6629	6661	6503	6755	6507	6630	6810	6440	6691	6636	6358	6548	6643	6869	7097	7022	6648	6718	6678	6739	6677	6682	6900	6396	6690	6508	6675	6778	6682	6717	6607	6643	6578	6487	6661	6972	6869	6715	6455	6632	6787	6767	6904	6770	6847	6704	6700	6885	6599	6679	6748	6698	6784	6533	6786	6674	6427	6676	6922	6708	6701
X92150	6400	6943	6639	6375	6646	6784	6518	6132	6949	6700	6527	6482	6579	6718	6642	6681	6846	6511	6563	6323	6576	0	6333	7117	6417	6533	6439	6710	6324	7048	6251	6370	6649	6471	6464	6293	6404	6852	6550	6275	6426	6752	6669	6697	7102	6596	6664	6637	6371	6856	6749	6300	6858	6686	6496	6985	6393	6488	6434	6457	7026	6248	6751	6693	6532	6500	6730	7093	6562	6440	6566	6656	6796	6564	6529	6679	6473	6867	6609	6874	6577	6615	6656	6414	6288	6761	6664	6346	6434
EU822512	6498	6452	6377	6459	6568	6674	6285	6195	6425	6506	6487	6439	6527	6410	6552	6441	6422	6503	6502	6195	6410	6333	0	6432	6277	6380	6448	6449	6390	6423	6152	6408	6409	6256	6527	6527	6366	6425	6388	6334	6485	6514	6463	6477	6452	6532	6453	6505	6357	6382	6581	6443	6399	6302	6558	6452	6529	6509	6609	6472	6409	6534	6386	6447	6449	6580	6416	6452	6377	6592	6476	6383	6494	6521	6541	6497	6619	6396	6577	6416	6491	6319	6514	6503	6350	6406	6571	6397	6453
AM941399	6478	7045	6706	6482	6669	6836	6538	6213	7002	6726	6587	6597	6685	6833	6655	6790	6944	6610	6589	6403	6675	7117	6432	0	6499	6607	6555	6722	6416	7186	6381	6455	6773	6573	6562	6388	6507	6898	6633	6359	6516	6768	6737	6792	7130	6629	6774	6669	6496	6887	6805	6381	6887	6790	6524	7047	6478	6573	6552	6550	7164	6335	6871	6721	6655	6547	6850	7121	6591	6553	6674	6682	6818	6590	6551	6684	6585	6903	6626	6910	6651	6763	6650	6508	6369	6849	6699	6439	6536
EF144148	6390	6558	6571	6403	6380	6406	6193	6272	6577	6295	6365	6311	6315	6616	6343	6642	6722	6337	6281	6234	6310	6417	6277	6499	0	6614	6384	6406	6290	6524	6161	6312	6594	6393	6373	6288	6314	6566	6746	6229	6366	6399	6415	6416	6549	6228	6463	6330	6303	6562	6372	6299	6609	6571	6281	6590	6395	6419	6297	6315	6487	6250	6588	6291	6314	6254	6591	6558	6303	6278	6367	6204	6420	6264	6248	6345	6277	6598	6307	6497	6380	6567	6427	6387	6345	6887	6328	6375	6411
KF963827	6405	6673	6752	6444	6441	6511	6289	6252	6593	6431	6429	6428	6446	6825	6433	6746	6701	6436	6392	6315	6453	6533	6380	6607	6614	0	6481	6520	6405	6601	6166	6400	6613	6359	6464	6389	6419	6621	6743	6322	6454	6484	6558	6477	6673	6329	6616	6469	6435	6762	6426	6373	6799	6583	6402	6628	6479	6497	6377	6393	6594	6336	6786	6364	6430	6367	6659	6673	6435	6352	6478	6330	6479	6411	6375	6460	6374	6803	6438	6683	6493	6700	6498	6485	6311	6720	6395	6363	6454
FN257741	6543	6554	6490	7014	7039	6790	6683	6277	6637	6865	6862	6893	6683	6605	6606	6500	6632	7026	6857	6333	6789	6439	6448	6555	6384	6481	0	6803	6704	6538	6598	6746	6491	6556	6749	6428	6848	6500	6445	6506	6685	6692	7070	6895	6688	6677	6517	6689	7009	6683	6855	6439	6680	6546	6594	6704	6829	6885	6741	6796	6530	6562	6610	6854	6999	6614	6498	6672	7004	6594	6857	6648	6703	6886	6702	6833	6521	6675	6558	6641	6717	6641	6873	6624	6440	6710	6816	6761	6799
AJ306892	6453	6642	6674	6686	6951	6945	6890	6403	6967	6886	6754	6682	6660	6668	6698	6652	6895	6697	7067	6553	6669	6710	6449	6722	6406	6520	6803	0	6417	6706	6354	6498	6529	6732	6527	6415	6619	6718	6514	6338	6575	6843	6930	6835	7082	6715	6644	6834	6685	6899	6828	6335	7056	6560	6601	7115	6577	6630	6623	6687	6632	6391	6724	6872	6781	6609	6527	7090	7040	6493	6787	6869	6834	7086	6877	6752	6671	7117	6738	7042	6747	6658	6800	6530	6312	6872	6863	6467	6589
AY382579	6479	6370	6383	6603	6730	6547	6472	6292	6424	6585	6579	6642	6553	6431	6515	6408	6382	6759	6544	6254	6629	6324	6390	6416	6290	6405	6704	6417	0	6391	6313	6792	6414	6405	6676	6417	6703	6434	6353	6546	6631	6537	6708	6670	6379	6488	6364	6508	6680	6380	6663	6338	6406	6331	6493	6446	6633	6705	6464	6544	6383	6443	6398	6686	6838	6539	6397	6363	6680	6525	6631	6455	6575	6563	6456	6693	6377	6385	6440	6355	6648	6332	6696	6566	6442	6404	6587	6651	6685
AM941388	6489	6987	6691	6492	6672	6820	6536	6214	7011	6706	6579	6583	6682	6808	6656	6804	6910	6596	6565	6433	6661	7048	6423	7186	6524	6601	6538	6706	6391	0	6365	6432	6781	6594	6539	6399	6481	6900	6656	6352	6505	6767	6720	6768	7072	6639	6756	6668	6469	6844	6791	6364	6880	6713	6530	7037	6459	6583	6538	6547	7147	6324	6855	6698	6632	6534	6825	7072	6564	6537	6677	6608	6819	6566	6555	6661	6593	6881	6637	6910	6661	6754	6661	6518	6377	6874	6693	6422	6504
AF054286	6336	6280	6170	6469	6633	6513	6395	5922	6349	6570	6344	6594	6501	6330	6348	6237	6386	6543	6359	6008	6503	6251	6152	6381	6161	6166	6598	6354	6313	6365	0	6369	6221	6187	6471	6194	6276	6234	6119	6296	6375	6535	6618	6604	6396	6447	6269	6451	6462	6388	6632	6187	6387	6294	6256	6425	6376	6410	6442	6266	6349	6177	6313	6585	6566	6336	6236	6396	6457	6412	6489	6350	6490	6383	6376	6508	6264	6383	6381	6396	6382	6391	6391	6295	6417	6413	6522	6516	6406
EU159469	6557	6411	6447	6568	6805	6586	6554	6262	6461	6697	6586	6745	6627	6442	6589	6439	6411	6854	6551	6287	6755	6370	6408	6455	6312	6400	6746	6498	6792	6432	6369	0	6435	6448	6763	6423	6690	6525	6366	6562	6657	6588	6814	6778	6420	6498	6434	6562	6644	6405	6708	6349	6440	6359	6497	6476	6674	6693	6481	6563	6409	6467	6425	6809	6811	6582	6446	6404	6668	6548	6748	6549	6622	6570	6462	6778	6408	6428	6473	6429	6717	6342	6684	6608	6458	6452	6658	6726	6760
AF212218	6454	6768	6563	6378	6510	6603	6351	6224	6993	6515	6379	6501	6406	6714	6417	6719	6730	6484	6371	6285	6507	6649	6409	6773	6594	6613	6491	6529	6414	6781	6221	6435	0	6428	6528	6387	6414	6819	6648	6371	6448	6518	6508	6613	6759	6379	6693	6474	6411	6669	6534	6375	6723	6826	6383	7002	6548	6426	6406	6390	6755	6389	6707	6497	6491	6383	6718	6752	6411	6374	6445	6479	6546	6390	6350	6474	6407	6695	6416	6672	6495	6692	6441	6503	6381	6697	6506	6458	6552
GQ232738	6316	6486	6498	6503	6672	6490	6491	6478	6628	6559	6539	6550	6636	6550	6525	6522	6628	6606	6594	6589	6630	6471	6256	6573	6393	6359	6556	6732	6405	6594	6187	6448	6428	0	6426	6371	6476	6480	6442	6239	6466	6608	6651	6666	6558	6537	6504	6523	6485	6591	6610	6323	6600	6405	6488	6625	6347	6580	6429	6559	6533	6146	6579	6607	6586	6533	6396	6542	6555	6447	6657	6505	6570	6577	6504	6536	6532	6571	6527	6557	6647	6484	6623	6470	6250	6711	6505	6398	6517
EF527873	6552	6553	6495	6631	6833	6634	6561	6203	6602	6697	6644	6781	6724	6572	6676	6540	6527	6827	6561	6278	6810	6464	6527	6562	6373	6464	6749	6527	6676	6539	6471	6763	6528	6426	0	6455	6663	6597	6450	6487	6606	6655	6817	6831	6559	6550	6575	6608	6632	6551	6779	6441	6558	6447	6668	6626	6679	6718	6655	6560	6513	6664	6535	6808	6769	6596	6535	6541	6665	6679	6695	6592	6703	6580	6631	7007	6511	6527	6653	6534	6690	6447	6713	6642	6469	6545	6765	6709	6715
EU218533	6524	6370	6350	6399	6530	6615	6379	6246	6420	6540	6409	6470	6523	6416	6636	6434	6432	6506	6422	6306	6440	6293	6527	6388	6288	6389	6428	6415	6417	6399	6194	6423	6387	6371	6455	0	6333	6434	6352	6244	6590	6601	6514	6543	6370	6606	6379	6688	6339	6371	6649	6594	6398	6300	6603	6428	6437	6485	6601	6450	6383	6376	6379	6527	6437	6615	6372	6369	6344	6550	6515	6334	6516	6441	6583	6477	6559	6386	6731	6375	6609	6351	6482	6545	6363	6440	6636	6455	6486
DQ131909	6385	6502	6527	6776	6820	6601	6616	6196	6550	6641	6861	6612	6627	6515	6600	6516	6551	6806	6754	6370	6691	6404	6366	6507	6314	6419	6848	6619	6703	6481	6276	6690	6414	6476	6663	6333	0	6556	6412	6368	6593	6577	6860	6741	6564	6503	6476	6545	7057	6534	6684	6283	6568	6413	6572	6563	6650	6785	6469	6734	6400	6521	6559	6818	6955	6556	6433	6548	7150	6481	6803	6584	6593	6737	6557	6758	6463	6540	6469	6507	6674	6360	6845	6565	6280	6606	6653	6595	6715
KP259554	6504	6895	6692	6392	6654	6768	6575	6274	6995	6732	6569	6525	6542	6772	6676	6853	6872	6553	6552	6446	6636	6852	6425	6898	6566	6621	6500	6718	6434	6900	6234	6525	6819	6480	6597	6434	6556	0	6692	6382	6499	6728	6701	6736	7006	6567	6768	6722	6453	6864	6698	6349	6881	6741	6539	7036	6538	6494	6434	6462	6791	6383	6796	6720	6577	6549	6863	7014	6613	6439	6587	6654	6724	6571	6520	6724	6524	6877	6635	6925	6651	6649	6640	6556	6372	6825	6709	6458	6550
EF144147	6394	6673	6680	6469	6429	6501	6280	6338	6627	6408	6445	6358	6389	6700	6422	6722	6874	6405	6408	6336	6358	6550	6388	6633	6746	6743	6445	6514	6353	6656	6119	6366	6648	6442	6450	6352	6412	6692	0	6238	6424	6447	6474	6462	6673	6287	6583	6411	6392	6646	6435	6335	6684	6575	6360	6666	6503	6500	6364	6425	6621	6353	6664	6346	6371	6305	6743	6673	6392	6304	6432	6315	6468	6391	6327	6436	6371	6669	6388	6638	6436	6591	6515	6445	6279	6870	6378	6349	6492
AY962236	6427	6321	6324	6339	6546	6441	6323	6146	6363	6597	6325	6566	6425	6331	6373	6291	6267	6571	6353	6086	6548	6275	6334	6359	6229	6322	6506	6338	6546	6352	6296	6562	6371	6239	6487	6244	6368	6382	6238	0	6475	6467	6576	6578	6319	6331	6318	6372	6345	6313	6569	6255	6322	6369	6331	6381	6536	6417	6286	6374	6343	6321	6313	6558	6512	6372	6335	6305	6345	6389	6588	6387	6428	6372	6297	6482	6272	6320	6328	6298	6464	6290	6415	6448	6509	6240	6415	6589	6521
GU726750	6587	6465	6477	6625	6814	6712	6599	6292	6505	6748	6648	6659	6767	6494	6645	6448	6546	6775	6640	6392	6643	6426	6485	6516	6366	6454	6685	6575	6631	6505	6375	6657	6448	6466	6606	6590	6593	6499	6424	6475	0	6683	6728	6790	6465	6582	6434	6683	6615	6450	6803	6541	6485	6407	6637	6520	6617	6713	6619	6671	6500	6410	6479	6802	6713	6647	6460	6464	6620	6630	6819	6519	6699	6659	6609	6662	6568	6474	6599	6457	6837	6443	6714	6648	6484	6556	6651	6677	6733
X92417	6890	6650	6568	6609	6979	6900	6779	6240	6906	6985	6782	6778	6904	6657	6988	6642	6778	6772	6817	6412	6869	6752	6514	6768	6399	6484	6692	6843	6537	6767	6535	6588	6518	6608	6655	6601	6577	6728	6447	6467	6683	0	6954	6859	6900	6995	6659	6902	6592	6803	6989	6591	6894	6514	6790	6912	6555	6699	6797	6623	6689	6361	6718	7023	6763	6942	6516	6899	6852	6780	6875	6811	7087	6836	6913	6911	6704	6879	7045	6879	6792	6589	6853	6698	6649	6784	7080	6562	6587
AM229317	6614	6654	6686	6890	7137	6978	6837	6254	6822	7020	6925	7044	6824	6710	6873	6623	6851	6990	6958	6468	7097	6669	6463	6737	6415	6558	7070	6930	6708	6720	6618	6814	6508	6651	6817	6514	6860	6701	6474	6576	6728	6954	0	7094	6873	6890	6670	6888	6925	6888	7051	6457	6877	6553	6731	6898	6840	6898	6720	6804	6637	6570	6759	7048	7010	6824	6542	6857	7068	6776	7039	6831	6930	6977	6848	6995	6665	6907	6797	6877	6876	6692	7000	6725	6498	6898	7030	6760	6766
AB971837	6583	6682	6611	6725	7085	6969	6871	6233	6893	7006	6807	6985	6853	6675	6818	6634	6813	6943	6860	6485	7022	6697	6477	6792	6416	6477	6895	6835	6670	6768	6604	6778	6613	6666	6831	6543	6741	6736	6462	6578	6790	6859	7094	0	6830	6805	6694	6973	6755	6786	7107	6456	6811	6621	6715	6918	6774	6767	6779	6782	6700	6525	6726	7059	6929	6726	6588	6814	6870	6733	6960	6903	6935	6879	6794	6952	6772	6800	6807	6810	6912	6642	6857	6798	6521	6825	7006	6809	6874
AJ306888	6453	7172	6757	6625	6805	6944	6857	6226	7205	6842	6691	6648	6640	6872	6758	6855	7059	6575	6979	6429	6648	7102	6452	7130	6549	6673	6688	7082	6379	7072	6396	6420	6759	6558	6559	6370	6564	7006	6673	6319	6465	6900	6873	6830	0	6754	6794	6849	6642	7102	6830	6344	7250	6834	6578	7364	6472	6585	6622	6574	7041	6389	6923	6834	6700	6592	6853	7622	6997	6524	6651	6886	6882	6980	6869	6831	6580	7291	6756	7280	6605	6862	6762	6501	6339	7009	6862	6386	6510
EF421176	6565	6497	6399	6639	6907	6960	6759	6165	6713	6988	6707	6698	6811	6509	6876	6496	6699	6654	6765	6399	6718	6596	6532	6629	6228	6329	6677	6715	6488	6639	6447	6498	6379	6537	6550	6606	6503	6567	6287	6331	6582	6995	6890	6805	6754	0	6501	6922	6608	6737	6962	6596	6714	6377	6732	6789	6437	6613	6902	6585	6573	6388	6544	6865	6744	7087	6377	6738	6784	6709	6768	6679	6917	6789	6889	6764	6689	6724	6916	6763	6746	6517	6753	6637	6421	6691	6956	6480	6532
FJ429198	6441	6759	6599	6439	6604	6658	6396	6253	6855	6571	6539	6613	6603	6857	6598	6788	6798	6524	6447	6411	6678	6664	6453	6774	6463	6616	6517	6644	6364	6756	6269	6434	6693	6504	6575	6379	6476	6768	6583	6318	6434	6659	6670	6694	6794	6501	0	6642	6461	6883	6620	6359	6890	6667	6551	6878	6517	6519	6543	6434	6687	6388	6870	6577	6520	6492	6737	6794	6536	6566	6614	6533	6671	6466	6544	6625	6551	6890	6631	7038	6609	6730	6566	6570	6337	6727	6619	6395	6459
EU085033	6562	6593	6509	6646	6956	6998	6871	6302	6849	7046	6711	6753	6777	6641	6853	6650	6795	6711	6808	6557	6739	6637	6505	6669	6330	6469	6689	6834	6508	6668	6451	6562	6474	6523	6608	6688	6545	6722	6411	6372	6683	6902	6888	6973	6849	6922	6642	0	6624	6857	6904	6483	6857	6488	6740	6894	6512	6616	6730	6592	6579	6335	6675	6983	6765	6775	6486	6848	6815	6698	6800	6770	6867	6832	6891	6820	6861	6876	6892	6914	6802	6650	6762	6691	6373	6781	6966	6573	6614
AM941744	6387	6508	6423	6946	6909	6673	6666	6199	6566	6713	6865	6783	6644	6576	6554	6435	6602	6848	6830	6308	6677	6371	6357	6496	6303	6435	7009	6685	6680	6469	6462	6644	6411	6485	6632	6339	7057	6453	6392	6345	6615	6592	6925	6755	6642	6608	6461	6624	0	6633	6705	6314	6635	6457	6518	6649	6627	6786	6643	6749	6462	6508	6565	6798	7083	6539	6430	6626	7300	6529	6792	6619	6591	6818	6639	6692	6492	6646	6480	6593	6604	6568	6774	6542	6290	6665	6690	6563	6694
DQ645593	6397	6832	6731	6596	6816	6922	6630	6249	7069	6855	6700	6668	6694	7140	6722	6942	7033	6559	6755	6414	6682	6856	6382	6887	6562	6762	6683	6899	6380	6844	6388	6405	6669	6591	6551	6371	6534	6864	6646	6313	6450	6803	6888	6786	7102	6737	6883	6857	6633	0	6776	6357	7378	6753	6560	7128	6464	6562	6594	6521	6778	6343	7187	6738	6699	6602	6719	7102	6824	6531	6674	6717	6838	6789	6734	6763	6575	7311	6762	7165	6643	7090	6719	6542	6307	7015	6798	6384	6451
AJ515365	6663	6649	6581	6759	7052	7096	6827	6199	6856	7064	6866	6853	6927	6618	6953	6580	6822	6891	6908	6400	6900	6749	6581	6805	6372	6426	6855	6828	6663	6791	6632	6708	6534	6610	6779	6649	6684	6698	6435	6569	6803	6989	7051	7107	6830	6962	6620	6904	6705	6776	0	6575	6786	6530	6783	6877	6670	6799	6827	6801	6723	6543	6676	7040	6897	6888	6513	6814	6856	6774	6951	6855	6998	6927	6860	6974	6653	6775	6859	6786	6863	6594	6925	6654	6612	6800	7093	6713	6771
DQ280368	6463	6344	6335	6381	6445	6458	6294	6171	6395	6447	6372	6440	6536	6392	6545	6362	6392	6463	6272	6223	6396	6300	6443	6381	6299	6373	6439	6335	6338	6364	6187	6349	6375	6323	6441	6594	6283	6349	6335	6255	6541	6591	6457	6456	6344	6596	6359	6483	6314	6357	6575	0	6383	6341	6532	6403	6364	6410	6645	6318	6365	6328	6370	6454	6383	6584	6352	6343	6314	6523	6499	6283	6558	6291	6504	6473	6458	6363	6571	6347	6482	6343	6391	6446	6359	6431	6514	6405	6426
AJ564880	6424	6859	6777	6599	6818	6925	6758	6244	7194	6840	6745	6642	6713	7176	6783	7005	7052	6594	6894	6467	6690	6858	6399	6887	6609	6799	6680	7056	6406	6880	6387	6440	6723	6600	6558	6398	6568	6881	6684	6322	6485	6894	6877	6811	7250	6714	6890	6857	6635	7378	6786	6383	0	6789	6594	7258	6499	6598	6588	6557	6796	6370	7241	6811	6686	6617	6737	7259	6980	6547	6709	6801	6915	6913	6862	6819	6594	7461	6839	7324	6677	7070	6764	6576	6334	7034	6881	6419	6494
EF622233	6373	6843	6535	6419	6503	6608	6345	6170	6914	6532	6408	6495	6414	6798	6393	6673	6708	6498	6411	6245	6508	6686	6302	6790	6571	6583	6546	6560	6331	6713	6294	6359	6826	6405	6447	6300	6413	6741	6575	6369	6407	6514	6553	6621	6834	6377	6667	6488	6457	6753	6530	6341	6789	0	6332	6905	6492	6452	6401	6433	6756	6339	6773	6511	6505	6350	6672	6827	6457	6360	6487	6529	6529	6430	6327	6468	6397	6727	6395	6677	6433	6673	6456	6425	6384	6707	6489	6465	6495
HQ832735	6505	6450	6450	6572	6819	6780	6538	6163	6616	6752	6695	6612	6761	6487	6811	6440	6582	6632	6647	6337	6675	6496	6558	6524	6281	6402	6594	6601	6493	6530	6256	6497	6383	6488	6668	6603	6572	6539	6360	6331	6637	6790	6731	6715	6578	6732	6551	6740	6518	6560	6783	6532	6594	6332	0	6640	6438	6614	6888	6558	6442	6464	6509	6699	6600	6767	6375	6578	6684	6942	6726	6545	6786	6666	7284	6773	6593	6574	6889	6600	6709	6389	6750	6550	6315	6597	6839	6482	6539
AJ306894	6472	6923	6690	6591	6909	6998	6913	6223	7455	6925	6666	6757	6653	6898	6749	6828	7102	6626	6953	6432	6778	6985	6452	7047	6590	6628	6704	7115	6446	7037	6425	6476	7002	6625	6626	6428	6563	7036	6666	6381	6520	6912	6898	6918	7364	6789	6878	6894	6649	7128	6877	6403	7258	6905	6640	0	6540	6551	6663	6564	6936	6413	6922	6918	6765	6651	6766	7357	7004	6577	6683	6965	6950	6972	6929	6846	6646	7308	6804	7235	6673	6905	6729	6583	6370	7038	6964	6470	6545
EF144149	6511	6472	6504	6687	6786	6659	6424	6276	6517	6646	6642	6686	6495	6508	6526	6481	6494	6803	6589	6302	6682	6393	6529	6478	6395	6479	6829	6577	6633	6459	6376	6674	6548	6347	6679	6437	6650	6538	6503	6536	6617	6555	6840	6774	6472	6437	6517	6512	6627	6464	6670	6364	6499	6492	6438	6540	0	6706	6473	6615	6453	6627	6490	6689	6701	6487	6532	6456	6627	6479	6675	6508	6564	6608	6401	6667	6468	6472	6513	6483	6644	6424	6697	6623	6437	6484	6641	6725	6738
EF527874	6538	6582	6570	7015	6902	6751	6554	6303	6536	6681	6995	6674	6709	6615	6735	6522	6595	6870	6890	6422	6717	6488	6509	6573	6419	6497	6885	6630	6705	6583	6410	6693	6426	6580	6718	6485	6785	6494	6500	6417	6713	6699	6898	6767	6585	6613	6519	6616	6786	6562	6799	6410	6598	6452	6614	6551	6706	0	6600	6907	6548	6538	6585	6758	6821	6625	6499	6585	6815	6659	6784	6540	6697	6873	6597	6800	6522	6580	6642	6531	6775	6473	7154	6610	6435	6670	6774	6661	6716
HM026177	6588	6488	6316	6708	6869	6843	6564	6178	6569	6773	6620	6740	6813	6534	6811	6450	6633	6689	6604	6268	6607	6434	6609	6552	6297	6377	6741	6623	6464	6538	6442	6481	6406	6429	6655	6601	6469	6434	6364	6286	6619	6797	6720	6779	6622	6902	6543	6730	6643	6594	6827	6645	6588	6401	6888	6663	6473	6600	0	6520	6522	6534	6508	6670	6711	6793	6426	6622	6659	6879	6679	6555	6827	6628	7000	6668	6600	6603	6812	6620	6661	6573	6596	6648	6376	6655	6884	6535	6575
AY858696	6428	6534	6520	6906	6885	6781	6546	6223	6558	6723	6978	6598	6649	6530	6627	6455	6603	6807	7081	6364	6643	6457	6472	6550	6315	6393	6796	6687	6544	6547	6266	6563	6390	6559	6560	6450	6734	6462	6425	6374	6671	6623	6804	6782	6574	6585	6434	6592	6749	6521	6801	6318	6557	6433	6558	6564	6615	6907	6520	0	6519	6473	6549	6707	6806	6551	6382	6558	6804	6553	6744	6616	6612	7064	6581	6653	6542	6532	6552	6487	6705	6423	6938	6554	6325	6629	6672	6553	6699
AM941396	6456	7011	6616	6475	6590	6744	6433	6208	6909	6629	6487	6575	6597	6779	6565	6714	6835	6588	6491	6345	6578	7026	6409	7164	6487	6594	6530	6632	6383	7147	6349	6409	6755	6533	6513	6383	6400	6791	6621	6343	6500	6689	6637	6700	7041	6573	6687	6579	6462	6778	6723	6365	6796	6756	6442	6936	6453	6548	6522	6519	0	6317	6780	6615	6599	6471	6818	7032	6482	6486	6583	6576	6735	6492	6462	6578	6497	6798	6547	6821	6578	6745	6568	6489	6376	6762	6602	6414	6511
AY671975	6330	6389	6379	6542	6553	6603	6334	6091	6404	6423	6524	6465	6399	6379	6511	6360	6356	6527	6475	6093	6487	6248	6534	6335	6250	6336	6562	6391	6443	6324	6177	6467	6389	6146	6664	6376	6521	6383	6353	6321	6410	6361	6570	6525	6389	6388	6388	6335	6508	6343	6543	6328	6370	6339	6464	6413	6627	6538	6534	6473	6317	0	6355	6470	6510	6480	6375	6371	6508	6491	6420	6438	6371	6494	6432	6584	6311	6326	6428	6326	6410	6276	6529	6381	6282	6346	6608	6447	6467
AF212202	6408	6843	6761	6525	6667	6748	6433	6229	6949	6675	6662	6573	6695	7147	6630	6995	6928	6586	6574	6447	6661	6751	6386	6871	6588	6786	6610	6724	6398	6855	6313	6425	6707	6579	6535	6379	6559	6796	6664	6313	6479	6718	6759	6726	6923	6544	6870	6675	6565	7187	6676	6370	7241	6773	6509	6922	6490	6585	6508	6549	6780	6355	0	6627	6621	6497	6718	6928	6660	6514	6686	6558	6747	6593	6541	6646	6571	7129	6671	6990	6632	6996	6651	6563	6321	6927	6643	6410	6486
AF211860	6595	6582	6506	6695	7091	6904	7128	6222	6905	7061	6843	6888	6893	6581	6917	6544	6679	6983	6891	6429	6972	6693	6447	6721	6291	6364	6854	6872	6686	6698	6585	6809	6497	6607	6808	6527	6818	6720	6346	6558	6802	7023	7048	7059	6834	6865	6577	6983	6798	6738	7040	6454	6811	6511	6699	6918	6689	6758	6670	6707	6615	6470	6627	0	6997	6854	6469	6818	7058	6693	7069	6941	7014	6910	6814	7087	6687	6803	6901	6796	6895	6489	6912	6742	6488	6679	7051	6808	6805
AJ616910	6530	6570	6460	6916	7067	6853	6806	6230	6691	6885	6857	6938	6779	6620	6664	6512	6674	6993	6872	6348	6869	6532	6449	6655	6314	6430	6999	6781	6838	6632	6566	6811	6491	6586	6769	6437	6955	6577	6371	6512	6713	6763	7010	6929	6700	6744	6520	6765	7083	6699	6897	6383	6686	6505	6600	6765	6701	6821	6711	6806	6599	6510	6621	6997	0	6666	6442	6684	7123	6689	6888	6796	6756	6906	6709	6848	6555	6699	6622	6644	6757	6597	6827	6636	6403	6706	6888	6705	6773
EF674852	6568	6435	6414	6517	6807	6834	6686	6215	6629	6824	6695	6607	6737	6463	6919	6490	6583	6690	6673	6356	6715	6500	6580	6547	6254	6367	6614	6609	6539	6534	6336	6582	6383	6533	6596	6615	6556	6549	6305	6372	6647	6942	6824	6726	6592	7087	6492	6775	6539	6602	6888	6584	6617	6350	6767	6651	6487	6625	6793	6551	6471	6480	6497	6854	6666	0	6381	6576	6719	6714	6730	6690	6832	6692	6770	6792	6581	6623	6869	6628	6740	6418	6752	6669	6413	6588	6918	6545	6588
JQ762289	6434	6853	6630	6435	6442	6580	6331	6266	6725	6487	6449	6482	6453	6755	6477	6779	6751	6479	6382	6327	6455	6730	6416	6850	6591	6659	6498	6527	6397	6825	6236	6446	6718	6396	6535	6372	6433	6863	6743	6335	6460	6516	6542	6588	6853	6377	6737	6486	6430	6719	6513	6352	6737	6672	6375	6766	6532	6499	6426	6382	6818	6375	6718	6469	6442	6381	0	6853	6430	6367	6493	6431	6581	6383	6343	6535	6427	6768	6433	6847	6539	6682	6513	6511	6344	6720	6462	6439	6547
AJ306891	6452	7172	6757	6625	6795	6953	6841	6216	7198	6826	6691	6632	6640	6881	6758	6864	7059	6559	6963	6428	6632	7093	6452	7121	6558	6673	6672	7090	6363	7072	6396	6404	6752	6542	6541	6369	6548	7014	6673	6305	6464	6899	6857	6814	7622	6738	6794	6848	6626	7102	6814	6343	7259	6827	6578	7357	6456	6585	6622	6558	7032	6371	6928	6818	6684	6576	6853	0	6981	6524	6650	6870	6882	6964	6869	6813	6588	7300	6756	7280	6604	6871	6762	6500	6338	7018	6861	6370	6494
AJ295145	6409	6548	6528	6941	7081	6849	7006	6199	6851	6889	7025	6778	6739	6609	6784	6530	6747	6863	7180	6403	6787	6562	6377	6591	6303	6435	7004	7040	6680	6564	6457	6668	6411	6555	6665	6344	7150	6613	6392	6345	6620	6852	7068	6870	6997	6784	6536	6815	7300	6824	6856	6314	6980	6457	6684	7004	6627	6815	6659	6804	6482	6508	6660	7058	7123	6719	6430	6981	0	6579	6887	6901	6836	7163	6982	6937	6587	7001	6725	6941	6724	6563	6969	6582	6290	6785	6945	6563	6694
AY489405	6545	6471	6362	6599	6808	6734	6453	6173	6555	6705	6614	6776	6740	6518	6783	6427	6551	6662	6564	6252	6767	6440	6592	6553	6278	6352	6594	6493	6525	6537	6412	6548	6374	6447	6679	6550	6481	6439	6304	6389	6630	6780	6776	6733	6524	6709	6566	6698	6529	6531	6774	6523	6547	6360	6942	6577	6479	6659	6879	6553	6486	6491	6514	6693	6689	6714	6367	6524	6579	0	6698	6518	6754	6583	6966	6684	6582	6547	6787	6575	6660	6489	6665	6578	6371	6570	6880	6556	6520
EF121853	6593	6566	6608	6721	6928	6788	6809	6254	6668	6959	6817	6856	6910	6646	6752	6548	6656	6877	6747	6471	6904	6566	6476	6674	6367	6478	6857	6787	6631	6677	6489	6748	6445	6657	6695	6515	6803	6587	6432	6588	6819	6875	7039	6960	6651	6768	6614	6800	6792	6674	6951	6499	6709	6487	6726	6683	6675	6784	6679	6744	6583	6420	6686	7069	6888	6730	6493	6650	6887	6698	0	6693	6862	6766	6754	6824	6713	6670	6738	6681	6883	6503	6852	6736	6481	6730	6801	6710	6744
AJ417388	6384	6571	6473	6552	6886	6808	6891	6149	6923	6911	6674	6740	6684	6501	6710	6464	6688	6688	6920	6330	6770	6656	6383	6682	6204	6330	6648	6869	6455	6608	6350	6549	6479	6505	6592	6334	6584	6654	6315	6387	6519	6811	6831	6903	6886	6679	6533	6770	6619	6717	6855	6283	6801	6529	6545	6965	6508	6540	6555	6616	6576	6438	6558	6941	6796	6690	6431	6870	6901	6518	6693	0	6822	6939	6739	6792	6592	6765	6744	6791	6634	6484	6713	6543	6292	6624	6929	6483	6578
KF479230	6628	6638	6526	6606	6934	6984	6731	6214	6953	6954	6766	6756	6907	6684	6964	6672	6803	6758	6773	6374	6847	6796	6494	6818	6420	6479	6703	6834	6575	6819	6490	6622	6546	6570	6703	6516	6593	6724	6468	6428	6699	7087	6930	6935	6882	6917	6671	6867	6591	6838	6998	6558	6915	6529	6786	6950	6564	6697	6827	6612	6735	6371	6747	7014	6756	6832	6581	6882	6836	6754	6862	6822	0	6792	6892	6963	6672	6895	6928	6892	6808	6640	6855	6730	6508	6808	6982	6622	6640
EF442769	6419	6545	6543	6970	7102	7019	6933	6201	6822	6947	7049	6699	6698	6553	6756	6503	6765	6792	7615	6374	6704	6564	6521	6590	6264	6411	6886	7086	6563	6566	6383	6570	6390	6577	6580	6441	6737	6571	6391	6372	6659	6836	6977	6879	6980	6789	6466	6832	6818	6789	6927	6291	6913	6430	6666	6972	6608	6873	6628	7064	6492	6494	6593	6910	6906	6692	6383	6964	7163	6583	6766	6939	6792	0	6996	6862	6599	6946	6759	6882	6784	6548	7043	6528	6312	6741	6927	6539	6654
HQ832736	6491	6445	6434	6675	6968	6926	6827	6145	6781	6900	6723	6720	6797	6507	6865	6429	6704	6635	6945	6321	6700	6529	6541	6551	6248	6375	6702	6877	6456	6555	6376	6462	6350	6504	6631	6583	6557	6520	6327	6297	6609	6913	6848	6794	6869	6889	6544	6891	6639	6734	6860	6504	6862	6327	7284	6929	6401	6597	7000	6581	6462	6432	6541	6814	6709	6770	6343	6869	6982	6966	6754	6739	6892	6996	0	6827	6620	6871	6997	6918	6691	6514	6765	6535	6291	6711	7005	6446	6517
L42616	6520	6626	6553	6702	7009	6859	6859	6213	6822	6894	6835	6794	6820	6634	6947	6597	6691	6911	6843	6383	6885	6679	6497	6684	6345	6460	6833	6752	6693	6661	6508	6778	6474	6536	7007	6477	6758	6724	6436	6482	6662	6911	6995	6952	6831	6764	6625	6820	6692	6763	6974	6473	6819	6468	6773	6846	6667	6800	6668	6653	6578	6584	6646	7087	6848	6792	6535	6813	6937	6684	6824	6792	6963	6862	6827	0	6578	6788	6870	6788	6821	6496	6964	6609	6432	6683	6998	6716	6730
JQ781698	6452	6504	6406	6498	6727	6684	6488	6289	6630	6707	6586	6579	6700	6547	6540	6580	6567	6565	6580	6495	6599	6473	6619	6585	6277	6374	6521	6671	6377	6593	6264	6408	6407	6532	6511	6559	6463	6524	6371	6272	6568	6704	6665	6772	6580	6689	6551	6861	6492	6575	6653	6458	6594	6397	6593	6646	6468	6522	6600	6542	6497	6311	6571	6687	6555	6581	6427	6588	6587	6582	6713	6592	6672	6599	6620	6578	0	6583	6738	6599	6698	6435	6576	6626	6301	6625	6639	6447	6450
AJ306893	6410	6841	6790	6620	6851	6957	6760	6245	7142	6814	6727	6666	6678	7081	6776	6957	7092	6568	6927	6440	6679	6867	6396	6903	6598	6803	6675	7117	6385	6881	6383	6428	6695	6571	6527	6386	6540	6877	6669	6320	6474	6879	6907	6800	7291	6724	6890	6876	6646	7311	6775	6363	7461	6727	6574	7308	6472	6580	6603	6532	6798	6326	7129	6803	6699	6623	6768	7300	7001	6547	6670	6765	6895	6946	6871	6788	6583	0	6821	7405	6675	7078	6746	6557	6320	7069	6862	6391	6465
AJ320530	6581	6521	6499	6543	6877	6852	6712	6237	6783	6860	6710	6672	6840	6635	6992	6559	6717	6642	6740	6438	6748	6609	6577	6626	6307	6438	6558	6738	6440	6637	6381	6473	6416	6527	6653	6731	6469	6635	6388	6328	6599	7045	6797	6807	6756	6916	6631	6892	6480	6762	6859	6571	6839	6395	6889	6804	6513	6642	6812	6552	6547	6428	6671	6901	6622	6869	6433	6756	6725	6787	6738	6744	6928	6759	6997	6870	6738	6821	0	6780	6710	6549	6808	6643	6403	6668	7022	6492	6493
JX870002	6437	6855	6689	6561	6788	6920	6776	6224	7105	6826	6661	6692	6644	6933	6753	6912	7035	6546	6859	6456	6698	6874	6416	6910	6497	6683	6641	7042	6355	6910	6396	6429	6672	6557	6534	6375	6507	6925	6638	6298	6457	6879	6877	6810	7280	6763	7038	6914	6593	7165	6786	6347	7324	6677	6600	7235	6483	6531	6620	6487	6821	6326	6990	6796	6644	6628	6847	7280	6941	6575	6681	6791	6892	6882	6918	6788	6599	7405	6780	0	6673	6926	6698	6560	6316	6955	6855	6404	6490
EF613112	6587	6525	6569	6682	6938	6811	6683	6349	6649	6795	6808	6725	6852	6617	6771	6645	6650	6833	6765	6539	6784	6577	6491	6651	6380	6493	6717	6747	6648	6661	6382	6717	6495	6647	6690	6609	6674	6651	6436	6464	6837	6792	6876	6912	6605	6746	6609	6802	6604	6643	6863	6482	6677	6433	6709	6673	6644	6775	6661	6705	6578	6410	6632	6895	6757	6740	6539	6604	6724	6660	6883	6634	6808	6784	6691	6821	6698	6675	6710	6673	0	6515	6871	6752	6466	6686	6768	6723	6764
FN433898	6379	6737	6583	6576	6624	6739	6375	6231	6862	6618	6488	6636	6536	6977	6525	6808	6931	6498	6528	6290	6533	6615	6319	6763	6567	6700	6641	6658	6332	6754	6391	6342	6692	6484	6447	6351	6360	6649	6591	6290	6443	6589	6692	6642	6862	6517	6730	6650	6568	7090	6594	6343	7070	6673	6389	6905	6424	6473	6573	6423	6745	6276	6996	6489	6597	6418	6682	6871	6563	6489	6503	6484	6640	6548	6514	6496	6435	7078	6549	6926	6515	0	6473	6462	6299	6868	6572	6380	6459
AM238662	6525	6607	6653	7003	7037	6907	6731	6291	6714	6836	7122	6662	6775	6620	6907	6582	6715	6862	7060	6481	6786	6656	6514	6650	6427	6498	6873	6800	6696	6661	6391	6684	6441	6623	6713	6482	6845	6640	6515	6415	6714	6853	7000	6857	6762	6753	6566	6762	6774	6719	6925	6391	6764	6456	6750	6729	6697	7154	6596	6938	6568	6529	6651	6912	6827	6752	6513	6762	6969	6665	6852	6713	6855	7043	6765	6964	6576	6746	6808	6698	6871	6473	0	6624	6440	6773	6928	6645	6723
FJ984862	6540	6501	6425	6509	6746	6616	6497	6283	6577	6667	6573	6669	6676	6569	6656	6612	6514	6699	6509	6428	6674	6414	6503	6508	6387	6485	6624	6530	6566	6518	6295	6608	6503	6470	6642	6545	6565	6556	6445	6448	6648	6698	6725	6798	6501	6637	6570	6691	6542	6542	6654	6446	6576	6425	6550	6583	6623	6610	6648	6554	6489	6381	6563	6742	6636	6669	6511	6500	6582	6578	6736	6543	6730	6528	6535	6609	6626	6557	6643	6560	6752	6462	6624	0	6434	6577	6685	6652	6705
AY962237	6691	6339	6344	6356	6519	6422	6272	6175	6364	6482	6343	6445	6478	6334	6413	6380	6323	6486	6293	6115	6427	6288	6350	6369	6345	6311	6440	6312	6442	6377	6417	6458	6381	6250	6469	6363	6280	6372	6279	6509	6484	6649	6498	6521	6339	6421	6337	6373	6290	6307	6612	6359	6334	6384	6315	6370	6437	6435	6376	6325	6376	6282	6321	6488	6403	6413	6344	6338	6290	6371	6481	6292	6508	6312	6291	6432	6301	6320	6403	6316	6466	6299	6440	6434	0	6361	6471	6520	6475
AM229315	6487	6822	6778	6736	6842	6889	6651	6327	6964	6769	6755	6653	6675	6888	6681	6895	7207	6606	6758	6508	6676	6761	6406	6849	6887	6720	6710	6872	6404	6874	6413	6452	6697	6711	6545	6440	6606	6825	6870	6240	6556	6784	6898	6825	7009	6691	6727	6781	6665	7015	6800	6431	7034	6707	6597	7038	6484	6670	6655	6629	6762	6346	6927	6679	6706	6588	6720	7018	6785	6570	6730	6624	6808	6741	6711	6683	6625	7069	6668	6955	6686	6868	6773	6577	6361	0	6764	6442	6539
KC237714	6644	6566	6482	6747	7066	7074	6835	6170	6932	7019	6843	6911	6779	6589	7123	6568	6771	6846	6908	6352	6922	6664	6571	6699	6328	6395	6816	6863	6587	6693	6522	6658	6506	6505	6765	6636	6653	6709	6378	6415	6651	7080	7030	7006	6862	6956	6619	6966	6690	6798	7093	6514	6881	6489	6839	6964	6641	6774	6884	6672	6602	6608	6643	7051	6888	6918	6462	6861	6945	6880	6801	6929	6982	6927	7005	6998	6639	6862	7022	6855	6768	6572	6928	6685	6471	6764	0	6618	6648
AY268080	6512	6386	6376	6591	6805	6589	6527	6235	6455	6698	6547	6713	6599	6428	6541	6407	6409	6824	6520	6293	6708	6346	6397	6439	6375	6363	6761	6467	6651	6422	6516	6726	6458	6398	6709	6455	6595	6458	6349	6589	6677	6562	6760	6809	6386	6480	6395	6573	6563	6384	6713	6405	6419	6465	6482	6470	6725	6661	6535	6553	6414	6447	6410	6808	6705	6545	6439	6370	6563	6556	6710	6483	6622	6539	6446	6716	6447	6391	6492	6404	6723	6380	6645	6652	6520	6442	6618	0	6799
