KJ716794	0	6319	6664	6301	6823	7057	6651	6503	6497	6785	6455	6915	6627	6760	6789	5215	6412	6706	6870	6341	6614	6849	6564	6697	6881	6812	6603	6795	6823	6849	6570	6866	6315	6988	6687	6821	6682	6349
HM625820	6319	0	6908	5991	6238	6312	6001	6848	6874	6241	6756	6237	6836	6523	6197	5002	6574	6248	6206	6728	6183	6169	6133	6491	6321	6331	6538	6148	6143	6238	6098	6194	6032	6360	6031	6286	6114	6052
CDMH01000060	6664	6908	0	5990	6523	6616	6304	7150	7223	6532	7066	6542	7266	6946	6491	4961	6839	6582	6478	6945	6276	6511	6251	6910	6501	6604	6923	6433	6369	6506	6195	6467	6119	6631	6295	6613	6375	6022
LC102854	6301	5991	5990	0	6603	6421	7050	5984	5984	6435	5963	6411	6007	6127	6391	5136	5996	6343	6657	5943	6246	6828	6312	6149	6348	6434	6066	6671	6383	6503	6295	6409	6228	6399	7062	6448	7084	6261
AY631945	6823	6238	6523	6603	0	6886	6546	6451	6412	6952	6361	7024	6532	6666	6992	5137	6318	6963	7140	6240	6540	6704	6657	6670	6784	6996	6578	7188	6827	7066	6578	6928	6434	6956	6881	6958	6682	6445
AF333341	7057	6312	6616	6421	6886	0	6604	6520	6510	6821	6446	6993	6639	6694	6859	5243	6418	6793	6983	6346	6631	6848	6577	6635	6864	6844	6575	6932	6789	6988	6561	6878	6415	6965	6788	6891	6798	6372
M88154	6651	6001	6304	7050	6546	6604	0	6181	6153	6577	6067	6564	6248	6412	6488	5182	6107	6482	6611	5951	6284	7238	6254	6312	6437	6535	6324	6520	6552	6547	6319	6443	6012	6588	7211	6626	7682	6083
DQ004689	6503	6848	7150	5984	6451	6520	6181	0	7103	6443	7128	6415	7177	6722	6405	4951	6828	6445	6398	6985	6254	6355	6244	6739	6504	6517	6777	6346	6367	6437	6180	6376	6092	6529	6216	6491	6268	6012
EF070342	6497	6874	7223	5984	6412	6510	6153	7103	0	6442	7056	6415	7170	6718	6405	4958	6833	6457	6377	6952	6274	6328	6250	6743	6485	6514	6779	6332	6356	6403	6193	6365	6124	6528	6195	6490	6268	6013
DQ415546	6785	6241	6532	6435	6952	6821	6577	6443	6442	0	6382	6893	6546	6671	7118	5107	6331	7001	6888	6242	6559	6643	6614	6777	6762	7228	6620	6915	6872	6890	6606	6867	6557	6954	6631	7226	6585	6406
U89351	6455	6756	7066	5963	6361	6446	6067	7128	7056	6382	0	6326	7116	6655	6348	4946	6812	6379	6332	6995	6257	6256	6248	6701	6430	6457	6708	6275	6290	6354	6177	6375	6117	6480	6215	6431	6184	6008
M80205	6915	6237	6542	6411	7024	6993	6564	6415	6415	6893	6326	0	6518	6646	6951	5196	6287	6902	6979	6218	6467	6697	6575	6647	6753	6960	6565	6970	6855	7105	6513	6908	6368	6865	6868	6930	6745	6418
M57398	6627	6836	7266	6007	6532	6639	6248	7177	7170	6546	7116	6518	0	6845	6518	4975	6847	6560	6510	6981	6294	6449	6277	6879	6536	6621	6884	6460	6405	6550	6188	6496	6151	6642	6310	6596	6371	6028
U01330	6760	6523	6946	6127	6666	6694	6412	6722	6718	6671	6655	6646	6845	0	6667	5025	6659	6698	6640	6548	6458	6707	6499	7249	6685	6679	7139	6596	6549	6644	6473	6679	6236	6797	6344	6740	6455	6108
DQ415545	6789	6197	6491	6391	6992	6859	6488	6405	6405	7118	6348	6951	6518	6667	0	5092	6281	7127	6881	6214	6497	6634	6587	6769	6773	7055	6578	6906	6790	6954	6548	6893	6469	6898	6685	7082	6619	6396
KP120975	5215	5002	4961	5136	5137	5243	5182	4951	4958	5107	4946	5196	4975	5025	5092	0	4919	5071	5162	4928	5112	5107	5053	4951	5204	5112	4952	5135	5154	5121	5162	5167	5104	5268	5177	5153	5351	5064
EF204589	6412	6574	6839	5996	6318	6418	6107	6828	6833	6331	6812	6287	6847	6659	6281	4919	0	6298	6316	6719	6336	6301	6248	6597	6472	6330	6632	6262	6288	6344	6222	6359	6140	6425	6168	6372	6159	5971
M35048	6706	6248	6582	6343	6963	6793	6482	6445	6457	7001	6379	6902	6560	6698	7127	5071	6298	0	6843	6241	6422	6570	6554	6733	6684	6971	6648	6875	6751	6907	6502	6787	6394	6823	6585	7020	6636	6414
M88150	6870	6206	6478	6657	7140	6983	6611	6398	6377	6888	6332	6979	6510	6640	6881	5162	6316	6843	0	6217	6546	6711	6655	6590	6777	6941	6587	7183	6776	7039	6602	6869	6387	6950	6901	6902	6697	6472
Y09404	6341	6728	6945	5943	6240	6346	5951	6985	6952	6242	6995	6218	6981	6548	6214	4928	6719	6241	6217	0	6276	6160	6210	6554	6343	6316	6579	6165	6176	6233	6142	6247	6116	6338	6103	6294	6071	5968
AF000221	6614	6183	6276	6246	6540	6631	6284	6254	6274	6559	6257	6467	6294	6458	6497	5112	6336	6422	6546	6276	0	6434	6902	6441	6643	6540	6288	6527	6587	6498	6790	6648	6471	6680	6315	6617	6296	6254
AF333338	6849	6169	6511	6828	6704	6848	7238	6355	6328	6643	6256	6697	6449	6707	6634	5107	6301	6570	6711	6160	6434	0	6399	6580	6713	6630	6444	6665	6561	6671	6423	6727	6183	6804	7125	6685	7279	6185
U96296	6564	6133	6251	6312	6657	6577	6254	6244	6250	6614	6248	6575	6277	6499	6587	5053	6248	6554	6655	6210	6902	6399	0	6498	6623	6647	6361	6652	6618	6574	6775	6741	6403	6669	6368	6647	6270	6262
AF292378	6697	6491	6910	6149	6670	6635	6312	6739	6743	6777	6701	6647	6879	7249	6769	4951	6597	6733	6590	6554	6441	6580	6498	0	6622	6778	7067	6610	6591	6667	6441	6707	6227	6731	6305	6801	6414	6093
DQ307735	6881	6321	6501	6348	6784	6864	6437	6504	6485	6762	6430	6753	6536	6685	6773	5204	6472	6684	6777	6343	6643	6713	6623	6622	0	6803	6587	6719	6804	6853	6630	6982	6443	7021	6587	6819	6600	6430
AY686606	6812	6331	6604	6434	6996	6844	6535	6517	6514	7228	6457	6960	6621	6679	7055	5112	6330	6971	6941	6316	6540	6630	6647	6778	6803	0	6656	6966	6833	6931	6536	6909	6487	6981	6686	7185	6620	6349
M88148	6603	6538	6923	6066	6578	6575	6324	6777	6779	6620	6708	6565	6884	7139	6578	4952	6632	6648	6587	6579	6288	6444	6361	7067	6587	6656	0	6515	6500	6599	6352	6601	6079	6716	6317	6693	6388	6058
U18766	6795	6148	6433	6671	7188	6932	6520	6346	6332	6915	6275	6970	6460	6596	6906	5135	6262	6875	7183	6165	6527	6665	6652	6610	6719	6966	6515	0	6789	7037	6555	6884	6430	6920	6816	6945	6624	6396
AF297868	6823	6143	6369	6383	6827	6789	6552	6367	6356	6872	6290	6855	6405	6549	6790	5154	6288	6751	6776	6176	6587	6561	6618	6591	6804	6833	6500	6789	0	6895	6681	6823	6392	6820	6658	6913	6623	6327
U07574	6849	6238	6506	6503	7066	6988	6547	6437	6403	6890	6354	7105	6550	6644	6954	5121	6344	6907	7039	6233	6498	6671	6574	6667	6853	6931	6599	7037	6895	0	6497	6977	6376	6900	6855	6929	6714	6483
AF072471	6570	6098	6195	6295	6578	6561	6319	6180	6193	6606	6177	6513	6188	6473	6548	5162	6222	6502	6602	6142	6790	6423	6775	6441	6630	6536	6352	6555	6681	6497	0	6655	6415	6672	6369	6662	6346	6313
AF262037	6866	6194	6467	6409	6928	6878	6443	6376	6365	6867	6375	6908	6496	6679	6893	5167	6359	6787	6869	6247	6648	6727	6741	6707	6982	6909	6601	6884	6823	6977	6655	0	6480	7071	6710	6940	6665	6340
KF549903	6315	6032	6119	6228	6434	6415	6012	6092	6124	6557	6117	6368	6151	6236	6469	5104	6140	6394	6387	6116	6471	6183	6403	6227	6443	6487	6079	6430	6392	6376	6415	6480	0	6519	6207	6521	6156	6167
AY631956	6988	6360	6631	6399	6956	6965	6588	6529	6528	6954	6480	6865	6642	6797	6898	5268	6425	6823	6950	6338	6680	6804	6669	6731	7021	6981	6716	6920	6820	6900	6672	7071	6519	0	6686	7048	6729	6417
AF127912	6687	6031	6295	7062	6881	6788	7211	6216	6195	6631	6215	6868	6310	6344	6685	5177	6168	6585	6901	6103	6315	7125	6368	6305	6587	6686	6317	6816	6658	6855	6369	6710	6207	6686	0	6660	7387	6328
M88147	6821	6286	6613	6448	6958	6891	6626	6491	6490	7226	6431	6930	6596	6740	7082	5153	6372	7020	6902	6294	6617	6685	6647	6801	6819	7185	6693	6945	6913	6929	6662	6940	6521	7048	6660	0	6648	6397
AY742307	6682	6114	6375	7084	6682	6798	7682	6268	6268	6585	6184	6745	6371	6455	6619	5351	6159	6636	6697	6071	6296	7279	6270	6414	6600	6620	6388	6624	6623	6714	6346	6665	6156	6729	7387	6648	0	6129
U65103	6349	6052	6022	6261	6445	6372	6083	6012	6013	6406	6008	6418	6028	6108	6396	5064	5971	6414	6472	5968	6254	6185	6262	6093	6430	6349	6058	6396	6327	6483	6313	6340	6167	6417	6328	6397	6129	0
