AF082790	0	6256	6018	6516	6227	6433	6417	6290	6118	6225	6351
AF082795	6256	0	6341	6276	6250	6376	6367	6723	6108	6569	6457
AF082794	6018	6341	0	5955	6132	6055	6046	6366	5778	6230	6127
AJ227814	6516	6276	5955	0	6146	6764	6782	6301	6220	6677	6664
AF082797	6227	6250	6132	6146	0	6414	6360	6275	6150	6220	6532
KF863136	6433	6376	6055	6764	6414	0	7041	6419	6397	6649	6959
KF863140	6417	6367	6046	6782	6360	7041	0	6410	6343	6649	6905
CP000158	6290	6723	6366	6301	6275	6419	6410	0	6151	6612	6500
AF082791	6118	6108	5778	6220	6150	6397	6343	6151	0	6174	6384
AJ227813	6225	6569	6230	6677	6220	6649	6649	6612	6174	0	6730
KF863137	6351	6457	6127	6664	6532	6959	6905	6500	6384	6730	0
