AY526862	0	6837	6629	6487	6652	6668	7118	6617	6634	6864	6485	6682	6962	6677	6675	6674	6670	6664	6829	6526	6585	6504	6691	6672	6676	6897
AJ440214	6837	0	6736	6681	6713	6766	6944	6705	6777	6954	6637	6859	6681	6967	6747	6806	6941	6758	7172	6615	6608	6662	6747	6658	6720	6966
EU423908	6629	6736	0	6540	7184	6834	6699	6924	7157	6669	6777	6883	6457	6710	6871	7076	6544	6872	6664	6825	6630	6798	6886	6965	6435	6647
EU723884	6487	6681	6540	0	6578	6805	6588	6596	6787	6709	6755	6736	6338	6643	6882	6874	6558	6743	6568	6465	6809	6358	6847	6511	6232	6506
EU423907	6652	6713	7184	6578	0	6836	6706	6923	7298	6669	6868	6899	6516	6740	6842	7074	6535	6872	6647	6791	6695	6731	6949	6998	6440	6653
KJ825892	6668	6766	6834	6805	6836	0	6753	6824	7040	6643	6891	7070	6499	6803	7039	7171	6624	6952	6648	6787	6774	6682	7034	6841	6404	6648
AF052740	7118	6944	6699	6588	6706	6753	0	6687	6730	6959	6611	6784	6977	6792	6773	6775	6726	6755	6893	6581	6651	6577	6758	6672	6692	6987
DQ118948	6617	6705	6924	6596	6923	6824	6687	0	6912	6636	6808	6894	6471	6753	6853	6936	6523	6955	6605	6968	6748	6713	6884	6809	6436	6702
EU600203	6634	6777	7157	6787	7298	7040	6730	6912	0	6692	7085	7084	6535	6850	7052	7284	6649	6950	6665	6804	6881	6706	7088	6971	6424	6643
AY635468	6864	6954	6669	6709	6669	6643	6959	6636	6692	0	6651	6739	6697	6766	6735	6705	6863	6654	6905	6537	6672	6519	6731	6609	6623	6936
JN867053	6485	6637	6777	6755	6868	6891	6611	6808	7085	6651	0	7079	6365	6808	6925	7021	6575	6876	6511	6696	6832	6484	6904	6714	6325	6570
FM877003	6682	6859	6883	6736	6899	7070	6784	6894	7084	6739	7079	0	6532	6946	6972	7119	6668	6844	6748	6890	6753	6841	7058	6816	6441	6703
AF288370	6962	6681	6457	6338	6516	6499	6977	6471	6535	6697	6365	6532	0	6523	6549	6546	6642	6546	6704	6457	6418	6431	6577	6558	6665	6716
KF732819	6677	6967	6710	6643	6740	6803	6792	6753	6850	6766	6808	6946	6523	0	6748	6825	6717	6705	6808	6634	6782	6631	6666	6624	6556	6802
KC762312	6675	6747	6871	6882	6842	7039	6773	6853	7052	6735	6925	6972	6549	6748	0	7063	6630	7088	6642	6713	6895	6571	7027	6730	6391	6644
EU600204	6674	6806	7076	6874	7074	7171	6775	6936	7284	6705	7021	7119	6546	6825	7063	0	6648	7013	6688	6807	6847	6759	7085	7124	6429	6688
HF954116	6670	6941	6544	6558	6535	6624	6726	6523	6649	6863	6575	6668	6642	6717	6630	6648	0	6562	6934	6531	6484	6434	6604	6506	6745	6747
FJ768737	6664	6758	6872	6743	6872	6952	6755	6955	6950	6654	6876	6844	6546	6705	7088	7013	6562	0	6657	6787	6775	6592	7003	6812	6384	6661
AY526861	6829	7172	6664	6568	6647	6648	6893	6605	6665	6905	6511	6748	6704	6808	6642	6688	6934	6657	0	6621	6473	6581	6642	6638	6700	6869
EF212001	6526	6615	6825	6465	6791	6787	6581	6968	6804	6537	6696	6890	6457	6634	6713	6807	6531	6787	6621	0	6519	6783	6817	6764	6411	6519
GU471247	6585	6608	6630	6809	6695	6774	6651	6748	6881	6672	6832	6753	6418	6782	6895	6847	6484	6775	6473	6519	0	6442	6795	6581	6345	6598
FJ906745	6504	6662	6798	6358	6731	6682	6577	6713	6706	6519	6484	6841	6431	6631	6571	6759	6434	6592	6581	6783	6442	0	6737	6712	6429	6570
KF963828	6691	6747	6886	6847	6949	7034	6758	6884	7088	6731	6904	7058	6577	6666	7027	7085	6604	7003	6642	6817	6795	6737	0	6839	6382	6643
KF487034	6672	6658	6965	6511	6998	6841	6672	6809	6971	6609	6714	6816	6558	6624	6730	7124	6506	6812	6638	6764	6581	6712	6839	0	6482	6624
AB619724	6676	6720	6435	6232	6440	6404	6692	6436	6424	6623	6325	6441	6665	6556	6391	6429	6745	6384	6700	6411	6345	6429	6382	6482	0	6832
AF052741	6897	6966	6647	6506	6653	6648	6987	6702	6643	6936	6570	6703	6716	6802	6644	6688	6747	6661	6869	6519	6598	6570	6643	6624	6832	0
