HM222655	0	7231	7084	7040	7128	7155	7218	7113	6485
AY837752	7231	0	7088	7124	7185	7144	7253	7160	6526
AB286023	7084	7088	0	6916	7027	6974	7078	6946	6400
AY522568	7040	7124	6916	0	7160	7191	7145	7127	6592
AB778259	7128	7185	7027	7160	0	7213	7236	7179	6507
AF176948	7155	7144	6974	7191	7213	0	7191	7203	6558
FR749912	7218	7253	7078	7145	7236	7191	0	7201	6521
Y08539	7113	7160	6946	7127	7179	7203	7201	0	6506
JN160681	6485	6526	6400	6592	6507	6558	6521	6506	0
