EF202612	0	6767	6579	6166	6473	6611	6687	6906
AJ748747	6767	0	6620	6295	6663	6769	6714	6872
AY906862	6579	6620	0	6469	6454	6623	6653	6590
HQ596528	6166	6295	6469	0	6271	6362	6258	6220
AJ438157	6473	6663	6454	6271	0	6379	6597	6644
EU156067	6611	6769	6623	6362	6379	0	6620	6670
DQ643999	6687	6714	6653	6258	6597	6620	0	6754
JX680802	6906	6872	6590	6220	6644	6670	6754	0
