FJ386517	0	7085	6100	7051	6464	6792	6585	6306	7065	6838
AY028925	7085	0	6087	7162	6463	6903	6493	6268	7306	7046
AJ251530	6100	6087	0	6081	5760	6058	5751	6578	6130	6105
FJ237390	7051	7162	6081	0	6481	6773	6495	6281	7000	6853
GU295938	6464	6463	5760	6481	0	6228	6436	6014	6529	6221
EU583727	6792	6903	6058	6773	6228	0	6293	6307	6780	7279
GU295939	6585	6493	5751	6495	6436	6293	0	5997	6454	6287
KU878872	6306	6268	6578	6281	6014	6307	5997	0	6300	6311
AY028926	7065	7306	6130	7000	6529	6780	6454	6300	0	6923
FJ158840	6838	7046	6105	6853	6221	7279	6287	6311	6923	0
