AM409365	0	6835	6795	6634	6757	6667	6115	6915
AM409363	6835	0	6514	6682	6470	6428	6235	6838
AY039817	6795	6514	0	6555	6575	6582	6089	6583
EF592609	6634	6682	6555	0	6556	6474	6215	6631
EU723082	6757	6470	6575	6556	0	6454	6104	6436
AB244762	6667	6428	6582	6474	6454	0	6118	6470
KC254734	6115	6235	6089	6215	6104	6118	0	6168
AM409364	6915	6838	6583	6631	6436	6470	6168	0
