AB003932	0	6459	7023	7171	7176	6869	6925
AB377116	6459	0	6348	6604	6477	6561	6426
AB003935	7023	6348	0	6987	7061	6793	6829
AB377117	7171	6604	6987	0	7359	6915	6958
AF095336	7176	6477	7061	7359	0	6928	6974
FR749986	6869	6561	6793	6915	6928	0	6774
FJ214362	6925	6426	6829	6958	6974	6774	0
