U93324	0	7113	7162	7085	6953	7140	6726	6781	6978	7103	6832	6963	7109	7147	6991	7033	7175	6953	7013	7045	6915	7144	7153
AB278569	7113	0	6933	6909	6765	6910	6651	6630	6899	7013	6656	6743	6880	6963	6773	6836	6931	6818	6832	6879	6838	6920	6904
U93328	7162	6933	0	7213	6970	7270	6709	6894	7007	7028	6950	6987	7303	7191	6964	7123	7161	7106	6963	7198	6943	7093	7137
AB022869	7085	6909	7213	0	6971	7207	6614	6864	7046	6984	7011	6952	7159	7208	6976	7300	7070	7218	6852	7480	6817	7203	7062
AY260167	6953	6765	6970	6971	0	6950	6717	6818	6735	6800	6953	6929	6915	6892	6927	6931	7031	6925	6784	6910	6791	7254	7068
U93320	7140	6910	7270	7207	6950	0	6660	6880	6989	7010	6945	6907	7216	7185	6980	7147	7127	7108	6892	7199	6910	7074	7112
AY442263	6726	6651	6709	6614	6717	6660	0	6681	6671	6757	6697	6765	6646	6708	6779	6566	6853	6589	6770	6581	6791	6773	6856
AY613990	6781	6630	6894	6864	6818	6880	6681	0	6721	6701	6893	6820	6840	6786	6821	6792	6940	6792	6773	6785	6769	6842	6862
AB278568	6978	6899	7007	7046	6735	6989	6671	6721	0	6988	6727	6809	6962	7075	6824	6963	6988	6873	6769	6965	6867	6916	6946
DQ026645	7103	7013	7028	6984	6800	7010	6757	6701	6988	0	6693	6805	6977	7058	6850	6915	7054	6889	6938	6988	6919	6971	7026
AY442267	6832	6656	6950	7011	6953	6945	6697	6893	6727	6693	0	7012	6887	6880	7041	6928	6900	6956	6813	6941	6749	6961	6899
AY442266	6963	6743	6987	6952	6929	6907	6765	6820	6809	6805	7012	0	6924	6938	7119	6886	6973	6898	6967	6882	6903	7003	6931
U93316	7109	6880	7303	7159	6915	7216	6646	6840	6962	6977	6887	6924	0	7137	6901	7069	7107	7052	6900	7144	6889	7039	7083
U93332	7147	6963	7191	7208	6892	7185	6708	6786	7075	7058	6880	6938	7137	0	6994	7102	7156	7137	6921	7229	6921	7082	7127
AY442268	6991	6773	6964	6976	6927	6980	6779	6821	6824	6850	7041	7119	6901	6994	0	6917	6985	6953	6969	6938	6907	7001	6963
AF050493	7033	6836	7123	7300	6931	7147	6566	6792	6963	6915	6928	6886	7069	7102	6917	0	7029	7121	6787	7274	6781	7105	6993
U93322	7175	6931	7161	7070	7031	7127	6853	6940	6988	7054	6900	6973	7107	7156	6985	7029	0	6945	6961	7038	6947	7221	7280
AB249960	6953	6818	7106	7218	6925	7108	6589	6792	6873	6889	6956	6898	7052	7137	6953	7121	6945	0	6828	7291	6810	6964	6935
AY442265	7013	6832	6963	6852	6784	6892	6770	6773	6769	6938	6813	6967	6900	6921	6969	6787	6961	6828	0	6829	6871	6859	6917
AB022875	7045	6879	7198	7480	6910	7199	6581	6785	6965	6988	6941	6882	7144	7229	6938	7274	7038	7291	6829	0	6802	7142	7027
AY999887	6915	6838	6943	6817	6791	6910	6791	6769	6867	6919	6749	6903	6889	6921	6907	6781	6947	6810	6871	6802	0	6872	6885
AY189976	7144	6920	7093	7203	7254	7074	6773	6842	6916	6971	6961	7003	7039	7082	7001	7105	7221	6964	6859	7142	6872	0	7250
U93312	7153	6904	7137	7062	7068	7112	6856	6862	6946	7026	6899	6931	7083	7127	6963	6993	7280	6935	6917	7027	6885	7250	0
