JQ070300	0	6094	6682	6638	6663	6630	6821	6715
AF250285	6094	0	6275	6252	6226	6245	6052	6195
X87276	6682	6275	0	7201	7115	7240	6866	7041
Y17657	6638	6252	7201	0	7160	7222	6836	7033
HG933295	6663	6226	7115	7160	0	7154	6861	7029
HG933296	6630	6245	7240	7222	7154	0	6826	7030
AF129440	6821	6052	6866	6836	6861	6826	0	6919
AF130982	6715	6195	7041	7033	7029	7030	6919	0
