FJ847942	0	6673	6707	6657	6969	6412
AY682384	6673	0	6790	6495	6907	6480
GU289640	6707	6790	0	6575	6854	6491
KR491943	6657	6495	6575	0	6685	6182
KR919608	6969	6907	6854	6685	0	6386
JF714701	6412	6480	6491	6182	6386	0
