JF824796	0	7064	6988	6990	6922	6638
KM613132	7064	0	6862	6908	6879	6617
AB271740	6988	6862	0	7133	7015	6372
AB271738	6990	6908	7133	0	7076	6364
AJ605774	6922	6879	7015	7076	0	6304
KC904244	6638	6617	6372	6364	6304	0
