AJ582083	0	6279	6233	6247	6226	6275
AJ878875	6279	0	6658	7219	6871	6788
AY628423	6233	6658	0	6621	6494	6614
AAUW01000023	6247	7219	6621	0	6902	6734
GU322907	6226	6871	6494	6902	0	6587
LN794846	6275	6788	6614	6734	6587	0
