AJ535707	0	6770	6760	6670	6749	6445	6855	6898
AB236172	6770	0	6835	6703	6529	6518	6867	6831
AB236169	6760	6835	0	6655	6617	6433	6916	6791
DQ417335	6670	6703	6655	0	6431	6247	6633	6882
EF382666	6749	6529	6617	6431	0	6294	6571	6778
JX315532	6445	6518	6433	6247	6294	0	6434	6455
AB236170	6855	6867	6916	6633	6571	6434	0	6761
AY362040	6898	6831	6791	6882	6778	6455	6761	0
