HQ287902	0	6503	7247	6722	6826	7081	6497	6690	6618	6850	6855	6717	6620	6766	7004	6695	7093	6359	6694	6767	6229	6901	6561	6789	6586	6501	6651	6582	7076	6695	6570	6800	6680	6664	6664	6979	7045	6794	6939	6350	7257	6678	7061	6525	6840	6648	6971	6445	6900	6503	6738	7008	6479	6815	6708	6928	7110	6932
Z49722	6503	0	6543	6438	6600	6464	6382	6392	6368	6608	6526	6536	6470	6436	6554	6399	6483	6143	6589	6612	6221	6405	6272	6420	6546	6194	6439	6304	6605	6422	6370	6402	6383	6376	6554	6460	6454	6432	6495	6380	6507	6496	6668	6536	6554	6418	6499	6328	6416	6530	6461	6653	6120	6530	6390	6460	6428	6400
AE017354	7247	6543	0	6670	6889	7155	6500	6690	6639	6832	6774	6761	6644	6698	6854	6540	6975	6363	6673	6682	6216	6794	6574	6862	6573	6516	6536	6524	6918	6627	6581	6816	6718	6719	6651	6892	6902	6785	6839	6368	7183	6682	6935	6518	6761	6660	6860	6473	6802	6534	6709	6881	6455	6860	6762	6947	6955	6950
JF831047	6722	6438	6670	0	6574	6610	6553	6473	6428	6679	6592	6541	6500	6532	6658	6420	6505	6131	6557	6615	6128	6555	6370	6548	6499	6262	6481	6532	6702	6518	6380	6503	6487	6462	6598	6599	6579	6756	6629	6247	6671	6432	6696	6592	6614	6443	6928	6404	6492	6427	6430	6651	6280	6614	6501	6509	6541	6530
Z32643	6826	6600	6889	6574	0	6797	6440	6563	6551	7072	6685	6677	6631	6611	6799	6427	6865	6218	6697	6678	6237	6586	6419	6613	6531	6313	6556	6392	6786	6606	6469	6689	6525	6519	6664	6656	6707	6702	6670	6432	6809	6515	6855	6490	6666	6545	6698	6445	6685	6515	6557	7145	6281	6731	6618	6749	6779	6770
KJ796839	7081	6464	7155	6610	6797	0	6498	6661	6581	6738	6725	6675	6570	6707	6801	6520	6895	6273	6601	6679	6193	6787	6536	6789	6541	6469	6506	6474	6836	6565	6571	6764	6646	6673	6626	6850	6844	6749	6817	6295	7017	6677	6859	6503	6722	6654	6805	6507	6722	6489	6667	6789	6406	6783	6686	6889	6895	6882
Z49726	6497	6382	6500	6553	6440	6498	0	6342	6312	6471	6439	6478	6403	6401	6387	6261	6390	6052	6386	6381	6217	6300	6225	6359	6480	6180	6275	6246	6440	6241	6258	6336	6313	6303	6361	6377	6398	6562	6430	6234	6501	6367	6528	6542	6486	6386	6540	6278	6335	6418	6378	6450	6114	6419	6280	6394	6395	6378
Z49736	6690	6392	6690	6473	6563	6661	6342	0	6668	6637	6533	6514	6501	6433	6593	6352	6797	6240	6492	6443	6159	6521	6602	6597	6400	6275	6347	6321	6682	6458	6472	6692	6456	6485	6414	6679	6687	6515	6488	6205	6635	6524	6653	6381	6546	6437	6555	6300	6705	6348	6656	6590	6256	6560	6548	6605	6677	6611
Z49729	6618	6368	6639	6428	6551	6581	6312	6668	0	6559	6511	6458	6437	6369	6512	6253	6580	6200	6463	6369	6088	6485	6694	6577	6402	6310	6250	6269	6618	6378	6454	6523	6444	6501	6385	6625	6610	6507	6476	6195	6613	6507	6565	6404	6551	6448	6510	6252	6557	6333	6686	6525	6243	6490	6510	6530	6623	6578
Z32638	6850	6608	6832	6679	7072	6738	6471	6637	6559	0	6818	6718	6708	6727	6790	6502	6828	6238	6696	6745	6261	6699	6438	6659	6536	6334	6657	6516	6801	6676	6501	6679	6561	6556	6734	6764	6785	6727	6676	6437	6773	6544	6899	6491	6775	6528	6797	6454	6711	6501	6577	7149	6305	6688	6634	6675	6809	6707
AF424887	6855	6526	6774	6592	6685	6725	6439	6533	6511	6818	0	6974	6646	6843	6849	6671	6817	6185	6698	6825	6218	6675	6391	6532	6565	6285	6781	6571	6825	6672	6457	6637	6472	6472	6759	6802	6724	6706	6814	6257	6705	6528	6921	6450	6863	6410	6843	6534	6715	6561	6555	6897	6255	6906	6494	6612	6844	6568
AF122883	6717	6536	6761	6541	6677	6675	6478	6514	6458	6718	6974	0	6582	6678	6656	6471	6691	6241	6685	6662	6259	6517	6402	6540	6591	6306	6596	6442	6682	6545	6423	6608	6514	6462	6665	6614	6631	6599	6633	6298	6721	6530	6724	6468	6674	6449	6686	6494	6589	6592	6541	6722	6275	6869	6527	6645	6676	6603
Z49733	6620	6470	6644	6500	6631	6570	6403	6501	6437	6708	6646	6582	0	6641	6650	6471	6553	6044	6573	6583	6206	6472	6347	6486	6531	6139	6457	6438	6707	6526	6350	6460	6379	6360	6556	6545	6546	6646	6562	6363	6589	6484	6769	6425	6847	6356	6580	6446	6457	6420	6412	6702	6210	6590	6436	6461	6555	6479
EU701006	6766	6436	6698	6532	6611	6707	6401	6433	6369	6727	6843	6678	6641	0	6690	6552	6640	6119	6568	6755	6220	6543	6286	6478	6541	6203	6613	6601	6733	6574	6379	6514	6379	6374	6675	6670	6646	6689	6821	6270	6659	6493	6851	6364	6793	6351	6757	6743	6564	6556	6440	6750	6162	6637	6440	6545	6687	6527
JF779686	7004	6554	6854	6658	6799	6801	6387	6593	6512	6790	6849	6656	6650	6690	0	6574	7007	6199	6869	6837	6226	6797	6422	6680	6579	6342	6709	6531	7155	7052	6477	6742	6571	6511	6779	6836	6815	6712	6858	6426	6756	6510	7044	6501	6867	6502	6973	6440	6822	6487	6507	6982	6281	6825	6622	6743	6979	6737
Z32640	6695	6399	6540	6420	6427	6520	6261	6352	6253	6502	6671	6471	6471	6552	6574	0	6581	6009	6398	6611	6101	6590	6171	6349	6404	6076	6597	6396	6660	6377	6254	6468	6282	6279	6458	6588	6610	6555	6660	6218	6524	6397	6706	6306	6598	6273	6586	6338	6566	6474	6306	6651	6070	6517	6306	6380	6588	6367
LN899829	7093	6483	6975	6505	6865	6895	6390	6797	6580	6828	6817	6691	6553	6640	7007	6581	0	6475	6670	6680	6201	6881	6530	6787	6543	6484	6646	6520	7004	6717	6647	7089	6715	6659	6614	7031	6973	6665	6819	6358	6831	6667	6963	6427	6790	6646	6776	6395	7215	6449	6662	7081	6417	6773	6813	6820	7132	6913
X97366	6359	6143	6363	6131	6218	6273	6052	6240	6200	6238	6185	6241	6044	6119	6199	6009	6475	0	6195	6066	5976	6371	6200	6361	6182	6453	6004	5974	6196	6096	6311	6457	6363	6345	6029	6391	6357	6120	6149	5955	6354	6328	6287	6089	6147	6321	6176	5990	6461	6092	6334	6237	6091	6190	6349	6332	6370	6339
X97355	6694	6589	6673	6557	6697	6601	6386	6492	6463	6696	6698	6685	6573	6568	6869	6398	6670	6195	0	6778	6149	6528	6353	6564	6540	6267	6499	6369	6799	6736	6453	6674	6453	6415	6773	6615	6585	6644	6573	6347	6688	6490	6832	6533	6691	6445	6754	6444	6641	6500	6515	6730	6246	6663	6557	6597	6721	6606
AF227161	6767	6612	6682	6615	6678	6679	6381	6443	6369	6745	6825	6662	6583	6755	6837	6611	6680	6066	6778	0	6098	6588	6260	6500	6548	6159	6741	6580	6870	6702	6343	6559	6370	6325	7128	6688	6650	6704	6760	6294	6625	6463	6899	6498	6859	6439	6828	6531	6616	6566	6370	6883	6133	6667	6487	6576	6701	6480
Z49727	6229	6221	6216	6128	6237	6193	6217	6159	6088	6261	6218	6259	6206	6220	6226	6101	6201	5976	6149	6098	0	6114	5983	6134	6226	6052	6070	5991	6204	6094	6147	6134	6179	6140	6120	6192	6243	6190	6127	6036	6224	6194	6220	6109	6212	6121	6190	6145	6145	6199	6133	6247	5927	6231	6126	6156	6197	6194
Z32644	6901	6405	6794	6555	6586	6787	6300	6521	6485	6699	6675	6517	6472	6543	6797	6590	6881	6371	6528	6588	6114	0	6453	6865	6423	6544	6511	6478	6707	6590	6584	6763	6737	6693	6502	6943	6853	6588	6654	6223	6730	6620	6775	6413	6716	6656	6741	6375	6837	6324	6510	6808	6436	6541	6766	6652	6860	6756
Z49732	6561	6272	6574	6370	6419	6536	6225	6602	6694	6438	6391	6402	6347	6286	6422	6171	6530	6200	6353	6260	5983	6453	0	6479	6279	6282	6127	6261	6557	6279	6400	6472	6441	6472	6267	6555	6496	6379	6388	6119	6556	6405	6472	6379	6457	6424	6438	6186	6497	6272	6683	6403	6263	6392	6496	6536	6588	6487
Z49737	6789	6420	6862	6548	6613	6789	6359	6597	6577	6659	6532	6540	6486	6478	6680	6349	6787	6361	6564	6500	6134	6865	6479	0	6481	6603	6340	6396	6618	6573	6602	6743	6764	6763	6488	6884	6846	6611	6550	6300	6764	6673	6700	6389	6656	6697	6652	6360	6710	6351	6568	6640	6521	6533	6855	6720	6714	6890
Z49716	6586	6546	6573	6499	6531	6541	6480	6400	6402	6536	6565	6591	6531	6541	6579	6404	6543	6182	6540	6548	6226	6423	6279	6481	0	6300	6505	6410	6632	6471	6450	6520	6469	6399	6531	6541	6579	6559	6620	6359	6590	6561	6620	6567	6670	6514	6577	6400	6496	6572	6495	6539	6191	6536	6453	6547	6512	6483
HQ398202	6501	6194	6516	6262	6313	6469	6180	6275	6310	6334	6285	6306	6139	6203	6342	6076	6484	6453	6267	6159	6052	6544	6282	6603	6300	0	6080	6109	6309	6255	6481	6442	6592	6562	6140	6599	6531	6267	6267	6048	6496	6516	6362	6191	6275	6481	6332	6069	6426	6170	6417	6332	6316	6250	6575	6486	6452	6568
AB899895	6651	6439	6536	6481	6556	6506	6275	6347	6250	6657	6781	6596	6457	6613	6709	6597	6646	6004	6499	6741	6070	6511	6127	6340	6505	6080	0	6453	6683	6536	6197	6464	6284	6229	6604	6535	6578	6500	6701	6251	6484	6310	6726	6344	6614	6254	6644	6327	6572	6445	6254	6802	6057	6617	6340	6402	6624	6398
AB233210	6582	6304	6524	6532	6392	6474	6246	6321	6269	6516	6571	6442	6438	6601	6531	6396	6520	5974	6369	6580	5991	6478	6261	6396	6410	6109	6453	0	6589	6439	6248	6383	6359	6329	6502	6577	6522	6504	6943	6195	6456	6332	6629	6334	6700	6314	6594	6442	6430	6405	6261	6559	6218	6453	6429	6379	6526	6377
JF779685	7076	6605	6918	6702	6786	6836	6440	6682	6618	6801	6825	6682	6707	6733	7155	6660	7004	6196	6799	6870	6204	6707	6557	6618	6632	6309	6683	6589	0	6795	6455	6699	6539	6517	6777	6836	6857	6788	6918	6381	6824	6513	7083	6540	6969	6462	6973	6412	6789	6509	6628	6972	6298	6812	6577	6741	6992	6732
X73395	6695	6422	6627	6518	6606	6565	6241	6458	6378	6676	6672	6545	6526	6574	7052	6377	6717	6096	6736	6702	6094	6590	6279	6573	6471	6255	6536	6439	6795	0	6333	6652	6456	6411	6665	6652	6686	6573	6627	6319	6579	6420	6802	6376	6719	6402	6764	6305	6652	6398	6360	6758	6206	6591	6583	6570	6708	6622
Z49734	6570	6370	6581	6380	6469	6571	6258	6472	6454	6501	6457	6423	6350	6379	6477	6254	6647	6311	6453	6343	6147	6584	6400	6602	6450	6481	6197	6248	6455	6333	0	6543	6637	6638	6362	6876	6601	6390	6394	6204	6565	6808	6492	6332	6420	6611	6455	6304	6536	6298	6522	6478	6325	6442	6643	6566	6555	6591
X97359	6800	6402	6816	6503	6689	6764	6336	6692	6523	6679	6637	6608	6460	6514	6742	6468	7089	6457	6674	6559	6134	6763	6472	6743	6520	6442	6464	6383	6699	6652	6543	0	6645	6639	6531	6794	6817	6635	6611	6278	6740	6565	6703	6372	6654	6607	6652	6363	7180	6397	6602	6732	6371	6634	6761	6805	6968	6782
Z49731	6680	6383	6718	6487	6525	6646	6313	6456	6444	6561	6472	6514	6379	6379	6571	6282	6715	6363	6453	6370	6179	6737	6441	6764	6469	6592	6284	6359	6539	6456	6637	6645	0	6826	6364	6792	6758	6451	6420	6247	6675	6657	6559	6385	6477	6680	6537	6280	6581	6322	6527	6550	6520	6478	6831	6685	6669	6793
Z32635	6664	6376	6719	6462	6519	6673	6303	6485	6501	6556	6472	6462	6360	6374	6511	6279	6659	6345	6415	6325	6140	6693	6472	6763	6399	6562	6229	6329	6517	6411	6638	6639	6826	0	6319	6786	6747	6455	6440	6217	6659	6637	6558	6394	6472	6660	6512	6290	6576	6286	6584	6519	6497	6430	6845	6656	6658	6795
AF227162	6664	6554	6651	6598	6664	6626	6361	6414	6385	6734	6759	6665	6556	6675	6779	6458	6614	6029	6773	7128	6120	6502	6267	6488	6531	6140	6604	6502	6777	6665	6362	6531	6364	6319	0	6611	6575	6665	6650	6316	6587	6409	6796	6486	6794	6405	6748	6510	6551	6552	6370	6785	6114	6655	6464	6535	6628	6471
AY444740	6979	6460	6892	6599	6656	6850	6377	6679	6625	6764	6802	6614	6545	6670	6836	6588	7031	6391	6615	6688	6192	6943	6555	6884	6541	6599	6535	6577	6836	6652	6876	6794	6792	6786	6611	0	6968	6696	6776	6313	6804	6907	6880	6435	6820	6743	6840	6418	6872	6412	6703	6830	6502	6645	6859	6773	6947	6844
Z49738	7045	6454	6902	6579	6707	6844	6398	6687	6610	6785	6724	6631	6546	6646	6815	6610	6973	6357	6585	6650	6243	6853	6496	6846	6579	6531	6578	6522	6857	6686	6601	6817	6758	6747	6575	6968	0	6653	6757	6352	6895	6703	6884	6432	6732	6696	6802	6405	6867	6424	6641	6850	6538	6668	6810	6812	6958	6946
Z32667	6794	6432	6785	6756	6702	6749	6562	6515	6507	6727	6706	6599	6646	6689	6712	6555	6665	6120	6644	6704	6190	6588	6379	6611	6559	6267	6500	6504	6788	6573	6390	6635	6451	6455	6665	6696	6653	0	6770	6358	6742	6524	6878	6521	6820	6406	6868	6467	6632	6537	6565	6772	6197	6674	6502	6598	6691	6623
AB233209	6939	6495	6839	6629	6670	6817	6430	6488	6476	6676	6814	6633	6562	6821	6858	6660	6819	6149	6573	6760	6127	6654	6388	6550	6620	6267	6701	6943	6918	6627	6394	6611	6420	6440	6650	6776	6757	6770	0	6374	6739	6527	6975	6508	6868	6403	6871	6582	6721	6609	6533	6803	6242	6778	6481	6645	6772	6637
Z49723	6350	6380	6368	6247	6432	6295	6234	6205	6195	6437	6257	6298	6363	6270	6426	6218	6358	5955	6347	6294	6036	6223	6119	6300	6359	6048	6251	6195	6381	6319	6204	6278	6247	6217	6316	6313	6352	6358	6374	0	6354	6278	6432	6308	6368	6263	6305	6131	6320	6316	6256	6431	6022	6252	6265	6325	6262	6329
AF122885	7257	6507	7183	6671	6809	7017	6501	6635	6613	6773	6705	6721	6589	6659	6756	6524	6831	6354	6688	6625	6224	6730	6556	6764	6590	6496	6484	6456	6824	6579	6565	6740	6675	6659	6587	6804	6895	6742	6739	6354	0	6682	6865	6529	6692	6652	6820	6439	6710	6507	6733	6795	6474	6753	6703	6941	6906	6921
Z49721	6678	6496	6682	6432	6515	6677	6367	6524	6507	6544	6528	6530	6484	6493	6510	6397	6667	6328	6490	6463	6194	6620	6405	6673	6561	6516	6310	6332	6513	6420	6808	6565	6657	6637	6409	6907	6703	6524	6527	6278	6682	0	6586	6439	6544	6706	6523	6359	6572	6419	6606	6534	6351	6497	6664	6624	6578	6655
AM747393	7061	6668	6935	6696	6855	6859	6528	6653	6565	6899	6921	6724	6769	6851	7044	6706	6963	6287	6832	6899	6220	6775	6472	6700	6620	6362	6726	6629	7083	6802	6492	6703	6559	6558	6796	6880	6884	6878	6975	6432	6865	6586	0	6571	7019	6530	6952	6515	6820	6589	6628	7048	6337	6843	6647	6797	6935	6770
Z49728	6525	6536	6518	6592	6490	6503	6542	6381	6404	6491	6450	6468	6425	6364	6501	6306	6427	6089	6533	6498	6109	6413	6379	6389	6567	6191	6344	6334	6540	6376	6332	6372	6385	6394	6486	6435	6432	6521	6508	6308	6529	6439	6571	0	6537	6466	6559	6317	6371	6483	6479	6485	6162	6434	6375	6405	6392	6376
Z49717	6840	6554	6761	6614	6666	6722	6486	6546	6551	6775	6863	6674	6847	6793	6867	6598	6790	6147	6691	6859	6212	6716	6457	6656	6670	6275	6614	6700	6969	6719	6420	6654	6477	6472	6794	6820	6732	6820	6868	6368	6692	6544	7019	6537	0	6481	6850	6539	6746	6587	6571	6842	6273	6638	6581	6620	6793	6605
Z49725	6648	6418	6660	6443	6545	6654	6386	6437	6448	6528	6410	6449	6356	6351	6502	6273	6646	6321	6445	6439	6121	6656	6424	6697	6514	6481	6254	6314	6462	6402	6611	6607	6680	6660	6405	6743	6696	6406	6403	6263	6652	6706	6530	6466	6481	0	6465	6280	6557	6343	6535	6551	6405	6400	6730	6646	6590	6645
Z32636	6971	6499	6860	6928	6698	6805	6540	6555	6510	6797	6843	6686	6580	6757	6973	6586	6776	6176	6754	6828	6190	6741	6438	6652	6577	6332	6644	6594	6973	6764	6455	6652	6537	6512	6748	6840	6802	6868	6871	6305	6820	6523	6952	6559	6850	6465	0	6480	6707	6505	6582	6866	6277	6809	6584	6663	6840	6717
Z32642	6445	6328	6473	6404	6445	6507	6278	6300	6252	6454	6534	6494	6446	6743	6440	6338	6395	5990	6444	6531	6145	6375	6186	6360	6400	6069	6327	6442	6412	6305	6304	6363	6280	6290	6510	6418	6405	6467	6582	6131	6439	6359	6515	6317	6539	6280	6480	0	6364	6438	6265	6462	6094	6485	6381	6369	6441	6355
X97364	6900	6416	6802	6492	6685	6722	6335	6705	6557	6711	6715	6589	6457	6564	6822	6566	7215	6461	6641	6616	6145	6837	6497	6710	6496	6426	6572	6430	6789	6652	6536	7180	6581	6576	6551	6872	6867	6632	6721	6320	6710	6572	6820	6371	6746	6557	6707	6364	0	6423	6595	6851	6335	6597	6711	6728	7040	6750
Z49730	6503	6530	6534	6427	6515	6489	6418	6348	6333	6501	6561	6592	6420	6556	6487	6474	6449	6092	6500	6566	6199	6324	6272	6351	6572	6170	6445	6405	6509	6398	6298	6397	6322	6286	6552	6412	6424	6537	6609	6316	6507	6419	6589	6483	6587	6343	6505	6438	6423	0	6403	6527	6112	6497	6342	6461	6422	6394
Z49739	6738	6461	6709	6430	6557	6667	6378	6656	6686	6577	6555	6541	6412	6440	6507	6306	6662	6334	6515	6370	6133	6510	6683	6568	6495	6417	6254	6261	6628	6360	6522	6602	6527	6584	6370	6703	6641	6565	6533	6256	6733	6606	6628	6479	6571	6535	6582	6265	6595	6403	0	6532	6276	6511	6536	6658	6713	6601
DQ667196	7008	6653	6881	6651	7145	6789	6450	6590	6525	7149	6897	6722	6702	6750	6982	6651	7081	6237	6730	6883	6247	6808	6403	6640	6539	6332	6802	6559	6972	6758	6478	6732	6550	6519	6785	6830	6850	6772	6803	6431	6795	6534	7048	6485	6842	6551	6866	6462	6851	6527	6532	0	6283	6775	6619	6714	6952	6721
Z49720	6479	6120	6455	6280	6281	6406	6114	6256	6243	6305	6255	6275	6210	6162	6281	6070	6417	6091	6246	6133	5927	6436	6263	6521	6191	6316	6057	6218	6298	6206	6325	6371	6520	6497	6114	6502	6538	6197	6242	6022	6474	6351	6337	6162	6273	6405	6277	6094	6335	6112	6276	6283	0	6220	6542	6436	6408	6567
AF122884	6815	6530	6860	6614	6731	6783	6419	6560	6490	6688	6906	6869	6590	6637	6825	6517	6773	6190	6663	6667	6231	6541	6392	6533	6536	6250	6617	6453	6812	6591	6442	6634	6478	6430	6655	6645	6668	6674	6778	6252	6753	6497	6843	6434	6638	6400	6809	6485	6597	6497	6511	6775	6220	0	6498	6676	6733	6651
Z32637	6708	6390	6762	6501	6618	6686	6280	6548	6510	6634	6494	6527	6436	6440	6622	6306	6813	6349	6557	6487	6126	6766	6496	6855	6453	6575	6340	6429	6577	6583	6643	6761	6831	6845	6464	6859	6810	6502	6481	6265	6703	6664	6647	6375	6581	6730	6584	6381	6711	6342	6536	6619	6542	6498	0	6722	6727	6881
AF122886	6928	6460	6947	6509	6749	6889	6394	6605	6530	6675	6612	6645	6461	6545	6743	6380	6820	6332	6597	6576	6156	6652	6536	6720	6547	6486	6402	6379	6741	6570	6566	6805	6685	6656	6535	6773	6812	6598	6645	6325	6941	6624	6797	6405	6620	6646	6663	6369	6728	6461	6658	6714	6436	6676	6722	0	6839	6858
X97363	7110	6428	6955	6541	6779	6895	6395	6677	6623	6809	6844	6676	6555	6687	6979	6588	7132	6370	6721	6701	6197	6860	6588	6714	6512	6452	6624	6526	6992	6708	6555	6968	6669	6658	6628	6947	6958	6691	6772	6262	6906	6578	6935	6392	6793	6590	6840	6441	7040	6422	6713	6952	6408	6733	6727	6839	0	6847
Z32639	6932	6400	6950	6530	6770	6882	6378	6611	6578	6707	6568	6603	6479	6527	6737	6367	6913	6339	6606	6480	6194	6756	6487	6890	6483	6568	6398	6377	6732	6622	6591	6782	6793	6795	6471	6844	6946	6623	6637	6329	6921	6655	6770	6376	6605	6645	6717	6355	6750	6394	6601	6721	6567	6651	6881	6858	6847	0
