AY029806	0	6939	6966	6902	6035	6741	6226
AY029803	6939	0	6873	7035	5838	6681	6283
AY029802	6966	6873	0	6801	5878	6660	6174
CP001685	6902	7035	6801	0	5807	6604	6406
EU919515	6035	5838	5878	5807	0	6030	5351
AF206305	6741	6681	6660	6604	6030	0	6056
AY029807	6226	6283	6174	6406	5351	6056	0
