AB279549	0	5606	6510	5610	6158	6484	5605	6552	6152	5623	5653	6507	6517	5616	6231	6462	6136	6479	6362	6060	5618	6478
AY631888	5606	0	6089	6754	5965	6069	7064	6070	5972	7065	6857	6108	6083	7070	5799	6074	5476	6076	5921	5657	7088	5554
AY887899	6510	6089	0	5851	6628	7101	6079	7021	6635	6099	6096	7074	7066	6095	6501	7055	6123	7089	6869	6297	6101	6502
AY631882	5610	6754	5851	0	5735	5840	6752	5841	5742	6745	6545	5870	5844	6763	5767	5844	5491	5846	5734	5618	6759	5558
AY631885	6158	5965	6628	5735	0	6610	5952	6628	7121	5982	6010	6640	6632	5963	6622	6597	6334	6614	6445	6470	5977	6074
AY631877	6484	6069	7101	5840	6610	0	6068	7012	6608	6077	6086	7047	7057	6075	6456	7037	6089	7053	6842	6271	6081	6484
AY631878	5605	7064	6079	6752	5952	6068	0	6060	5959	7046	6833	6098	6081	7069	5789	6072	5482	6066	5911	5649	7069	5553
AY631881	6552	6070	7021	5841	6628	7012	6060	0	6613	6079	6081	7047	7039	6076	6488	6982	6093	7007	6842	6284	6082	6441
AY796065	6152	5972	6635	5742	7121	6608	5959	6613	0	5989	6022	6626	6618	5970	6656	6608	6334	6612	6431	6470	5984	6080
AY631897	5623	7065	6099	6745	5982	6077	7046	6079	5989	0	6840	6116	6096	7070	5824	6089	5494	6084	5929	5675	7079	5578
AB721966	5653	6857	6096	6545	6010	6086	6833	6081	6022	6840	0	6174	6094	6836	5837	6111	5470	6079	5917	5661	6844	5556
AY631895	6507	6108	7074	5870	6640	7047	6098	7047	6626	6116	6174	0	7093	6114	6510	7017	6129	7051	6950	6303	6120	6449
AY631886	6517	6083	7066	5844	6632	7057	6081	7039	6618	6096	6094	7093	0	6088	6475	7036	6124	7025	6892	6306	6094	6459
AY631879	5616	7070	6095	6763	5963	6075	7069	6076	5970	7070	6836	6114	6088	0	5809	6079	5511	6082	5927	5660	7084	5564
Z21634	6231	5799	6501	5767	6622	6456	5789	6488	6656	5824	5837	6510	6475	5809	0	6474	6193	6487	6393	6318	5811	6177
AY631883	6462	6074	7055	5844	6597	7037	6072	6982	6608	6089	6111	7017	7036	6079	6474	0	6087	7007	6821	6269	6085	6446
EF025496	6136	5476	6123	5491	6334	6089	5482	6093	6334	5494	5470	6129	6124	5511	6193	6087	0	6099	5990	6307	5489	6090
AY631880	6479	6076	7089	5846	6614	7053	6066	7007	6612	6084	6079	7051	7025	6082	6487	7007	6099	0	6855	6282	6088	6479
Z12817	6362	5921	6869	5734	6445	6842	5911	6842	6431	5929	5917	6950	6892	5927	6393	6821	5990	6855	0	6293	5933	6334
EF612284	6060	5657	6297	5618	6470	6271	5649	6284	6470	5675	5661	6303	6306	5660	6318	6269	6307	6282	6293	0	5670	6027
AY631876	5618	7088	6101	6759	5977	6081	7069	6082	5984	7079	6844	6120	6094	7084	5811	6085	5489	6088	5933	5670	0	5566
KJ847187	6478	5554	6502	5558	6074	6484	5553	6441	6080	5578	5556	6449	6459	5564	6177	6446	6090	6479	6334	6027	5566	0
