AM040493	0	6617	7333	7318	6666	7321	7073	6976	7086	7147	7382	6908	6804	7113	7067	7109	7255	6959	6863
FN597581	6617	0	6655	6566	6507	6710	6581	6595	6602	6799	6571	6608	6531	6568	6690	6578	6702	6649	6865
AM072819	7333	6655	0	7247	6655	7398	6996	6970	7116	7215	7308	6906	6850	7123	7060	7136	7354	6933	6942
AM072820	7318	6566	7247	0	6690	7268	7232	7049	7138	7104	7330	6958	6845	7080	7047	7088	7184	6891	6835
KJ461711	6666	6507	6655	6690	0	6588	6702	6685	6752	6645	6656	6677	6709	6631	6655	6597	6574	6679	6644
AJ781046	7321	6710	7398	7268	6588	0	6995	7011	7076	7264	7328	6917	6824	7090	7087	7096	7470	6936	6997
GU390657	7073	6581	6996	7232	6702	6995	0	7010	6970	6930	7047	6944	6812	6964	6926	6986	6951	6894	6850
EU346911	6976	6595	6970	7049	6685	7011	7010	0	6993	6978	7039	6939	6812	6988	6901	7014	6961	6862	6880
JX669524	7086	6602	7116	7138	6752	7076	6970	6993	0	7112	7127	6894	6924	7030	7122	7034	7067	6876	6873
AB514037	7147	6799	7215	7104	6645	7264	6930	6978	7112	0	7142	6902	6838	7020	7161	7026	7232	6883	7097
AJ781047	7382	6571	7308	7330	6656	7328	7047	7039	7127	7142	0	6883	6876	7301	7033	7254	7261	7002	6858
GQ504012	6908	6608	6906	6958	6677	6917	6944	6939	6894	6902	6883	0	6839	6842	6871	6833	6903	6729	6790
KT359554	6804	6531	6850	6845	6709	6824	6812	6812	6924	6838	6876	6839	0	6812	6831	6808	6816	6696	6719
AB012594	7113	6568	7123	7080	6631	7090	6964	6988	7030	7020	7301	6842	6812	0	6925	7223	7054	6914	6850
AM940158	7067	6690	7060	7047	6655	7087	6926	6901	7122	7161	7033	6871	6831	6925	0	6915	7073	6774	6955
D45063	7109	6578	7136	7088	6597	7096	6986	7014	7034	7026	7254	6833	6808	7223	6915	0	7069	6933	6865
DQ845457	7255	6702	7354	7184	6574	7470	6951	6961	7067	7232	7261	6903	6816	7054	7073	7069	0	6934	6963
GQ246672	6959	6649	6933	6891	6679	6936	6894	6862	6876	6883	7002	6729	6696	6914	6774	6933	6934	0	6857
GQ352403	6863	6865	6942	6835	6644	6997	6850	6880	6873	7097	6858	6790	6719	6850	6955	6865	6963	6857	0
