EF554367	0	6177	5840	5870	6381	6280	6388	6423	6559
AF039295	6177	0	5783	5824	6083	6081	6286	6030	6135
AF039294	5840	5783	0	6014	5878	5853	5804	5854	5830
AF039292	5870	5824	6014	0	5805	5762	5704	5749	5711
KJ573521	6381	6083	5878	5805	0	6795	6296	6843	6350
AB301495	6280	6081	5853	5762	6795	0	6311	6740	6382
AM286229	6388	6286	5804	5704	6296	6311	0	6293	6401
KX084062	6423	6030	5854	5749	6843	6740	6293	0	6498
AB301494	6559	6135	5830	5711	6350	6382	6401	6498	0
