AB518880	0	6763	6790	7026	6644	6624	6581
KJ410763	6763	0	6787	6911	6716	6574	6607
JX644172	6790	6787	0	6938	6742	6438	6772
AB518881	7026	6911	6938	0	6682	6594	6619
JN021667	6644	6716	6742	6682	0	6538	6672
KJ729031	6624	6574	6438	6594	6538	0	6338
EU342372	6581	6607	6772	6619	6672	6338	0
