KM888877	0	6534	6693	6400	6452	6551	6566	6636	6517	6698	6487	6489	6600	6809	6417	6651	6716	6700
DQ846687	6534	0	6763	6772	7037	6692	6824	6962	6894	6668	6937	6665	6921	6867	6618	7023	6847	7009
KP208749	6693	6763	0	6668	6865	6533	6882	7080	6918	6723	6905	6615	6659	6844	6700	6923	6875	6930
KC169811	6400	6772	6668	0	6649	6489	6553	6796	6677	6424	6762	6512	6474	6626	6525	6901	6650	6735
KP076295	6452	7037	6865	6649	0	6788	7005	7023	7278	6553	7278	6683	6598	6775	6592	7026	6854	6966
HQ874629	6551	6692	6533	6489	6788	0	6608	6713	6776	6601	6721	6807	6496	6729	6549	6773	6693	6825
GU199001	6566	6824	6882	6553	7005	6608	0	6898	7155	6687	7053	6689	6642	6849	6575	6876	6984	6941
FJ948107	6636	6962	7080	6796	7023	6713	6898	0	6992	6733	7096	6679	6582	6867	6859	7036	6819	6957
KP684142	6517	6894	6918	6677	7278	6776	7155	6992	0	6588	7329	6702	6599	6818	6579	7031	6933	6999
EF660758	6698	6668	6723	6424	6553	6601	6687	6733	6588	0	6565	6602	6723	6836	6585	6720	6743	6766
AJ012228	6487	6937	6905	6762	7278	6721	7053	7096	7329	6565	0	6629	6574	6760	6557	6994	6871	6961
AB704915	6489	6665	6615	6512	6683	6807	6689	6679	6702	6602	6629	0	6495	6744	6549	6716	6692	6763
EU295459	6600	6921	6659	6474	6598	6496	6642	6582	6599	6723	6574	6495	0	6769	6490	6789	6721	6768
KJ769177	6809	6867	6844	6626	6775	6729	6849	6867	6818	6836	6760	6744	6769	0	6700	6938	6997	6958
LN879436	6417	6618	6700	6525	6592	6549	6575	6859	6579	6585	6557	6549	6490	6700	0	6682	6540	6602
JX658136	6651	7023	6923	6901	7026	6773	6876	7036	7031	6720	6994	6716	6789	6938	6682	0	7007	7104
KC986351	6716	6847	6875	6650	6854	6693	6984	6819	6933	6743	6871	6692	6721	6997	6540	7007	0	6938
EF626688	6700	7009	6930	6735	6966	6825	6941	6957	6999	6766	6961	6763	6768	6958	6602	7104	6938	0
