FJ598048	0	6489	6747	6444	6690	6758	6911	6751	6733	6776
KX668183	6489	0	6567	6200	6410	6379	6531	6476	6466	6565
GU166749	6747	6567	0	6401	6867	6774	6926	6743	6801	6861
HM031972	6444	6200	6401	0	6531	6575	6540	6498	6527	6467
KP704270	6690	6410	6867	6531	0	6909	6928	6756	7084	6863
JN864028	6758	6379	6774	6575	6909	0	6950	6806	7011	6830
KX279953	6911	6531	6926	6540	6928	6950	0	6875	6925	6952
HM234096	6751	6476	6743	6498	6756	6806	6875	0	6778	6927
JQ241142	6733	6466	6801	6527	7084	7011	6925	6778	0	6935
AY962293	6776	6565	6861	6467	6863	6830	6952	6927	6935	0
