LC042212	0	7181	7218	7157	7193	7196	7168	7214	7021	7213
LC042201	7181	0	7192	7277	7143	7268	7146	7189	7063	7218
LC042207	7218	7192	0	7216	7220	7215	7163	7249	7009	7206
LC042208	7157	7277	7216	0	7185	7202	7116	7237	7009	7199
LC042210	7193	7143	7220	7185	0	7139	7148	7336	6981	7214
LC042200	7196	7268	7215	7202	7139	0	7150	7161	7159	7247
LC042204	7168	7146	7163	7116	7148	7150	0	7174	6956	7094
AB639012	7214	7189	7249	7237	7336	7161	7174	0	7003	7184
LC042209	7021	7063	7009	7009	6981	7159	6956	7003	0	7072
LC042202	7213	7218	7206	7199	7214	7247	7094	7184	7072	0
