JN860068	0	6872	6209	6928	6961	6707	6672	7110	6497	6425	6694	6718	7078	6827	6875	6471	6915	6544	6596	6533	6694	7080	6618	6661	6636
AB199591	6872	0	6244	7224	7062	6881	6922	7111	6648	6532	6757	6923	6956	6763	6806	6569	6925	6626	6764	6731	6798	6869	6862	6766	6852
KX258757	6209	6244	0	6302	6336	6249	6266	6333	5866	6271	6217	6313	6331	6339	6308	6376	6255	6268	6165	6197	6223	6269	6207	6275	6303
AJ628749	6928	7224	6302	0	7249	7022	7066	7333	6702	6616	6914	7086	7033	6854	6998	6643	7099	6683	6916	6825	6959	6902	6987	6828	7017
AB558495	6961	7062	6336	7249	0	6978	6965	7216	6603	6618	6932	6966	7074	6864	7041	6639	7008	6671	6866	6803	6921	6950	6922	6827	6938
JX217747	6707	6881	6249	7022	6978	0	7237	7028	6372	6647	7069	7098	6813	6751	6772	6451	6878	6960	7044	6996	7071	6697	7120	6952	7036
KP334990	6672	6922	6266	7066	6965	7237	0	7058	6380	6679	7040	7180	6786	6729	6765	6428	6878	6805	7016	7003	7048	6668	7206	6926	7116
AJ310084	7110	7111	6333	7333	7216	7028	7058	0	6600	6546	6928	7107	7203	6967	7111	6587	7177	6662	6848	6773	6946	7088	6999	6774	7001
EU043375	6497	6648	5866	6702	6603	6372	6380	6600	0	6112	6308	6418	6490	6351	6364	6150	6504	6189	6282	6264	6344	6478	6305	6335	6327
HG937791	6425	6532	6271	6616	6618	6647	6679	6546	6112	0	6667	6686	6550	6526	6557	6437	6516	6629	6590	6540	6667	6462	6552	6680	6915
AB547124	6694	6757	6217	6914	6932	7069	7040	6928	6308	6667	0	6913	6813	6702	6754	6421	6817	6774	6979	6882	7268	6687	6958	6877	6978
AF526913	6718	6923	6313	7086	6966	7098	7180	7107	6418	6686	6913	0	6803	6745	6764	6468	6938	6743	6919	6866	6938	6698	7096	6813	7148
JF731238	7078	6956	6331	7033	7074	6813	6786	7203	6490	6550	6813	6803	0	6946	6987	6605	7003	6671	6710	6675	6809	7075	6726	6791	6746
KC254732	6827	6763	6339	6854	6864	6751	6729	6967	6351	6526	6702	6745	6946	0	6832	6541	6970	6634	6582	6559	6704	6865	6602	6709	6720
AJ310083	6875	6806	6308	6998	7041	6772	6765	7111	6364	6557	6754	6764	6987	6832	0	6572	6948	6590	6648	6595	6745	6882	6711	6655	6706
FJ477040	6471	6569	6376	6643	6639	6451	6428	6587	6150	6437	6421	6468	6605	6541	6572	0	6548	6468	6367	6366	6430	6525	6410	6464	6421
AB300598	6915	6925	6255	7099	7008	6878	6878	7177	6504	6516	6817	6938	7003	6970	6948	6548	0	6610	6779	6706	6862	6905	6780	6681	6862
FJ169465	6544	6626	6268	6683	6671	6960	6805	6662	6189	6629	6774	6743	6671	6634	6590	6468	6610	0	6756	6670	6782	6595	6680	6883	6657
AY677116	6596	6764	6165	6916	6866	7044	7016	6848	6282	6590	6979	6919	6710	6582	6648	6367	6779	6756	0	7003	7017	6603	7028	6871	6925
FN179488	6533	6731	6197	6825	6803	6996	7003	6773	6264	6540	6882	6866	6675	6559	6595	6366	6706	6670	7003	0	6915	6553	7176	6794	6817
KF771256	6694	6798	6223	6959	6921	7071	7048	6946	6344	6667	7268	6938	6809	6704	6745	6430	6862	6782	7017	6915	0	6686	6966	6901	7005
JQ754706	7080	6869	6269	6902	6950	6697	6668	7088	6478	6462	6687	6698	7075	6865	6882	6525	6905	6595	6603	6553	6686	0	6609	6684	6624
JX993821	6618	6862	6207	6987	6922	7120	7206	6999	6305	6552	6958	7096	6726	6602	6711	6410	6780	6680	7028	7176	6966	6609	0	6808	6967
KF443809	6661	6766	6275	6828	6827	6952	6926	6774	6335	6680	6877	6813	6791	6709	6655	6464	6681	6883	6871	6794	6901	6684	6808	0	6785
HE577173	6636	6852	6303	7017	6938	7036	7116	7001	6327	6915	6978	7148	6746	6720	6706	6421	6862	6657	6925	6817	7005	6624	6967	6785	0
