AB161359	0	6675	6597	6905	6128	6588	6649	6713	6680	6746	6776	6569	7009	6873	7015	6832	6856	6823	6819	6707	6904	6425	6666	6743	6974	6536	6972	6640	6809	6712	6699	6989	6729	6922	6923	7013	6801	6775	7130	6689	6931	6542	6526	6843	6749
KR698371	6675	0	6411	6719	6029	6599	7039	6714	6480	6797	6717	6713	6718	6772	6706	6734	6781	6761	6784	6719	6620	6886	6748	6824	6745	6636	6652	6500	6677	6688	6793	6776	6645	6734	6735	6688	6780	6633	6775	6483	6722	6538	6592	6689	6684
EU237492	6597	6411	0	6868	5971	6556	6614	6725	6316	6641	6717	6509	6716	6858	6556	6611	6819	6727	6763	6629	6586	6359	6700	6611	6773	6491	6671	7017	6603	6789	6597	6538	6751	6724	6901	6697	6770	6714	6616	6486	6809	6619	6491	6840	6801
AJ298291	6905	6719	6868	0	6261	6786	6888	6790	6494	6947	6921	6788	7016	7219	6877	6964	7196	6861	7070	6975	6817	6502	6919	7013	7171	6784	6933	6808	6808	6997	6929	6795	6866	7113	7423	6989	6913	6900	7068	6573	7195	6910	6731	6999	7033
JQ806748	6128	6029	5971	6261	0	6026	6093	6156	5912	6172	5959	6129	6271	6287	6114	6166	6448	6193	6386	6134	5888	5834	6008	6125	6233	6096	6218	6106	6145	6120	6183	6106	6068	6209	6260	6219	6135	6063	6103	5955	6209	6228	6042	6052	6086
EU376963	6588	6599	6556	6786	6026	0	6626	6575	6442	6859	6629	6845	6669	6734	6585	6609	6657	6648	6726	6955	6422	6523	6715	6904	6658	6797	6535	6599	6551	6591	6807	6543	6561	6641	6749	6729	6626	6608	6579	6467	6633	6652	6881	6626	6596
JQ608331	6649	7039	6614	6888	6093	6626	0	6733	6451	6890	6774	6748	6891	6901	6697	6757	6954	6778	6843	6825	6583	6770	6896	6922	6760	6674	6764	6554	6586	6772	6891	6636	6669	6724	6932	6737	6825	6699	6829	6380	6828	6609	6650	6800	6785
AB161360	6713	6714	6725	6790	6156	6575	6733	0	6305	6768	6610	6638	6780	6839	6660	6761	6844	7157	6933	6735	6505	6434	6608	6728	6803	6570	6706	6754	6787	6917	6740	6632	7072	6786	6817	6748	7170	6959	6671	6428	6766	6651	6532	6941	6921
KT001243	6680	6480	6316	6494	5912	6442	6451	6305	0	6543	6628	6498	6456	6487	6496	6602	6499	6398	6451	6392	6490	6474	6458	6429	6546	6448	6431	6360	6507	6356	6461	6591	6308	6536	6457	6509	6427	6387	6743	6479	6515	6392	6523	6439	6347
DQ462461	6746	6797	6641	6947	6172	6859	6890	6768	6543	0	6873	7105	6822	7002	6701	6940	6996	6816	6940	7090	6564	6613	6859	7159	6922	6969	6794	6622	6679	6858	7245	6748	6722	6885	6927	6818	6871	6767	6843	6394	6917	6745	7005	6806	6847
EU908051	6776	6717	6717	6921	5959	6629	6774	6610	6628	6873	0	6711	6722	6893	6649	6845	6872	6662	6772	6751	6738	6649	6910	6809	6878	6665	6677	6627	6651	6722	6816	6667	6631	6863	6907	6708	6715	6641	6917	6506	6886	6613	6662	6726	6708
KM035979	6569	6713	6509	6788	6129	6845	6748	6638	6498	7105	6711	0	6655	6853	6575	6794	6786	6682	6840	6932	6436	6594	6755	6903	6738	6968	6579	6643	6572	6717	7037	6586	6580	6727	6762	6682	6659	6619	6660	6377	6712	6798	6964	6622	6659
KJ008918	7009	6718	6716	7016	6271	6669	6891	6780	6456	6822	6722	6655	0	7032	6999	6738	7063	6827	6918	6860	6882	6435	6826	6969	6913	6683	7341	6702	6768	6815	6864	6912	6769	6843	7102	7224	6825	6777	6985	6680	6969	6643	6581	6839	6876
KT306825	6873	6772	6858	7219	6287	6734	6901	6839	6487	7002	6893	6853	7032	0	6859	6960	7158	6890	7085	6960	6879	6527	6892	6965	7073	6756	6977	6812	6787	7030	6951	6850	6868	7025	7330	7004	6860	6856	7035	6568	7094	6834	6735	6931	7033
KT583751	7015	6706	6556	6877	6114	6585	6697	6660	6496	6701	6649	6575	6999	6859	0	6739	6853	6716	6810	6701	6883	6440	6698	6720	6865	6506	6972	6636	6676	6669	6667	6950	6708	6848	6928	7023	6702	6729	6969	6760	6833	6584	6471	6720	6674
AB166878	6832	6734	6611	6964	6166	6609	6757	6761	6602	6940	6845	6794	6738	6960	6739	0	6993	6808	6904	6773	6573	6526	6770	6834	7102	6715	6771	6642	6849	6767	6888	6750	6743	7085	6955	6718	6877	6867	6872	6454	7058	6728	6711	6793	6809
EF623862	6856	6781	6819	7196	6448	6657	6954	6844	6499	6996	6872	6786	7063	7158	6853	6993	0	6877	7110	6903	6709	6508	6842	7027	7163	6794	7023	6796	6815	6931	6989	6826	6861	7099	7212	6912	6912	6865	6923	6547	7196	6889	6720	6941	6972
JQ349049	6823	6761	6727	6861	6193	6648	6778	7157	6398	6816	6662	6682	6827	6890	6716	6808	6877	0	6997	6798	6537	6468	6686	6775	6899	6595	6745	6777	6878	6968	6781	6691	7032	6877	6881	6817	7207	7059	6763	6440	6867	6692	6590	7077	6945
DQ462462	6819	6784	6763	7070	6386	6726	6843	6933	6451	6940	6772	6840	6918	7085	6810	6904	7110	6997	0	6874	6600	6561	6838	6849	7051	6726	6870	6822	6782	7011	6894	6775	6899	7031	7083	6929	6938	6864	6828	6538	7035	6966	6717	6842	6877
DQ191179	6707	6719	6629	6975	6134	6955	6825	6735	6392	7090	6751	6932	6860	6960	6701	6773	6903	6798	6874	0	6524	6532	6857	7198	6828	6994	6739	6667	6634	6832	7135	6709	6786	6818	6949	6866	6800	6786	6732	6429	6825	6714	6879	6808	6805
AM283465	6904	6620	6586	6817	5888	6422	6583	6505	6490	6564	6738	6436	6882	6879	6883	6573	6709	6537	6600	6524	0	6441	6633	6614	6712	6396	6815	6538	6559	6746	6518	6852	6596	6679	6940	6871	6580	6548	7171	6593	6732	6398	6376	6668	6735
EU833988	6425	6886	6359	6502	5834	6523	6770	6434	6474	6613	6649	6594	6435	6527	6440	6526	6508	6468	6561	6532	6441	0	6622	6554	6477	6521	6379	6386	6465	6485	6561	6534	6387	6475	6466	6483	6516	6428	6553	6378	6453	6485	6531	6461	6429
EU780693	6666	6748	6700	6919	6008	6715	6896	6608	6458	6859	6910	6755	6826	6892	6698	6770	6842	6686	6838	6857	6633	6622	0	6847	6812	6753	6754	6623	6600	6757	6854	6563	6597	6774	6930	6807	6673	6638	6816	6504	6826	6644	6736	6693	6681
KT962171	6743	6824	6611	7013	6125	6904	6922	6728	6429	7159	6809	6903	6969	6965	6720	6834	7027	6775	6849	7198	6614	6554	6847	0	6876	6964	6870	6589	6666	6837	7201	6735	6745	6836	7004	6802	6859	6747	6854	6423	6890	6663	6869	6843	6883
AB161361	6974	6745	6773	7171	6233	6658	6760	6803	6546	6922	6878	6738	6913	7073	6865	7102	7163	6899	7051	6828	6712	6477	6812	6876	0	6684	6912	6799	6972	6937	6877	6865	6875	7296	7244	6894	6915	6931	6930	6571	7342	6780	6661	6980	6945
KM035978	6536	6636	6491	6784	6096	6797	6674	6570	6448	6969	6665	6968	6683	6756	6506	6715	6794	6595	6726	6994	6396	6521	6753	6964	6684	0	6593	6591	6536	6615	7047	6562	6554	6700	6718	6645	6596	6593	6622	6335	6675	6745	6948	6566	6596
GU086401	6972	6652	6671	6933	6218	6535	6764	6706	6431	6794	6677	6579	7341	6977	6972	6771	7023	6745	6870	6739	6815	6379	6754	6870	6912	6593	0	6663	6739	6765	6834	6884	6712	6843	7019	7102	6789	6693	6943	6634	6968	6587	6484	6741	6784
KM658501	6640	6500	7017	6808	6106	6599	6554	6754	6360	6622	6627	6643	6702	6812	6636	6642	6796	6777	6822	6667	6538	6386	6623	6589	6799	6591	6663	0	6736	6760	6582	6629	6806	6787	6871	6743	6743	6704	6577	6521	6783	6720	6575	6820	6757
AB245363	6809	6677	6603	6808	6145	6551	6586	6787	6507	6679	6651	6572	6768	6787	6676	6849	6815	6878	6782	6634	6559	6465	6600	6666	6972	6536	6739	6736	0	6717	6667	6734	6814	6954	6868	6766	6873	6879	6765	6550	6949	6554	6522	6875	6819
EF100698	6712	6688	6789	6997	6120	6591	6772	6917	6356	6858	6722	6717	6815	7030	6669	6767	6931	6968	7011	6832	6746	6485	6757	6837	6937	6615	6765	6760	6717	0	6827	6691	6936	6903	7057	6763	6951	6819	6855	6389	6973	6674	6557	6967	7064
KR869779	6699	6793	6597	6929	6183	6807	6891	6740	6461	7245	6816	7037	6864	6951	6667	6888	6989	6781	6894	7135	6518	6561	6854	7201	6877	7047	6834	6582	6667	6827	0	6693	6729	6865	6895	6775	6861	6732	6808	6362	6878	6697	6897	6741	6797
HQ315827	6989	6776	6538	6795	6106	6543	6636	6632	6591	6748	6667	6586	6912	6850	6950	6750	6826	6691	6775	6709	6852	6534	6563	6735	6865	6562	6884	6629	6734	6691	6693	0	6708	6865	6843	6949	6683	6666	6907	6660	6833	6556	6512	6774	6692
JQ349048	6729	6645	6751	6866	6068	6561	6669	7072	6308	6722	6631	6580	6769	6868	6708	6743	6861	7032	6899	6786	6596	6387	6597	6745	6875	6554	6712	6806	6814	6936	6729	6708	0	6873	6910	6756	6996	6969	6716	6449	6858	6596	6494	6942	6974
EF488749	6922	6734	6724	7113	6209	6641	6724	6786	6536	6885	6863	6727	6843	7025	6848	7085	7099	6877	7031	6818	6679	6475	6774	6836	7296	6700	6843	6787	6954	6903	6865	6865	6873	0	7175	6851	6870	6902	6886	6548	7266	6753	6658	6914	6883
KU593484	6923	6735	6901	7423	6260	6749	6932	6817	6457	6927	6907	6762	7102	7330	6928	6955	7212	6881	7083	6949	6940	6466	6930	7004	7244	6718	7019	6871	6868	7057	6895	6843	6910	7175	0	7002	6875	6910	7109	6621	7298	6838	6679	7067	7136
DQ191178	7013	6688	6697	6989	6219	6729	6737	6748	6509	6818	6708	6682	7224	7004	7023	6718	6912	6817	6929	6866	6871	6483	6807	6802	6894	6645	7102	6743	6766	6763	6775	6949	6756	6851	7002	0	6787	6795	6954	6685	6885	6677	6625	6787	6789
KU379668	6801	6780	6770	6913	6135	6626	6825	7170	6427	6871	6715	6659	6825	6860	6702	6877	6912	7207	6938	6800	6580	6516	6673	6859	6915	6596	6789	6743	6873	6951	6861	6683	6996	6870	6875	6787	0	7046	6798	6430	6900	6696	6574	7021	6939
AB694977	6775	6633	6714	6900	6063	6608	6699	6959	6387	6767	6641	6619	6777	6856	6729	6867	6865	7059	6864	6786	6548	6428	6638	6747	6931	6593	6693	6704	6879	6819	6732	6666	6969	6902	6910	6795	7046	0	6749	6429	6951	6614	6570	7001	6978
AB299978	7130	6775	6616	7068	6103	6579	6829	6671	6743	6843	6917	6660	6985	7035	6969	6872	6923	6763	6828	6732	7171	6553	6816	6854	6930	6622	6943	6577	6765	6855	6808	6907	6716	6886	7109	6954	6798	6749	0	6610	6947	6575	6592	6849	6877
LC021525	6689	6483	6486	6573	5955	6467	6380	6428	6479	6394	6506	6377	6680	6568	6760	6454	6547	6440	6538	6429	6593	6378	6504	6423	6571	6335	6634	6521	6550	6389	6362	6660	6449	6548	6621	6685	6430	6429	6610	0	6549	6417	6333	6461	6404
AB019582	6931	6722	6809	7195	6209	6633	6828	6766	6515	6917	6886	6712	6969	7094	6833	7058	7196	6867	7035	6825	6732	6453	6826	6890	7342	6675	6968	6783	6949	6973	6878	6833	6858	7266	7298	6885	6900	6951	6947	6549	0	6762	6636	6987	7014
KM576858	6542	6538	6619	6910	6228	6652	6609	6651	6392	6745	6613	6798	6643	6834	6584	6728	6889	6692	6966	6714	6398	6485	6644	6663	6780	6745	6587	6720	6554	6674	6697	6556	6596	6753	6838	6677	6696	6614	6575	6417	6762	0	6702	6614	6611
KF483861	6526	6592	6491	6731	6042	6881	6650	6532	6523	7005	6662	6964	6581	6735	6471	6711	6720	6590	6717	6879	6376	6531	6736	6869	6661	6948	6484	6575	6522	6557	6897	6512	6494	6658	6679	6625	6574	6570	6592	6333	6636	6702	0	6574	6584
AB245359	6843	6689	6840	6999	6052	6626	6800	6941	6439	6806	6726	6622	6839	6931	6720	6793	6941	7077	6842	6808	6668	6461	6693	6843	6980	6566	6741	6820	6875	6967	6741	6774	6942	6914	7067	6787	7021	7001	6849	6461	6987	6614	6574	0	7095
KC820654	6749	6684	6801	7033	6086	6596	6785	6921	6347	6847	6708	6659	6876	7033	6674	6809	6972	6945	6877	6805	6735	6429	6681	6883	6945	6596	6784	6757	6819	7064	6797	6692	6974	6883	7136	6789	6939	6978	6877	6404	7014	6611	6584	7095	0
