D83359	0	7189	7165	7131	7093	7149	7354	7173
AY119685	7189	0	7504	7561	7554	7593	7477	7626
Y15712	7165	7504	0	7468	7469	7484	7351	7544
Y15714	7131	7561	7468	0	7583	7682	7452	7647
AY119687	7093	7554	7469	7583	0	7606	7408	7580
AY119686	7149	7593	7484	7682	7606	0	7477	7663
KU933342	7354	7477	7351	7452	7408	7477	0	7494
Y15713	7173	7626	7544	7647	7580	7663	7494	0
