FM253687	0	5918	6015	5970	5987	5992
AF326121	5918	0	6435	6494	6533	6624
AJ250439	6015	6435	0	6836	6916	6839
KX024844	5970	6494	6836	0	6940	6842
AJ786363	5987	6533	6916	6940	0	6907
AB262395	5992	6624	6839	6842	6907	0
