EU573966	0	6598	6614	6246	6434	6502	6579	7025	6547	6670	6445	6487	6511	6594	6858	6536
KR047788	6598	0	6485	6693	6286	6669	6315	6644	6540	6532	6279	6669	6457	6467	6334	6008
U58339	6614	6485	0	6210	6114	6362	6778	6661	6427	6386	6259	6341	6330	6281	6643	6228
EF192391	6246	6693	6210	0	6095	6388	6198	6215	6157	6139	6074	6328	6113	6141	6178	6077
KJ021872	6434	6286	6114	6095	0	6459	6113	6516	6574	6797	6856	6478	6670	6197	6281	6087
EU573965	6502	6669	6362	6388	6459	0	6278	6502	6566	6657	6453	7119	6639	6394	6289	6023
AY563030	6579	6315	6778	6198	6113	6278	0	6551	6311	6331	6285	6239	6270	6225	6650	6264
AB021367	7025	6644	6661	6215	6516	6502	6551	0	6700	6766	6386	6489	6603	6613	6812	6464
EF468717	6547	6540	6427	6157	6574	6566	6311	6700	0	6797	6539	6521	6730	6431	6370	5998
DQ917760	6670	6532	6386	6139	6797	6657	6331	6766	6797	0	6803	6657	6977	6444	6401	6139
FJ230839	6445	6279	6259	6074	6856	6453	6285	6386	6539	6803	0	6430	6661	6222	6390	6093
KT366925	6487	6669	6341	6328	6478	7119	6239	6489	6521	6657	6430	0	6636	6365	6242	6001
KT248536	6511	6457	6330	6113	6670	6639	6270	6603	6730	6977	6661	6636	0	6372	6270	5997
AB006765	6594	6467	6281	6141	6197	6394	6225	6613	6431	6444	6222	6365	6372	0	6390	6101
EU399548	6858	6334	6643	6178	6281	6289	6650	6812	6370	6401	6390	6242	6270	6390	0	6515
GU183820	6536	6008	6228	6077	6087	6023	6264	6464	5998	6139	6093	6001	5997	6101	6515	0
