KJ572118	0	6458	6700	6528	6637	6743
FM882228	6458	0	6273	6524	6183	6347
HM234095	6700	6273	0	6305	6609	6753
DQ367409	6528	6524	6305	0	6136	6411
KR061432	6637	6183	6609	6136	0	6461
AF536383	6743	6347	6753	6411	6461	0
