AJ278249	0	6623	6817	6968	7091	6969	6522	6386	7120	6977	6885	6912	6374	6455	6372	6965	6538	6178	6995	6467	7144	6898	6532	6696	7097	6533	6618	7115	6575	6418	7153	6572	6802	6521	7125	7026	6580	6556	7144	6387	5890	6991
EF149003	6623	0	6500	6634	6670	6701	6554	6521	6681	6638	6667	6760	6400	6410	6464	6683	6618	6256	6690	6452	6753	6719	6488	6767	6735	6483	6642	6742	6655	6557	6735	6740	6798	6651	6708	6525	6693	6607	6771	6499	6009	6715
KC484966	6817	6500	0	6683	6729	6667	6382	6265	6748	6700	6661	6716	6208	6364	6214	6744	6426	6066	6740	6471	6760	6672	6382	6582	6757	6459	6496	6757	6490	6308	6751	6458	6679	6409	6768	6704	6520	6478	6758	6257	5801	6768
GQ847899	6968	6634	6683	0	7119	6916	6480	6368	7112	6910	6845	6949	6317	6365	6314	7090	6655	6223	7041	6455	7100	6961	6510	6723	7031	6480	6628	7106	6710	6428	7125	6599	6829	6530	7108	6898	6627	6606	7078	6360	5902	7049
GQ847890	7091	6670	6729	7119	0	6960	6532	6404	7266	6978	6877	7004	6351	6415	6346	7136	6709	6277	7112	6516	7236	6997	6544	6759	7187	6512	6646	7242	6746	6446	7261	6635	6865	6548	7253	7050	6672	6667	7214	6396	5893	7094
X67229	6969	6701	6667	6916	6960	0	6675	6584	6971	7036	7065	6972	6522	6462	6570	6973	6546	6186	6991	6382	7027	6906	6518	6753	6993	6529	6834	7018	6583	6634	7020	6668	6898	6737	6984	6822	6640	6619	7061	6585	6079	6914
EU074203	6522	6554	6382	6480	6532	6675	0	6457	6525	6695	6670	6578	6522	6462	6475	6527	6505	6204	6560	6330	6589	6564	6464	6557	6553	6456	6648	6580	6497	6548	6580	6538	6578	6607	6573	6385	6496	6525	6578	6457	5969	6571
KC237394	6386	6521	6265	6368	6404	6584	6457	0	6424	6521	6550	6485	6438	6246	6554	6417	6397	6183	6426	6262	6478	6446	6381	6505	6460	6299	6545	6469	6417	6545	6462	6503	6523	6562	6435	6300	6485	6352	6496	6589	6099	6442
GQ847896	7120	6681	6748	7112	7266	6971	6525	6424	0	6971	6888	7006	6362	6409	6366	7111	6666	6279	7123	6508	7229	7008	6555	6770	7189	6524	6675	7253	6721	6475	7272	6646	6876	6577	7264	7040	6674	6651	7225	6416	5929	7105
AY601516	6977	6638	6700	6910	6978	7036	6695	6521	6971	0	7040	6893	6497	6452	6509	6897	6540	6179	6928	6423	7043	6869	6569	6713	7027	6531	6764	7031	6577	6564	7033	6589	6819	6658	7065	6836	6631	6625	7038	6506	6018	7040
U07934	6885	6667	6661	6845	6877	7065	6670	6550	6888	7040	0	6904	6490	6445	6556	6890	6533	6154	6898	6377	6952	6862	6517	6739	6925	6524	6793	6916	6570	6593	6936	6618	6848	6687	6918	6757	6642	6604	6977	6535	6047	6916
AM181745	6912	6760	6716	6949	7004	6972	6578	6485	7006	6893	6904	0	6382	6420	6428	7017	6627	6256	7024	6496	7060	6976	6537	6797	7096	6533	6739	7049	6682	6539	7035	6704	6924	6633	7051	6841	6798	6751	7078	6463	5991	6988
JQ339788	6374	6400	6208	6317	6351	6522	6522	6438	6362	6497	6490	6382	0	6325	6454	6364	6382	6204	6380	6219	6418	6402	6392	6425	6357	6299	6486	6391	6364	6486	6418	6425	6425	6484	6375	6239	6382	6358	6416	6454	5948	6375
EU169578	6455	6410	6364	6365	6415	6462	6462	6246	6409	6452	6445	6420	6325	0	6256	6437	6391	6067	6391	6220	6465	6422	6290	6400	6404	6647	6434	6414	6392	6319	6434	6384	6439	6379	6404	6315	6323	6403	6436	6247	5777	6403
KC237397	6372	6464	6214	6314	6346	6570	6475	6554	6366	6509	6556	6428	6454	6256	0	6359	6369	6163	6376	6216	6421	6396	6387	6455	6403	6306	6525	6421	6359	6525	6412	6473	6473	6532	6387	6260	6428	6325	6446	6554	6066	6385
Y14158	6965	6683	6744	7090	7136	6973	6527	6417	7111	6897	6890	7017	6364	6437	6359	0	6722	6272	7095	6522	7099	7010	6523	6769	7039	6543	6677	7105	6795	6477	7124	6648	6878	6579	7107	6922	6685	6664	7077	6409	5922	7038
EU399698	6538	6618	6426	6655	6709	6546	6505	6397	6666	6540	6533	6627	6382	6391	6369	6722	0	6290	6650	6473	6672	6688	6460	6659	6603	6463	6537	6660	6722	6477	6704	6641	6641	6544	6662	6487	6585	6531	6650	6404	5899	6663
KC237387	6178	6256	6066	6223	6277	6186	6204	6183	6279	6179	6154	6256	6204	6067	6163	6272	6290	0	6297	6130	6274	6310	6229	6281	6232	6059	6186	6317	6272	6186	6326	6281	6281	6184	6301	6112	6256	6232	6272	6199	5693	6301
D13431	6995	6690	6740	7041	7112	6991	6560	6426	7123	6928	6898	7024	6380	6391	6376	7095	6650	6297	0	6503	7109	7010	6551	6772	7076	6499	6694	7161	6705	6494	7154	6657	6887	6597	7154	6904	6692	6660	7107	6427	5939	7059
AJ864462	6467	6452	6471	6455	6516	6382	6330	6262	6508	6423	6377	6496	6219	6220	6216	6522	6473	6130	6503	0	6488	6505	6368	6486	6495	6298	6364	6522	6522	6330	6521	6454	6469	6388	6546	6467	6476	6380	6479	6257	5787	6531
AM491621	7144	6753	6760	7100	7236	7027	6589	6478	7229	7043	6952	7060	6418	6465	6421	7099	6672	6274	7109	6488	0	7012	6585	6828	7249	6560	6721	7285	6709	6521	7299	6704	6934	6615	7280	7117	6728	6708	7316	6463	5966	7119
AF508207	6898	6719	6672	6961	6997	6906	6564	6446	7008	6869	6862	6976	6402	6422	6396	7010	6688	6310	7010	6505	7012	0	6520	6773	6943	6519	6696	7019	6725	6496	7057	6686	6896	6599	7021	6807	6694	6655	7010	6447	5941	6991
DQ100066	6532	6488	6382	6510	6544	6518	6464	6381	6555	6569	6517	6537	6392	6290	6387	6523	6460	6229	6551	6368	6585	6520	0	6533	6567	6328	6439	6613	6474	6439	6594	6485	6525	6442	6605	6460	6536	6420	6576	6377	5907	6601
EF035058	6696	6767	6582	6723	6759	6753	6557	6505	6770	6713	6739	6797	6425	6400	6455	6769	6659	6281	6772	6486	6828	6773	6533	0	6795	6485	6625	6781	6696	6555	6826	6747	6824	6658	6783	6614	6739	6593	6862	6506	6000	6783
HQ316710	7097	6735	6757	7031	7187	6993	6553	6460	7189	7027	6925	7096	6357	6404	6403	7039	6603	6232	7076	6495	7249	6943	6567	6795	0	6508	6714	7246	6658	6514	7237	6679	6900	6608	7269	7048	6764	6749	7279	6438	5966	7116
EU169581	6533	6483	6459	6480	6512	6529	6456	6299	6524	6531	6524	6533	6299	6647	6306	6543	6463	6059	6499	6298	6560	6519	6328	6485	6508	0	6494	6517	6488	6369	6528	6457	6522	6454	6519	6383	6426	6421	6531	6297	5845	6518
KC237424	6618	6642	6496	6628	6646	6834	6648	6545	6675	6764	6793	6739	6486	6434	6525	6677	6537	6186	6694	6364	6721	6696	6439	6625	6714	6494	0	6730	6547	6670	6705	6633	6768	6720	6696	6517	6557	6646	6746	6552	6073	6696
KM192335	7115	6742	6757	7106	7242	7018	6580	6469	7253	7031	6916	7049	6391	6414	6421	7105	6660	6317	7161	6522	7285	7019	6613	6781	7246	6517	6730	0	6715	6530	7313	6693	6923	6624	7339	7072	6717	6697	7276	6454	5984	7169
JQ697665	6575	6655	6490	6710	6746	6583	6497	6417	6721	6577	6570	6682	6364	6392	6359	6795	6722	6272	6705	6522	6709	6725	6474	6696	6658	6488	6547	6715	0	6477	6741	6648	6678	6579	6717	6532	6630	6541	6687	6409	5922	6718
KC237413	6418	6557	6308	6428	6446	6634	6548	6545	6475	6564	6593	6539	6486	6319	6525	6477	6477	6186	6494	6330	6521	6496	6439	6555	6514	6369	6670	6530	6477	0	6512	6573	6573	6650	6496	6334	6539	6453	6546	6552	6073	6496
AF041442	7153	6735	6751	7125	7261	7020	6580	6462	7272	7033	6936	7035	6418	6434	6412	7124	6704	6326	7154	6521	7299	7057	6594	6826	7237	6528	6705	7313	6741	6512	0	6702	6925	6615	7313	7106	6710	6664	7309	6463	5957	7155
EF035064	6572	6740	6458	6599	6635	6668	6538	6503	6646	6589	6618	6704	6425	6384	6473	6648	6641	6281	6657	6454	6704	6686	6485	6747	6679	6457	6633	6693	6648	6573	6702	0	6765	6666	6659	6491	6662	6583	6738	6519	6013	6659
AM930381	6802	6798	6679	6829	6865	6898	6578	6523	6876	6819	6848	6924	6425	6439	6473	6878	6641	6281	6887	6469	6934	6896	6525	6824	6900	6522	6768	6923	6678	6573	6925	6765	0	6676	6889	6720	6737	6711	6968	6524	6018	6889
EU514525	6521	6651	6409	6530	6548	6737	6607	6562	6577	6658	6687	6633	6484	6379	6532	6579	6544	6184	6597	6388	6615	6599	6442	6658	6608	6454	6720	6624	6579	6650	6615	6666	6676	0	6590	6410	6581	6512	6649	6578	6090	6590
KM192334	7125	6708	6768	7108	7253	6984	6573	6435	7264	7065	6918	7051	6375	6404	6387	7107	6662	6301	7154	6546	7280	7021	6605	6783	7269	6519	6696	7339	6717	6496	7313	6659	6889	6590	0	7074	6719	6713	7276	6420	5950	7180
KX151664	7026	6525	6704	6898	7050	6822	6385	6300	7040	6836	6757	6841	6239	6315	6260	6922	6487	6112	6904	6467	7117	6807	6460	6614	7048	6383	6517	7072	6532	6334	7106	6491	6720	6410	7074	0	6526	6479	7111	6292	5796	6907
AF508208	6580	6693	6520	6627	6672	6640	6496	6485	6674	6631	6642	6798	6382	6323	6428	6685	6585	6256	6692	6476	6728	6694	6536	6739	6764	6426	6557	6717	6630	6539	6710	6662	6737	6581	6719	6526	0	6576	6746	6463	5991	6726
EU849582	6556	6607	6478	6606	6667	6619	6525	6352	6651	6625	6604	6751	6358	6403	6325	6664	6531	6232	6660	6380	6708	6655	6420	6593	6749	6421	6646	6697	6541	6453	6664	6583	6711	6512	6713	6479	6576	0	6707	6344	5873	6697
AF041447	7144	6771	6758	7078	7214	7061	6578	6496	7225	7038	6977	7078	6416	6436	6446	7077	6650	6272	7107	6479	7316	7010	6576	6862	7279	6531	6746	7276	6687	6546	7309	6738	6968	6649	7276	7111	6746	6707	0	6497	5991	7108
KC237410	6387	6499	6257	6360	6396	6585	6457	6589	6416	6506	6535	6463	6454	6247	6554	6409	6404	6199	6427	6257	6463	6447	6377	6506	6438	6297	6552	6454	6409	6552	6463	6519	6524	6578	6420	6292	6463	6344	6497	0	6099	6420
KC237406	5890	6009	5801	5902	5893	6079	5969	6099	5929	6018	6047	5991	5948	5777	6066	5922	5899	5693	5939	5787	5966	5941	5907	6000	5966	5845	6073	5984	5922	6073	5957	6013	6018	6090	5950	5796	5991	5873	5991	6099	0	5948
AY601515	6991	6715	6768	7049	7094	6914	6571	6442	7105	7040	6916	6988	6375	6403	6385	7038	6663	6301	7059	6531	7119	6991	6601	6783	7116	6518	6696	7169	6718	6496	7155	6659	6889	6590	7180	6907	6726	6697	7108	6420	5948	0
