U20155	0	6651	6597	6439	6501	6057	6513
FR733684	6651	0	6562	6502	6907	6092	6531
U20154	6597	6562	0	6478	6692	6194	6750
AB370245	6439	6502	6478	0	6493	6237	6425
EU711413	6501	6907	6692	6493	0	6239	6696
EU293796	6057	6092	6194	6237	6239	0	6164
U20152	6513	6531	6750	6425	6696	6164	0
