AB627071	0	6631	6621	6750	6545	6621	6718	6477	6808	6657	6274	6510	6795	6685	6369	6567	6505	7108	6323	6361	6396	6274	6527	6663	6495	6615	6665	6260	6716	6421	6556	6771	6692	6843	6735	6658	6650	6697	6339	6359	6414	6312	6339	6429	6300	6653	6669	7007	6282
AB175644	6631	0	6724	6950	6551	6715	6857	6707	6790	7000	6166	6471	6689	6659	6558	6841	6420	6672	6624	6390	6418	6287	6319	7009	6385	6579	6951	6485	6978	6701	6630	6715	6713	6685	6713	7004	6634	6742	6572	6312	6418	6480	6590	6441	6300	6633	6479	6687	6213
AB175649	6621	6724	0	6624	6805	7129	6529	6386	6738	6649	6332	6437	6762	6810	6484	6517	6585	6655	6555	6659	6496	6166	6328	6685	6482	6783	6651	6390	6675	6597	6683	6871	6789	6732	6738	6700	6807	6948	6514	6404	6668	6209	6479	6796	6332	6635	6664	6684	6408
AY251818	6750	6950	6624	0	6455	6606	7129	6796	6776	7080	6144	6496	6897	6621	6569	6924	6466	6771	6612	6279	6288	6338	6353	7082	6384	6497	7114	6450	7126	6670	6592	6686	6644	6795	6674	7057	6546	6633	6582	6290	6308	6649	6548	6352	6289	6711	6562	6845	6217
FN868949	6545	6551	6805	6455	0	6794	6424	6361	6521	6477	6323	6521	6637	6655	6368	6505	6636	6584	6408	6703	6507	6234	6285	6513	6536	6897	6456	6418	6532	6374	6506	6869	6642	6673	6655	6526	6885	6928	6285	6432	6813	6155	6387	6654	6360	6535	6652	6558	6485
AB175636	6621	6715	7129	6606	6794	0	6511	6375	6727	6639	6323	6444	6751	6818	6455	6506	6574	6637	6544	6632	6486	6166	6326	6674	6475	6783	6633	6379	6664	6587	6672	6880	6815	6765	6774	6671	6816	6937	6485	6393	6675	6191	6487	6821	6321	6623	6663	6682	6415
U58018	6718	6857	6529	7129	6424	6511	0	6765	6690	6978	6139	6458	6694	6541	6542	6893	6439	6722	6509	6251	6269	6306	6330	6987	6357	6466	7019	6412	6922	6621	6540	6620	6564	6743	6606	6962	6508	6538	6555	6264	6278	6638	6514	6321	6267	6656	6547	6797	6204
EU912442	6477	6707	6386	6796	6361	6375	6765	0	6582	6844	6157	6455	6471	6368	6472	6817	6341	6510	6337	6297	6320	6365	6390	6835	6347	6379	6803	6389	6662	6463	6508	6390	6399	6480	6507	6794	6381	6383	6396	6331	6337	6475	6421	6366	6371	6419	6387	6549	6180
AB175638	6808	6790	6738	6776	6521	6727	6690	6582	0	6811	6245	6426	6691	6739	6447	6640	6520	6853	6486	6345	6369	6281	6465	6808	6550	6591	6810	6313	6720	6574	6644	6695	6798	6741	6772	6805	6613	6738	6465	6419	6391	6365	6387	6467	6271	6673	6524	6845	6306
AB175647	6657	7000	6649	7080	6477	6639	6978	6844	6811	0	6146	6513	6738	6623	6536	6935	6448	6697	6603	6304	6315	6360	6375	7103	6376	6486	7071	6441	6931	6696	6647	6615	6653	6697	6710	7062	6525	6642	6574	6317	6340	6542	6522	6365	6338	6636	6485	6742	6241
EF174498	6274	6166	6332	6144	6323	6323	6139	6157	6245	6146	0	6179	6215	6512	6069	6169	6153	6264	5971	6315	6276	6085	6273	6187	6248	6350	6152	6010	6233	6003	6063	6370	6414	6219	6215	6198	6364	6373	6014	6223	6346	5916	5999	6337	6182	6059	6239	6290	6083
AM040156	6510	6471	6437	6496	6521	6444	6458	6455	6426	6513	6179	0	6829	6408	6339	6524	6438	6513	6300	6424	6390	6542	6305	6532	6464	6521	6464	6411	6525	6280	6467	6574	6406	6709	6663	6527	6563	6515	6191	6303	6444	6218	6338	6391	6680	6494	6473	6497	6319
AY364020	6795	6689	6762	6897	6637	6751	6694	6471	6691	6738	6215	6829	0	6680	6434	6608	6520	6809	6570	6412	6405	6499	6312	6766	6511	6642	6731	6418	6955	6469	6660	6815	6657	6965	6884	6781	6677	6787	6394	6334	6486	6269	6417	6471	6676	6749	6659	6773	6302
AB252202	6685	6659	6810	6621	6655	6818	6541	6368	6739	6623	6512	6408	6680	0	6410	6505	6532	6692	6486	6453	6356	6162	6345	6672	6411	6693	6620	6275	6703	6524	6450	6811	6987	6683	6664	6668	6721	6862	6424	6287	6525	6119	6396	6558	6243	6481	6607	6728	6299
AJ635303	6369	6558	6484	6569	6368	6455	6542	6472	6447	6536	6069	6339	6434	6410	0	6579	6434	6395	6569	6221	6159	6151	6123	6586	6239	6384	6544	6615	6594	6800	6443	6406	6374	6424	6352	6600	6400	6380	6805	6148	6273	6339	6750	6364	6193	6462	6407	6392	6167
D32224	6567	6841	6517	6924	6505	6506	6893	6817	6640	6935	6169	6524	6608	6505	6579	0	6433	6602	6463	6312	6322	6315	6349	7007	6358	6531	6921	6459	6844	6589	6516	6544	6535	6597	6583	6966	6533	6525	6509	6280	6358	6517	6533	6391	6339	6507	6487	6638	6216
AJ635304	6505	6420	6585	6466	6636	6574	6439	6341	6520	6448	6153	6438	6520	6532	6434	6433	0	6581	6345	6479	6372	6240	6238	6441	6423	6614	6416	6372	6446	6391	6458	6660	6475	6585	6510	6438	6654	6619	6307	6423	6511	6192	6430	6473	6232	6560	6716	6538	6699
AB703239	7108	6672	6655	6771	6584	6637	6722	6510	6853	6697	6264	6513	6809	6692	6395	6602	6581	0	6355	6399	6395	6311	6553	6705	6540	6634	6704	6294	6766	6444	6574	6811	6699	6860	6753	6709	6681	6713	6370	6416	6437	6333	6352	6419	6314	6711	6680	7034	6341
AF220763	6323	6624	6555	6612	6408	6544	6509	6337	6486	6603	5971	6300	6570	6486	6569	6463	6345	6355	0	6209	6116	6238	6001	6631	6178	6380	6601	6704	6631	6695	6546	6480	6484	6516	6501	6617	6416	6536	6674	6051	6285	6199	6536	6295	6179	6642	6316	6349	6176
EF126746	6361	6390	6659	6279	6703	6632	6251	6297	6345	6304	6315	6424	6412	6453	6221	6312	6479	6399	6209	0	6536	6246	6287	6330	6418	6675	6273	6296	6311	6224	6401	6717	6440	6492	6516	6334	6733	6697	6163	6432	6716	6078	6215	6605	6332	6396	6498	6373	6383
FR847848	6396	6418	6496	6288	6507	6486	6269	6320	6369	6315	6276	6390	6405	6356	6159	6322	6372	6395	6116	6536	0	6268	6376	6340	6433	6481	6282	6230	6299	6165	6414	6497	6344	6525	6513	6354	6495	6493	6103	6533	6525	6105	6166	6466	6366	6341	6492	6381	6301
EF174497	6274	6287	6166	6338	6234	6166	6306	6365	6281	6360	6085	6542	6499	6162	6151	6315	6240	6311	6238	6246	6268	0	6196	6333	6267	6234	6323	6261	6311	6137	6380	6272	6188	6414	6391	6337	6260	6239	6122	6273	6248	6083	6159	6183	6498	6425	6226	6233	6157
FR847847	6527	6319	6328	6353	6285	6326	6330	6390	6465	6375	6273	6305	6312	6345	6123	6349	6238	6553	6001	6287	6376	6196	0	6367	6382	6310	6384	6083	6297	6111	6237	6315	6306	6384	6396	6364	6304	6312	6059	6372	6300	6171	6086	6321	6280	6206	6316	6671	6194
AB175629	6663	7009	6685	7082	6513	6674	6987	6835	6808	7103	6187	6532	6766	6672	6586	7007	6441	6705	6631	6330	6340	6333	6367	0	6366	6539	7089	6467	7002	6721	6620	6657	6703	6705	6726	7134	6567	6693	6606	6298	6376	6525	6540	6409	6357	6610	6495	6741	6234
DQ471331	6495	6385	6482	6384	6536	6475	6357	6347	6550	6376	6248	6464	6511	6411	6239	6358	6423	6540	6178	6418	6433	6267	6382	6366	0	6508	6378	6308	6359	6189	6403	6525	6421	6557	6538	6379	6523	6534	6140	6460	6457	6206	6221	6454	6331	6547	6472	6548	6330
D32227	6615	6579	6783	6497	6897	6783	6466	6379	6591	6486	6350	6521	6642	6693	6384	6531	6614	6634	6380	6675	6481	6234	6310	6539	6508	0	6503	6383	6532	6363	6495	6920	6696	6696	6713	6550	6936	6944	6303	6382	6750	6170	6386	6650	6358	6533	6647	6614	6436
AB175642	6665	6951	6651	7114	6456	6633	7019	6803	6810	7071	6152	6464	6731	6620	6544	6921	6416	6704	6601	6273	6282	6323	6384	7089	6378	6503	0	6419	6942	6670	6592	6606	6642	6677	6674	7064	6516	6649	6584	6300	6319	6584	6504	6360	6322	6596	6474	6760	6209
AJ888239	6260	6485	6390	6450	6418	6379	6412	6389	6313	6441	6010	6411	6418	6275	6615	6459	6372	6294	6704	6296	6230	6261	6083	6467	6308	6383	6419	0	6496	6547	6470	6397	6291	6381	6349	6462	6407	6378	6481	6169	6357	6275	6562	6327	6252	6527	6344	6266	6219
EF015478	6716	6978	6675	7126	6532	6664	6922	6662	6720	6931	6233	6525	6955	6703	6594	6844	6446	6766	6631	6311	6299	6311	6297	7002	6359	6532	6942	6496	0	6644	6584	6714	6684	6749	6641	7015	6574	6680	6543	6269	6377	6486	6576	6378	6338	6682	6574	6772	6208
EF426729	6421	6701	6597	6670	6374	6587	6621	6463	6574	6696	6003	6280	6469	6524	6800	6589	6391	6444	6695	6224	6165	6137	6111	6721	6189	6363	6670	6547	6644	0	6568	6473	6531	6511	6497	6699	6409	6483	6862	6130	6241	6297	6710	6330	6123	6560	6389	6458	6182
EU860984	6556	6630	6683	6592	6506	6672	6540	6508	6644	6647	6063	6467	6660	6450	6443	6516	6458	6574	6546	6401	6414	6380	6237	6620	6403	6495	6592	6470	6584	6568	0	6559	6521	6676	6652	6617	6506	6577	6463	6345	6409	6239	6421	6459	6358	6787	6583	6534	6253
AJ250801	6771	6715	6871	6686	6869	6880	6620	6390	6695	6615	6370	6574	6815	6811	6406	6544	6660	6811	6480	6717	6497	6272	6315	6657	6525	6920	6606	6397	6714	6473	6559	0	6828	6900	6834	6661	7051	7046	6382	6406	6747	6223	6416	6658	6364	6704	6682	6776	6436
AB252201	6692	6713	6789	6644	6642	6815	6564	6399	6798	6653	6414	6406	6657	6987	6374	6535	6475	6699	6484	6440	6344	6188	6306	6703	6421	6696	6642	6291	6684	6531	6521	6828	0	6678	6683	6699	6744	6859	6413	6323	6530	6152	6454	6558	6238	6556	6586	6693	6269
FJ268657	6843	6685	6732	6795	6673	6765	6743	6480	6741	6697	6219	6709	6965	6683	6424	6597	6585	6860	6516	6492	6525	6414	6384	6705	6557	6696	6677	6381	6749	6511	6676	6900	6678	0	6982	6702	6774	6790	6405	6469	6543	6368	6449	6553	6474	6782	6697	6879	6379
FJ157976	6735	6713	6738	6674	6655	6774	6606	6507	6772	6710	6215	6663	6884	6664	6352	6583	6510	6753	6501	6516	6513	6391	6396	6726	6538	6713	6674	6349	6641	6497	6652	6834	6683	6982	0	6721	6753	6823	6365	6467	6578	6233	6329	6556	6511	6658	6547	6731	6340
AB175645	6658	7004	6700	7057	6526	6671	6962	6794	6805	7062	6198	6527	6781	6668	6600	6966	6438	6709	6617	6334	6354	6337	6364	7134	6379	6550	7064	6462	7015	6699	6617	6661	6699	6702	6721	0	6571	6705	6594	6310	6389	6500	6511	6406	6372	6606	6491	6738	6231
AY683045	6650	6634	6807	6546	6885	6816	6508	6381	6613	6525	6364	6563	6677	6721	6400	6533	6654	6681	6416	6733	6495	6260	6304	6567	6523	6936	6516	6407	6574	6409	6506	7051	6744	6774	6753	6571	0	6983	6343	6402	6763	6179	6410	6673	6355	6582	6648	6646	6452
AB252208	6697	6742	6948	6633	6928	6937	6538	6383	6738	6642	6373	6515	6787	6862	6380	6525	6619	6713	6536	6697	6493	6239	6312	6693	6534	6944	6649	6378	6680	6483	6577	7046	6859	6790	6823	6705	6983	0	6390	6417	6780	6140	6392	6671	6363	6605	6634	6693	6447
JQ864432	6339	6572	6514	6582	6285	6485	6555	6396	6465	6574	6014	6191	6394	6424	6805	6509	6307	6370	6674	6163	6103	6122	6059	6606	6140	6303	6584	6481	6543	6862	6463	6382	6413	6405	6365	6594	6343	6390	0	6089	6183	6232	6668	6310	6114	6497	6297	6371	6099
FR733885	6359	6312	6404	6290	6432	6393	6264	6331	6419	6317	6223	6303	6334	6287	6148	6280	6423	6416	6051	6432	6533	6273	6372	6298	6460	6382	6300	6169	6269	6130	6345	6406	6323	6469	6467	6310	6402	6417	6089	0	6441	6096	6115	6364	6301	6365	6449	6387	6326
EU912444	6414	6418	6668	6308	6813	6675	6278	6337	6391	6340	6346	6444	6486	6525	6273	6358	6511	6437	6285	6716	6525	6248	6300	6376	6457	6750	6319	6357	6377	6241	6409	6747	6530	6543	6578	6389	6763	6780	6183	6441	0	6070	6262	6678	6365	6387	6514	6420	6408
AF514774	6312	6480	6209	6649	6155	6191	6638	6475	6365	6542	5916	6218	6269	6119	6339	6517	6192	6333	6199	6078	6105	6083	6171	6525	6206	6170	6584	6275	6486	6297	6239	6223	6152	6368	6233	6500	6179	6140	6232	6096	6070	0	6320	6140	6077	6345	6225	6397	6116
AJ851087	6339	6590	6479	6548	6387	6487	6514	6421	6387	6522	5999	6338	6417	6396	6750	6533	6430	6352	6536	6215	6166	6159	6086	6540	6221	6386	6504	6562	6576	6710	6421	6416	6454	6449	6329	6511	6410	6392	6668	6115	6262	6320	0	6405	6173	6435	6425	6369	6169
EU912439	6429	6441	6796	6352	6654	6821	6321	6366	6467	6365	6337	6391	6471	6558	6364	6391	6473	6419	6295	6605	6466	6183	6321	6409	6454	6650	6360	6327	6378	6330	6459	6658	6558	6553	6556	6406	6673	6671	6310	6364	6678	6140	6405	0	6322	6378	6496	6483	6357
EU912445	6300	6300	6332	6289	6360	6321	6267	6371	6271	6338	6182	6680	6676	6243	6193	6339	6232	6314	6179	6332	6366	6498	6280	6357	6331	6358	6322	6252	6338	6123	6358	6364	6238	6474	6511	6372	6355	6363	6114	6301	6365	6077	6173	6322	0	6302	6263	6289	6169
AB607860	6653	6633	6635	6711	6535	6623	6656	6419	6673	6636	6059	6494	6749	6481	6462	6507	6560	6711	6642	6396	6341	6425	6206	6610	6547	6533	6596	6527	6682	6560	6787	6704	6556	6782	6658	6606	6582	6605	6497	6365	6387	6345	6435	6378	6302	0	6648	6676	6333
FJ155589	6669	6479	6664	6562	6652	6663	6547	6387	6524	6485	6239	6473	6659	6607	6407	6487	6716	6680	6316	6498	6492	6226	6316	6495	6472	6647	6474	6344	6574	6389	6583	6682	6586	6697	6547	6491	6648	6634	6297	6449	6514	6225	6425	6496	6263	6648	0	6680	6418
AB698691	7007	6687	6684	6845	6558	6682	6797	6549	6845	6742	6290	6497	6773	6728	6392	6638	6538	7034	6349	6373	6381	6233	6671	6741	6548	6614	6760	6266	6772	6458	6534	6776	6693	6879	6731	6738	6646	6693	6371	6387	6420	6397	6369	6483	6289	6676	6680	0	6320
AB252200	6282	6213	6408	6217	6485	6415	6204	6180	6306	6241	6083	6319	6302	6299	6167	6216	6699	6341	6176	6383	6301	6157	6194	6234	6330	6436	6209	6219	6208	6182	6253	6436	6269	6379	6340	6231	6452	6447	6099	6326	6408	6116	6169	6357	6169	6333	6418	6320	0
