AF307138	0	6738	6874	6943	6666	7020	6675
EF495157	6738	0	6685	6798	6401	6933	6463
X72775	6874	6685	0	6806	6844	6932	6891
AJ132384	6943	6798	6806	0	6608	6971	6655
X72767	6666	6401	6844	6608	0	6598	7084
D89279	7020	6933	6932	6971	6598	0	6607
X72777	6675	6463	6891	6655	7084	6607	0
