FJ872108	0	6693	6963	7066	7026	6779
HM001269	6693	0	6700	6730	6730	6442
EU194887	6963	6700	0	6971	6946	6732
AB193725	7066	6730	6971	0	7180	6735
AB193724	7026	6730	6946	7180	0	6734
FJ872109	6779	6442	6732	6735	6734	0
