Y16382	0	6674	6407	6643	6383	6026	6738	6735	6693	6850	6667
FJ977567	6674	0	6291	6683	6523	5911	6859	6846	6752	6848	6723
DQ787476	6407	6291	0	6300	6197	5983	6312	6340	6407	6357	6382
KM111599	6643	6683	6300	0	6287	5907	6646	6630	6633	6676	6574
AB436897	6383	6523	6197	6287	0	5952	6318	6546	6504	6511	6520
AY196674	6026	5911	5983	5907	5952	0	5896	5924	5992	5960	5959
AB065297	6738	6859	6312	6646	6318	5896	0	6648	6666	6790	6585
M59134	6735	6846	6340	6630	6546	5924	6648	0	6844	6877	6885
KM111600	6693	6752	6407	6633	6504	5992	6666	6844	0	6814	6851
AB038795	6850	6848	6357	6676	6511	5960	6790	6877	6814	0	6822
AF531178	6667	6723	6382	6574	6520	5959	6585	6885	6851	6822	0
