FN422003	0	6772	6796	6752	6797	6515
AJ458473	6772	0	6927	6752	6787	6424
Y18945	6796	6927	0	6729	6764	6438
AJ414656	6752	6752	6729	0	7061	6473
DQ364433	6797	6787	6764	7061	0	6522
AM283543	6515	6424	6438	6473	6522	0
