AB008853	0	6060	6874	6986	6876	6213
AF347025	6060	0	6147	6037	5984	6040
HM053969	6874	6147	0	6828	6796	6082
AF033672	6986	6037	6828	0	6870	6136
JX966306	6876	5984	6796	6870	0	6120
AF411470	6213	6040	6082	6136	6120	0
