KF728382	0	6611	6739	6582	6333	5969
KC243676	6611	0	6809	6958	6321	6262
HM447243	6739	6809	0	6751	6324	6017
FJ502233	6582	6958	6751	0	6481	6121
JQ173144	6333	6321	6324	6481	0	5970
AF004844	5969	6262	6017	6121	5970	0
