AB245389	0	6683	6414	6940	6855	6943	6642	6999
FJ807672	6683	0	6400	6555	6880	6696	6571	6695
FN556016	6414	6400	0	6382	6325	6418	6611	6360
Z78207	6940	6555	6382	0	6723	6772	6672	7153
KT749873	6855	6880	6325	6723	0	6790	6539	6810
AB271051	6943	6696	6418	6772	6790	0	6573	6839
KT694343	6642	6571	6611	6672	6539	6573	0	6671
EF601828	6999	6695	6360	7153	6810	6839	6671	0
