LN624392	0	6760	6953	6694	6899	6808	6754	6877	6713	6869	6629	6777	6749	6762	6826	6473	6958	6914	6715	6832	6824	6910
HQ424446	6760	0	7177	6668	6939	6551	6718	6900	7143	6754	6885	7097	7167	6797	6836	6770	6965	7016	6961	6829	7286	6939
FR822983	6953	7177	0	6830	7066	6796	6872	7083	7071	7027	6702	6995	6984	6901	7041	6571	7221	7278	6815	7028	7069	7155
EF674853	6694	6668	6830	0	6743	6575	6634	6757	6847	6725	6524	6770	6677	6842	6944	6275	6832	6847	6617	6731	6738	6854
JF751045	6899	6939	7066	6743	0	6776	6857	7053	6764	7078	6752	6989	6895	6792	6905	6452	6957	7058	6820	6999	6919	7214
EU365694	6808	6551	6796	6575	6776	0	6670	6747	6550	6767	6551	6687	6551	6633	6726	6278	6750	6822	6708	6733	6638	6872
KJ789957	6754	6718	6872	6634	6857	6670	0	7084	6705	6899	6542	6786	6730	6738	6863	6356	6899	6975	6715	7138	6711	6866
AB167354	6877	6900	7083	6757	7053	6747	7084	0	6814	6905	6609	6986	6861	6714	7000	6427	7076	7110	6800	7333	6883	7050
EF486352	6713	7143	7071	6847	6764	6550	6705	6814	0	6723	6768	6996	7026	6790	6878	6625	6926	6923	6855	6776	7150	6885
AB500893	6869	6754	7027	6725	7078	6767	6899	6905	6723	0	6727	6726	6731	6906	6901	6453	6927	7018	6777	6869	6784	7088
AF500006	6629	6885	6702	6524	6752	6551	6542	6609	6768	6727	0	6785	6948	6677	6601	6525	6686	6655	6900	6566	7002	6735
GQ262813	6777	7097	6995	6770	6989	6687	6786	6986	6996	6726	6785	0	7028	6747	6897	6547	6943	7102	6957	6972	7112	6939
AB158515	6749	7167	6984	6677	6895	6551	6730	6861	7026	6731	6948	7028	0	6683	6862	6654	7015	6850	6898	6799	7240	6966
AB500894	6762	6797	6901	6842	6792	6633	6738	6714	6790	6906	6677	6747	6683	0	6928	6330	6789	6909	6770	6683	6790	6853
AB124836	6826	6836	7041	6944	6905	6726	6863	7000	6878	6901	6601	6897	6862	6928	0	6318	7133	7036	6824	6983	6892	7086
U58338	6473	6770	6571	6275	6452	6278	6356	6427	6625	6453	6525	6547	6654	6330	6318	0	6426	6511	6515	6391	6745	6496
AY377986	6958	6965	7221	6832	6957	6750	6899	7076	6926	6927	6686	6943	7015	6789	7133	6426	0	7117	6815	7055	7015	7070
GQ262812	6914	7016	7278	6847	7058	6822	6975	7110	6923	7018	6655	7102	6850	6909	7036	6511	7117	0	6813	7104	6936	7042
KX982847	6715	6961	6815	6617	6820	6708	6715	6800	6855	6777	6900	6957	6898	6770	6824	6515	6815	6813	0	6756	7032	6868
AB266054	6832	6829	7028	6731	6999	6733	7138	7333	6776	6869	6566	6972	6799	6683	6983	6391	7055	7104	6756	0	6829	6990
AF479688	6824	7286	7069	6738	6919	6638	6711	6883	7150	6784	7002	7112	7240	6790	6892	6745	7015	6936	7032	6829	0	7016
DQ993341	6910	6939	7155	6854	7214	6872	6866	7050	6885	7088	6735	6939	6966	6853	7086	6496	7070	7042	6868	6990	7016	0
