JF824802	0	6572	6359	6605	6359	6554	6185	6448	6814	6685	6680	6712
GQ421849	6572	0	6726	6908	6816	6960	6539	6813	6931	7024	6856	6880
JX504804	6359	6726	0	6727	6601	6706	6597	6777	6727	6684	6611	6743
AB098515	6605	6908	6727	0	6749	6869	6437	6807	6871	6945	6712	6960
KX576552	6359	6816	6601	6749	0	6779	6372	6726	6622	6830	6550	6664
KX247636	6554	6960	6706	6869	6779	0	6549	6748	6866	6947	6791	6855
EU727176	6185	6539	6597	6437	6372	6549	0	6493	6569	6458	6501	6524
EF191408	6448	6813	6777	6807	6726	6748	6493	0	6761	6809	6659	6866
FR733708	6814	6931	6727	6871	6622	6866	6569	6761	0	6986	6956	6969
HM362433	6685	7024	6684	6945	6830	6947	6458	6809	6986	0	6809	6943
GQ421848	6680	6856	6611	6712	6550	6791	6501	6659	6956	6809	0	6769
HM362432	6712	6880	6743	6960	6664	6855	6524	6866	6969	6943	6769	0
