AB008797	0	7296	7296	7167	7085	7177	7321
D21224	7296	0	7380	7276	7079	7286	7467
AJ252023	7296	7380	0	7328	7080	7283	7361
EF192283	7167	7276	7328	0	6977	7353	7283
AB038033	7085	7079	7080	6977	0	6943	7122
AJ252022	7177	7286	7283	7353	6943	0	7293
AJ132226	7321	7467	7361	7283	7122	7293	0
