JN166984	0	6618	6960	6953	6716	6791	6979	6589	6858	6666	6513	6902
KU315485	6618	0	6420	6606	6367	6054	6553	6409	6397	6311	6448	6500
AY445073	6960	6420	0	7030	6756	6476	7099	6591	6775	6642	6476	6875
EU156065	6953	6606	7030	0	6948	6461	7247	6584	6929	6710	6544	6951
AF218782	6716	6367	6756	6948	0	6442	6924	6501	6730	6581	6384	6829
JF714702	6791	6054	6476	6461	6442	0	6486	6251	6456	6288	6071	6502
AY445075	6979	6553	7099	7247	6924	6486	0	6611	6964	6761	6572	6932
JN118551	6589	6409	6591	6584	6501	6251	6611	0	6450	6443	6490	6571
JN426849	6858	6397	6775	6929	6730	6456	6964	6450	0	6821	6476	6883
EU888117	6666	6311	6642	6710	6581	6288	6761	6443	6821	0	6468	6756
EU564844	6513	6448	6476	6544	6384	6071	6572	6490	6476	6468	0	6485
HM355805	6902	6500	6875	6951	6829	6502	6932	6571	6883	6756	6485	0
