AB012648	0	6659	7188	6578	7147	6762	6537
HQ917055	6659	0	6646	6854	6680	6822	6595
AB012647	7188	6646	0	6565	7153	6754	6538
GU217690	6578	6854	6565	0	6598	6841	6587
AB012646	7147	6680	7153	6598	0	6782	6552
JQ409017	6762	6822	6754	6841	6782	0	6492
DQ062097	6537	6595	6538	6587	6552	6492	0
