M58777	0	6455	6463	6621	6572	6509	6286	6284	6662	5941
AJ854059	6455	0	6657	6825	7160	7030	6645	6383	6885	6038
HQ671078	6463	6657	0	6573	6654	6661	6510	6354	6708	6067
AB176662	6621	6825	6573	0	6986	6781	6561	6416	6986	6030
EU204978	6572	7160	6654	6986	0	7021	6643	6414	7012	6037
HF947513	6509	7030	6661	6781	7021	0	6670	6367	6862	6025
GQ857652	6286	6645	6510	6561	6643	6670	0	6334	6592	6107
HE663456	6284	6383	6354	6416	6414	6367	6334	0	6448	6065
GU253339	6662	6885	6708	6986	7012	6862	6592	6448	0	6097
KC906253	5941	6038	6067	6030	6037	6025	6107	6065	6097	0
