KT971019	0	6938	6590	6834	6785	5970
DQ321750	6938	0	6720	6952	6916	6027
AM778124	6590	6720	0	6517	6676	5964
Y08541	6834	6952	6517	0	6798	6003
HE599560	6785	6916	6676	6798	0	6010
KP899234	5970	6027	5964	6003	6010	0
