AF251941	0	6643	6979	7171	6860	6783
X72495	6643	0	6580	6731	6953	7028
D14123	6979	6580	0	7022	6759	6700
D14124	7171	6731	7022	0	6939	6862
AJ004806	6860	6953	6759	6939	0	7158
AF262026	6783	7028	6700	6862	7158	0
