HQ456225	0	6704	6455	6370	6400	6264
AB005656	6704	0	7006	6918	6802	6457
DQ535889	6455	7006	0	7045	6958	6433
DQ205516	6370	6918	7045	0	6900	6319
Y14028	6400	6802	6958	6900	0	6409
FN376859	6264	6457	6433	6319	6409	0
