X07714	0	6830	6457	6552	6205	6613	7043	7001	6812	6415	6804	7233	7295	6945	7421	6496	6955	6410	6792	6981	7051
FJ654664	6830	0	6434	6633	6475	6419	6809	7056	6769	6203	7082	6887	7001	7089	6968	6723	6813	6386	6716	6852	6861
AJ239291	6457	6434	0	6411	6080	6569	6572	6510	6437	6352	6410	6568	6593	6419	6621	6450	6395	6534	6390	6479	6469
DQ006842	6552	6633	6411	0	6372	6363	6558	6785	6546	6193	6671	6640	6699	6771	6679	6492	6364	6340	6483	6575	6577
AF487709	6205	6475	6080	6372	0	6110	6120	6440	6131	5907	6378	6270	6267	6388	6289	6176	6240	6080	6181	6211	6161
AJ239289	6613	6419	6569	6363	6110	0	6496	6528	6308	6371	6377	6497	6513	6407	6704	6353	6417	6465	6370	6450	6324
L06168	7043	6809	6572	6558	6120	6496	0	6951	6852	6239	6796	7011	7103	6921	7133	6561	6628	6400	6737	6942	6899
DQ006843	7001	7056	6510	6785	6440	6528	6951	0	6856	6273	7017	7028	7147	7167	7097	6677	6791	6472	6796	6925	6916
L06171	6812	6769	6437	6546	6131	6308	6852	6856	0	6301	6784	6917	6980	6882	6895	6552	6588	6479	6785	6790	7264
AJ239286	6415	6203	6352	6193	5907	6371	6239	6273	6301	0	6245	6424	6260	6226	6362	6190	6267	6343	6429	6292	6315
FJ654662	6804	7082	6410	6671	6378	6377	6796	7017	6784	6245	0	6837	6974	7077	6909	6673	6716	6413	6798	6811	6875
ACKO02000016	7233	6887	6568	6640	6270	6497	7011	7028	6917	6424	6837	0	7299	6945	7347	6587	6952	6383	6922	6958	7176
AFWQ01000032	7295	7001	6593	6699	6267	6513	7103	7147	6980	6260	6974	7299	0	7069	7409	6709	6983	6567	6796	7008	7267
L06170	6945	7089	6419	6771	6388	6407	6921	7167	6882	6226	7077	6945	7069	0	7023	6683	6749	6416	6743	6868	6936
ACDY02000019	7421	6968	6621	6679	6289	6704	7133	7097	6895	6362	6909	7347	7409	7023	0	6634	6976	6509	6839	7029	7152
KF995745	6496	6723	6450	6492	6176	6353	6561	6677	6552	6190	6673	6587	6709	6683	6634	0	6618	6418	6431	6615	6609
AY560519	6955	6813	6395	6364	6240	6417	6628	6791	6588	6267	6716	6952	6983	6749	6976	6618	0	6366	6708	6692	6855
AJ239288	6410	6386	6534	6340	6080	6465	6400	6472	6479	6343	6413	6383	6567	6416	6509	6418	6366	0	6416	6440	6540
JN104029	6792	6716	6390	6483	6181	6370	6737	6796	6785	6429	6798	6922	6796	6743	6839	6431	6708	6416	0	6797	6875
GU233442	6981	6852	6479	6575	6211	6450	6942	6925	6790	6292	6811	6958	7008	6868	7029	6615	6692	6440	6797	0	6892
ADBF01000003	7051	6861	6469	6577	6161	6324	6899	6916	7264	6315	6875	7176	7267	6936	7152	6609	6855	6540	6875	6892	0
