KP057085	0	6998	6829	6780	6723	7050	6361	7000	6649	6918	6751	6714	6934	6815	6751	7021	6727	6639
KF040423	6998	0	7041	6926	6971	7113	6563	7088	6772	7126	6803	6829	6966	6969	6978	7488	6947	6783
AY588278	6829	7041	0	7311	7310	6881	6504	6907	6730	7159	6900	7220	7016	6891	6937	7064	7314	6816
AY226508	6780	6926	7311	0	7243	6821	6522	6853	6685	7024	6856	7267	6974	6837	6875	6966	7272	6808
HG795012	6723	6971	7310	7243	0	6778	6523	6829	6695	7034	6792	7135	6892	6793	6937	7028	7315	6804
EU566871	7050	7113	6881	6821	6778	0	6435	7076	6731	7036	6760	6729	6924	6881	6840	7097	6790	6709
EF680886	6361	6563	6504	6522	6523	6435	0	6445	6497	6548	6446	6522	6447	6591	6566	6610	6522	6466
KF914157	7000	7088	6907	6853	6829	7076	6445	0	6719	7028	6804	6774	6964	6889	6905	7102	6816	6784
FJ948172	6649	6772	6730	6685	6695	6731	6497	6719	0	6979	6759	6687	6814	6919	6752	6786	6703	6727
AY226510	6918	7126	7159	7024	7034	7036	6548	7028	6979	0	6876	6918	7013	7090	6951	7140	7031	6799
X80747	6751	6803	6900	6856	6792	6760	6446	6804	6759	6876	0	6863	7217	6947	6729	6817	6814	6683
AY588277	6714	6829	7220	7267	7135	6729	6522	6774	6687	6918	6863	0	6926	6835	6785	6869	7191	6750
AY820953	6934	6966	7016	6974	6892	6924	6447	6964	6814	7013	7217	6926	0	6966	6852	6980	6914	6777
AY574575	6815	6969	6891	6837	6793	6881	6591	6889	6919	7090	6947	6835	6966	0	6819	6983	6786	6729
AJ290397	6751	6978	6937	6875	6937	6840	6566	6905	6752	6951	6729	6785	6852	6819	0	6956	6944	7074
CBLL010000172	7021	7488	7064	6966	7028	7097	6610	7102	6786	7140	6817	6869	6980	6983	6956	0	6987	6761
AY928901	6727	6947	7314	7272	7315	6790	6522	6816	6703	7031	6814	7191	6914	6786	6944	6987	0	6843
LT601575	6639	6783	6816	6808	6804	6709	6466	6784	6727	6799	6683	6750	6777	6729	7074	6761	6843	0
