KT950742	0	6513	6431	6409	6363	6345	6740	6825	6756	6676
FJ457040	6513	0	6268	6369	6202	6243	6640	6553	6250	6261
KC307771	6431	6268	0	6453	6488	6662	6338	6399	6626	6586
EF592608	6409	6369	6453	0	6349	6372	6420	6311	6434	6411
GU291295	6363	6202	6488	6349	0	6477	6273	6281	6537	6673
KC307772	6345	6243	6662	6372	6477	0	6241	6278	6579	6514
KU505213	6740	6640	6338	6420	6273	6241	0	6971	6626	6535
EU616816	6825	6553	6399	6311	6281	6278	6971	0	6701	6552
DQ457019	6756	6250	6626	6434	6537	6579	6626	6701	0	6865
KT032154	6676	6261	6586	6411	6673	6514	6535	6552	6865	0
