DQ244076	0	6731	6903	6735	6843	7238
EU877262	6731	0	6846	6933	6777	6731
KM007102	6903	6846	0	6864	6836	6898
KT962169	6735	6933	6864	0	6774	6723
KT388748	6843	6777	6836	6774	0	6885
DQ244077	7238	6731	6898	6723	6885	0
