GU447302	0	6319	6242	6829	6792	6805	6485	6454
EU143347	6319	0	6181	6387	6278	6348	6145	6242
KX531008	6242	6181	0	6583	6321	6312	6019	6460
AF534573	6829	6387	6583	0	6794	6854	6445	6754
HQ176467	6792	6278	6321	6794	0	6775	6507	6512
DQ659453	6805	6348	6312	6854	6775	0	6643	6526
KU057958	6485	6145	6019	6445	6507	6643	0	6268
AM498744	6454	6242	6460	6754	6512	6526	6268	0
