DQ282122	0	6474	6582	6858	6498	6732	6643	6631	6770	6523	6645	6719	6523	6650	6597	6723	6685	6780	6621	6440	6754	6727	6733	6588	6569	6562	6569	6517	6328	6672	6438	6616	6689	6501	6697	6688	6090	6724	6640	6512	6734	6631	6667	6680	6687	6671	6583	6574	6687	6685	6517	6577	6198	6712	6593	6653	6621	6591	6683	6629	6740	6637	6400	6644	6705	6625	6558	6557	6662	6553	6692	6705	6690	6644	6510	6714	6601	6627	6467	6635	6715	6686	6405	6694	6756	6640	6664	6667	6715	6533	6455	6499	6514	6512	6593	6604	6565	6554	6603	6586	6636
AJ303008	6474	0	7020	6903	7122	6971	6766	7076	6917	7307	7021	6956	7307	6799	6984	6974	6990	7005	6990	6411	7063	6762	6952	6959	7027	6714	6729	6785	6511	6972	6887	6917	6985	7301	6787	6945	6542	6777	6457	6745	6770	6568	6986	6803	6929	6928	6901	7010	6733	6600	7043	6460	6323	7092	6879	6897	6737	6623	7032	6957	6635	7018	6328	7014	6888	6767	6907	6848	6721	7034	6775	6621	6634	6678	6954	6869	6931	7016	7114	6980	6835	6723	6881	6540	6995	7111	6816	6702	6600	6768	6599	6464	7323	7013	6413	7007	7026	7033	6902	6876	7116
AF430046	6582	7020	0	6928	6808	7125	6897	7200	6950	7045	7204	7021	7045	6861	7273	7078	7083	7113	7173	6557	7162	6801	7092	7141	6935	6772	6675	6933	6376	6981	6986	6987	7159	7019	6911	6993	6237	6953	6563	6840	6811	6567	7153	6929	7075	6889	6994	7228	6823	6700	7115	6611	6249	7201	6991	7120	6875	6734	7087	7187	6856	7136	6381	7056	7010	6871	6965	6920	6801	7129	6773	6722	6638	6815	7079	6972	6927	7141	6990	7169	6914	6820	6947	6586	7134	7312	6891	6781	6725	6892	6753	6536	7003	7096	6530	7026	7154	7030	6983	6952	7263
KP972626	6858	6903	6928	0	6775	7026	6818	7107	7079	6903	6998	7029	6903	6896	6963	7228	7161	7152	7001	6479	7151	6860	7020	6951	6959	6710	6797	6815	6373	7029	6919	6926	7054	6896	6882	7131	6138	6960	6652	6780	6982	6607	7061	6956	7060	7095	6965	6939	6929	6841	6996	6607	6237	7119	6934	6963	6834	6623	7176	6990	6864	7106	6526	7031	6973	6978	6954	6842	6813	6922	6877	6800	6692	6706	6986	7080	6884	7012	6899	6995	6986	6923	6871	6832	7075	7050	6995	6789	6757	6834	6663	6477	6975	6949	6642	7044	6960	6992	6880	6913	7008
AF277204	6498	7122	6808	6775	0	6844	6664	6909	6884	7180	6885	6886	7180	6794	6824	6803	6828	6879	6841	6394	6921	6724	6828	6794	6903	6684	6584	6623	6492	6857	6689	6841	6857	7158	6622	6773	6453	6729	6435	6585	6711	6594	6851	6725	6815	6839	6782	6790	6683	6575	6828	6473	6327	6956	6715	6796	6664	6599	6852	6772	6577	6788	6265	6818	6832	6632	6748	6783	6722	6875	6743	6617	6631	6641	6788	6794	6922	6858	6927	6770	6731	6679	6663	6554	6838	6861	6699	6695	6582	6584	6550	6398	7127	6802	6359	6860	6848	6812	6756	6737	6896
AF430035	6732	6971	7125	7026	6844	0	6795	7122	7064	7052	7162	7016	7052	6884	7040	7107	7136	7162	7140	6511	7299	7032	7361	7116	6851	6728	6686	6858	6335	7206	6962	7038	7243	7070	6930	7047	6178	6892	6527	6793	6867	6819	7259	7053	7102	6924	6962	7159	6867	6726	7018	6841	6234	7239	6913	7050	6804	6693	7143	7100	6835	7084	6404	6954	7276	6818	6917	6945	6814	7071	6810	6730	6874	6777	7001	7008	6891	7066	7016	7074	7214	6849	6888	6682	7128	7118	6900	6787	7001	6928	6691	6608	7016	7010	6630	6992	7134	7023	6966	6964	7140
AF459443	6643	6766	6897	6818	6664	6795	0	6868	6861	6745	6803	6939	6745	6854	6874	6872	6753	6816	6767	6504	6912	6817	6803	6766	6833	6707	6680	6792	6411	6779	6623	6814	6792	6730	6733	6808	6250	6827	6620	6550	6780	6615	6795	6686	6757	6759	6725	6811	6769	6705	6762	6615	6259	6960	6726	6789	6728	6687	6888	6797	6745	6764	6380	6981	6773	6755	6742	6624	6745	6725	6814	6724	6716	6798	6746	6861	6845	6866	6679	6821	6788	6757	6591	6641	6845	6960	6766	6811	6735	6542	6516	6522	6729	6753	6483	6794	6741	6714	6737	6730	6860
AY779043	6631	7076	7200	7107	6909	7122	6868	0	7052	7133	7243	7117	7133	6934	7151	7234	7307	7164	7217	6534	7231	6860	7107	7158	7092	6834	6865	6863	6502	7138	7118	7032	7247	7120	6960	7109	6226	7085	6559	6868	6918	6658	7223	6922	7179	7115	7000	7134	6983	6828	7307	6615	6358	7244	7040	7072	6815	6739	7245	7105	6942	7207	6481	7072	7006	6930	7084	7065	6946	7176	6920	6778	6741	6785	7425	7033	7038	7155	7129	7111	6967	6963	7092	6671	7133	7257	7088	6966	6765	6886	6689	6584	7206	7268	6641	7141	7201	7153	7106	7063	7244
AF218292	6770	6917	6950	7079	6884	7064	6861	7052	0	6941	7029	7068	6941	7018	6974	7109	7123	7093	7016	6579	7175	6901	7047	6964	6944	6787	6777	6841	6422	6988	6875	7006	7120	6942	6858	7086	6241	6918	6658	6825	6953	6688	7128	6988	7076	6994	6963	6996	6954	6855	6901	6717	6324	7149	6963	6990	6872	6762	7175	6967	6745	7001	6490	7012	7036	6843	6911	6985	6949	6956	6879	6845	6752	6791	6939	7100	6982	7029	6835	6972	6971	6950	6849	6903	7082	7007	6978	6877	6798	6742	6721	6564	6917	6919	6603	6999	6983	6989	6878	6886	7024
AF430052	6523	7307	7045	6903	7180	7052	6745	7133	6941	0	7122	6980	7470	6848	6952	7009	7011	7088	7068	6414	7146	6778	7004	7012	7006	6711	6687	6725	6557	6983	6904	6969	7076	7420	6716	6942	6481	6824	6479	6682	6819	6611	7044	6858	6991	6922	6900	7008	6781	6617	7043	6526	6381	7168	6851	6951	6692	6624	7038	6989	6694	6980	6379	6937	6910	6706	6886	6882	6745	7088	6816	6674	6674	6683	7011	6910	6997	7009	7148	6987	6825	6765	6850	6564	7047	7072	6834	6733	6653	6769	6570	6422	7374	6999	6421	6986	7051	7013	6874	6855	7132
AF430042	6645	7021	7204	6998	6885	7162	6803	7243	7029	7122	0	7062	7122	6911	7102	7076	7136	7193	7277	6532	7239	6871	7113	7205	6962	6915	6828	6886	6494	7078	6990	6984	7211	7096	6887	7017	6222	6972	6547	6792	6906	6653	7205	6961	7110	7021	6978	7149	6892	6752	7200	6641	6339	7233	6996	7094	6842	6858	7113	7137	6874	7121	6476	6995	7019	6856	7091	6989	6870	7215	6870	6775	6734	6835	7122	6978	6979	7230	7031	7118	6942	6889	6948	6648	7143	7184	6960	6842	6753	6843	6720	6592	7071	7162	6572	7158	7186	7192	7024	6987	7301
JN989289	6719	6956	7021	7029	6886	7016	6939	7117	7068	6980	7062	0	6980	6956	7027	7088	7031	7044	6994	6546	7110	6909	7010	7005	7109	6793	6776	6850	6442	7008	6906	6952	7044	6958	6960	7042	6275	7012	6626	6682	6942	6671	7022	6878	6986	7040	6886	6939	6938	6779	6978	6699	6357	7130	6911	6926	6815	6759	7131	6952	6873	6961	6509	7191	7006	6880	6957	6889	6906	6945	6900	6798	6760	6797	6995	7054	7048	7028	6937	6950	7014	6942	6890	6737	7035	7112	6983	6862	6801	6730	6635	6568	6985	6992	6635	7037	6948	6933	6973	6966	7053
AF430051	6523	7307	7045	6903	7180	7052	6745	7133	6941	7470	7122	6980	0	6848	6952	7009	7011	7088	7068	6414	7146	6778	7004	7012	7006	6711	6687	6725	6557	6983	6904	6969	7076	7420	6716	6942	6481	6824	6479	6682	6819	6611	7044	6858	6991	6922	6900	7008	6781	6617	7043	6526	6381	7168	6851	6951	6692	6624	7038	6989	6694	6980	6379	6937	6910	6706	6886	6882	6745	7088	6816	6674	6674	6683	7011	6910	6997	7009	7148	6987	6825	6765	6850	6564	7047	7072	6834	6733	6653	6769	6570	6422	7374	6999	6421	6986	7051	7013	6874	6855	7132
AB126874	6650	6799	6861	6896	6794	6884	6854	6934	7018	6848	6911	6956	6848	0	6884	7018	6935	6901	6883	6611	7011	6784	6885	6841	6844	6775	6732	6839	6418	6836	6745	6947	6927	6833	6698	6966	6220	6802	6612	6726	6816	6621	6912	6904	6922	6839	6917	6931	6871	6749	6783	6610	6298	7080	6839	6950	6905	6710	7055	6925	6677	6928	6380	6915	6852	6819	6834	6788	6784	6835	6781	6821	6657	6735	6822	7009	6936	6929	6761	6915	6851	6859	6706	6809	6910	6903	6915	6809	6684	6661	6713	6503	6830	6777	6518	6887	6852	6914	6729	6803	6915
AB024312	6597	6984	7273	6963	6824	7040	6874	7151	6974	6952	7102	7027	6952	6884	0	7004	7037	7042	7082	6582	7085	6815	7022	7058	6941	6784	6725	6936	6388	6990	6938	6888	7066	6926	6953	6952	6253	6975	6603	6774	6850	6588	7068	6818	7007	6950	7019	7123	6854	6724	7094	6601	6265	7123	6985	7061	6885	6766	7039	7097	6864	7086	6398	7058	7006	6921	7008	6874	6825	7038	6812	6755	6651	6848	7030	6958	6914	7173	6914	7068	6952	6837	6875	6610	7064	7243	6937	6806	6740	6867	6764	6564	6955	7070	6583	7084	7057	7011	7052	7015	7174
DQ157924	6723	6974	7078	7228	6803	7107	6872	7234	7109	7009	7076	7088	7009	7018	7004	0	7374	7248	7089	6540	7268	6803	7091	7055	7034	6662	6859	6870	6313	7029	7129	7073	7159	6989	6841	7377	6131	6961	6676	6939	6983	6566	7143	7150	7260	7072	7097	7123	7031	6893	7063	6620	6208	7233	7096	7197	6922	6667	7430	7224	6770	7304	6513	7071	7018	7037	6908	6904	6780	7002	6868	6843	6650	6690	7123	7343	6933	7020	7036	7231	6946	7022	7110	6894	7259	7178	7107	6753	6722	7013	6808	6485	7090	7042	6697	7042	7040	7136	6904	6960	7097
AB108781	6685	6990	7083	7161	6828	7136	6753	7307	7123	7011	7136	7031	7011	6935	7037	7374	0	7192	7120	6598	7206	6837	7104	7025	6987	6718	6912	6913	6315	7082	7181	6974	7271	7012	6946	7277	6143	7048	6607	7082	6927	6599	7279	7117	7411	7133	7132	7201	7148	7023	7134	6615	6235	7171	7210	7187	6952	6703	7332	7223	6857	7364	6464	6979	7018	7073	6969	7074	6943	7072	6901	6787	6654	6738	7196	7174	6875	7070	7046	7227	6964	7144	7171	6891	7199	7129	7208	6871	6735	7023	6836	6557	7096	7134	6848	7046	7128	7199	6973	6987	7130
AF430038	6780	7005	7113	7152	6879	7162	6816	7164	7093	7088	7193	7044	7088	6901	7042	7248	7192	0	7123	6424	7257	6830	7103	7135	6922	6738	6698	6768	6398	6995	6985	7020	7141	7081	6837	7184	6212	7048	6680	6894	7141	6610	7156	7093	7189	7126	7030	7059	6955	6859	7037	6595	6290	7236	6988	7087	6834	6692	7175	7129	6867	7107	6637	7025	7003	6845	6908	6960	6846	7082	7008	6839	6688	6699	7044	7149	6932	7026	6960	7128	6934	6934	6924	6850	7240	7136	6983	6772	6743	6871	6722	6488	7040	7036	6613	7035	7100	7037	6925	6880	7149
AF430067	6621	6990	7173	7001	6841	7140	6767	7217	7016	7068	7277	6994	7068	6883	7082	7089	7120	7123	0	6568	7261	6827	7105	7238	6953	6875	6854	6902	6491	7028	6944	6979	7229	7023	6935	6994	6212	6905	6559	6826	6855	6628	7191	6933	7114	6966	7044	7192	6882	6728	7107	6623	6283	7201	7055	7132	6917	6736	7090	7214	6765	7225	6435	6950	7024	6958	7109	6938	6818	7261	6808	6729	6675	6803	7111	6988	6922	7149	6942	7219	6915	6879	6969	6634	7139	7144	6934	6842	6763	6881	6813	6612	7009	7124	6544	7124	7283	7169	6982	6933	7301
AB126873	6440	6411	6557	6479	6394	6511	6504	6534	6579	6414	6532	6546	6414	6611	6582	6540	6598	6424	6568	0	6590	6511	6506	6456	6440	6518	6536	6612	6161	6463	6413	6493	6635	6392	6522	6493	6009	6481	6444	6531	6420	6427	6594	6506	6588	6433	6544	6674	6601	6548	6484	6414	6045	6569	6551	6689	6630	6593	6575	6649	6387	6667	6062	6492	6502	6648	6485	6561	6533	6530	6465	6504	6424	6640	6422	6523	6471	6640	6336	6619	6486	6605	6396	6540	6571	6568	6573	6576	6448	6447	6594	6444	6403	6457	6359	6501	6538	6570	6438	6491	6633
AF430027	6754	7063	7162	7151	6921	7299	6912	7231	7175	7146	7239	7110	7146	7011	7085	7268	7206	7257	7261	6590	0	6939	7263	7200	6980	6811	6820	6909	6451	7097	6999	7120	7325	7126	6919	7160	6255	6954	6645	6853	6997	6702	7309	7120	7177	7023	7064	7176	6965	6811	7087	6739	6338	7336	7027	7149	6889	6765	7256	7183	6781	7187	6527	7053	7172	6912	7007	7024	6900	7173	6912	6823	6771	6842	7109	7169	6984	7162	6996	7190	7072	6956	6976	6793	7240	7194	7011	6883	6894	6938	6776	6620	7112	7087	6585	7106	7190	7116	6969	6951	7275
FR729900	6727	6762	6801	6860	6724	7032	6817	6860	6901	6778	6871	6909	6778	6784	6815	6803	6837	6830	6827	6511	6939	0	7036	6787	6776	6754	6696	6744	6387	7063	6669	6807	6887	6797	6843	6796	6220	6822	6530	6557	6801	6888	6927	6761	6811	6846	6737	6850	6830	6732	6776	6737	6296	6942	6711	6759	6683	6710	6878	6768	6800	6782	6362	6861	7005	6765	6806	6701	6811	6768	6861	6728	6940	6791	6739	6794	6845	6862	6743	6749	7039	6811	6609	6659	6827	6836	6792	6812	6918	6613	6518	6599	6763	6772	6600	6830	6820	6793	6824	6812	6856
AB192415	6733	6952	7092	7020	6828	7361	6803	7107	7047	7004	7113	7010	7004	6885	7022	7091	7104	7103	7105	6506	7263	7036	0	7065	6853	6717	6668	6847	6313	7187	6909	7012	7208	7005	6925	7046	6168	6860	6524	6760	6841	6781	7226	7005	7063	6892	6946	7113	6856	6710	6990	6831	6219	7205	6910	7018	6787	6676	7142	7051	6804	7065	6399	6928	7274	6808	6902	6924	6805	7035	6785	6711	6850	6758	6986	7007	6874	7042	6953	7039	7195	6838	6883	6665	7090	7110	6888	6775	7057	6905	6683	6597	6993	6997	6609	6984	7090	7008	6953	6937	7112
AF430049	6588	6959	7141	6951	6794	7116	6766	7158	6964	7012	7205	7005	7012	6841	7058	7055	7025	7135	7238	6456	7200	6787	7065	0	6928	6812	6730	6826	6434	6986	6895	6940	7135	6983	6849	6968	6199	6910	6552	6739	6840	6585	7113	6915	7014	6907	6975	7107	6795	6642	7056	6601	6261	7159	6897	7046	6794	6719	7063	7120	6736	7092	6438	6953	6982	6834	6986	6878	6768	7143	6796	6713	6646	6739	7045	6953	6893	7049	6948	7113	6880	6775	6936	6592	7142	7160	6839	6759	6705	6839	6699	6519	6988	7122	6479	7109	7186	7035	7008	6945	7209
KM577163	6569	7027	6935	6959	6903	6851	6833	7092	6944	7006	6962	7109	7006	6844	6941	7034	6987	6922	6953	6440	6980	6776	6853	6928	0	6780	6818	6770	6518	6920	6896	6822	6908	6984	6886	6953	6318	6894	6499	6598	6838	6582	6884	6712	6851	7024	6842	6854	6802	6662	7016	6537	6353	7000	6819	6794	6705	6706	7082	6850	6738	6955	6388	7081	6853	6858	6941	6770	6796	6959	6822	6694	6665	6708	6970	6922	7005	6948	6970	6840	6895	6806	6915	6613	6925	7050	6854	6753	6653	6659	6538	6520	7079	6951	6487	7066	6909	6964	6903	6933	6996
DQ659910	6562	6714	6772	6710	6684	6728	6707	6834	6787	6711	6915	6793	6711	6775	6784	6662	6718	6738	6875	6518	6811	6754	6717	6812	6780	0	6799	6671	6545	6733	6593	6700	6792	6698	6682	6638	6243	6747	6500	6550	6727	6639	6766	6633	6690	6771	6709	6755	6720	6637	6737	6540	6282	6807	6682	6713	6712	6773	6720	6719	6649	6744	6321	6779	6701	6717	6869	6706	6800	6852	6754	6696	6618	6771	6713	6651	6782	6863	6675	6692	6707	6707	6593	6606	6701	6782	6709	6809	6622	6449	6540	6536	6693	6721	6407	6902	6867	6902	6676	6699	6905
AB092560	6569	6729	6675	6797	6584	6686	6680	6865	6777	6687	6828	6776	6687	6732	6725	6859	6912	6698	6854	6536	6820	6696	6668	6730	6818	6799	0	6734	6497	6738	6717	6586	6813	6691	6712	6769	6200	6708	6490	6549	6694	6564	6804	6632	6780	6836	6821	6823	6830	6743	6759	6515	6239	6760	6780	6752	6695	6715	6893	6804	6569	6944	6347	6768	6668	6902	6921	6583	6700	6863	6733	6617	6634	6749	6752	6750	6650	6832	6719	6793	6709	6810	6721	6608	6736	6764	6835	6740	6649	6587	6534	6482	6768	6754	6591	6933	6813	7062	6685	6803	6840
JX484797	6517	6785	6933	6815	6623	6858	6792	6863	6841	6725	6886	6850	6725	6839	6936	6870	6913	6768	6902	6612	6909	6744	6847	6826	6770	6671	6734	0	6265	6821	6800	6672	6930	6702	6871	6813	6155	6812	6493	6690	6672	6511	6931	6736	6900	6740	6885	7046	6857	6718	6848	6563	6171	6887	6908	6962	6937	6747	6900	7026	6732	7001	6261	6862	6830	6932	6829	6650	6693	6855	6656	6621	6609	6784	6751	6856	6734	6951	6661	7024	6847	6840	6814	6610	6859	6933	6889	6699	6672	6750	6709	6560	6745	6804	6549	6823	6876	6885	6780	6807	6971
AY964666	6328	6511	6376	6373	6492	6335	6411	6502	6422	6557	6494	6442	6557	6418	6388	6313	6315	6398	6491	6161	6451	6387	6313	6434	6518	6545	6497	6265	0	6388	6234	6343	6383	6532	6300	6276	6294	6382	6239	6146	6403	6403	6351	6252	6305	6442	6336	6343	6334	6283	6475	6204	6350	6451	6315	6309	6299	6368	6358	6323	6333	6334	6238	6441	6299	6308	6540	6308	6407	6518	6477	6392	6422	6377	6389	6301	6551	6443	6369	6301	6312	6324	6220	6236	6370	6407	6354	6471	6322	6100	6125	6248	6503	6380	6224	6541	6442	6483	6347	6315	6477
JN896611	6672	6972	6981	7029	6857	7206	6779	7138	6988	6983	7078	7008	6983	6836	6990	7029	7082	6995	7028	6463	7097	7063	7187	6986	6920	6733	6738	6821	6388	0	6918	6944	7072	7003	6921	6993	6160	6867	6477	6719	6776	6864	7090	6892	7008	7003	6885	7038	6818	6686	7048	6697	6249	7122	6873	6917	6728	6680	7100	6955	6821	7024	6333	6972	7152	6811	6944	6865	6768	6966	6818	6674	6922	6739	7016	6936	6913	7087	6999	6931	7149	6807	6875	6606	7002	7048	6887	6807	6895	6820	6627	6577	7009	7027	6628	7024	7033	7000	7043	6958	7037
FR733721	6438	6887	6986	6919	6689	6962	6623	7118	6875	6904	6990	6906	6904	6745	6938	7129	7181	6985	6944	6413	6999	6669	6909	6895	6896	6593	6717	6800	6234	6918	0	6844	7047	6923	6813	7058	6045	6800	6364	6807	6731	6439	7039	6930	7108	6879	6944	7052	6863	6736	7024	6450	6135	6997	6948	6952	6694	6621	7130	6995	6665	7085	6274	6929	6824	6831	6826	6843	6715	6935	6666	6602	6515	6598	7008	6947	6758	6916	6993	6978	6818	6875	7405	6590	6944	7036	6961	6661	6540	6835	6616	6388	6983	6957	6594	6910	6960	7051	6811	6830	6995
AY282603	6616	6917	6987	6926	6841	7038	6814	7032	7006	6969	6984	6952	6969	6947	6888	7073	6974	7020	6979	6493	7120	6807	7012	6940	6822	6700	6586	6672	6343	6944	6844	0	7014	6980	6649	7013	6195	6752	6556	6785	6768	6622	7027	6999	6968	6814	6844	6968	6734	6628	6863	6566	6233	7193	6769	6939	6733	6605	7109	6931	6609	6941	6313	6924	6903	6664	6759	6931	6762	6924	6734	6734	6656	6690	6928	6969	6909	6949	6942	6946	6848	6715	6779	6709	6999	7025	6757	6759	6662	6704	6657	6463	6944	6878	6380	6896	6941	6913	6740	6750	7013
AF430041	6689	6985	7159	7054	6857	7243	6792	7247	7120	7076	7211	7044	7076	6927	7066	7159	7271	7141	7229	6635	7325	6887	7208	7135	6908	6792	6813	6930	6383	7072	7047	7014	0	7054	6957	7083	6187	6969	6602	6924	6872	6643	7412	7071	7249	6952	7060	7238	7027	6877	7090	6734	6279	7236	7085	7155	6894	6749	7179	7190	6812	7223	6446	6954	7114	6933	6980	7053	6924	7160	6822	6757	6719	6805	7134	7061	6915	7133	6982	7195	7029	7022	7025	6738	7178	7142	7063	6899	6839	6962	6796	6594	7043	7095	6682	7039	7205	7120	6976	6960	7237
AF430050	6501	7301	7019	6896	7158	7070	6730	7120	6942	7420	7096	6958	7420	6833	6926	6989	7012	7081	7023	6392	7126	6797	7005	6983	6984	6698	6691	6702	6532	7003	6923	6980	7054	0	6694	6929	6462	6810	6440	6687	6813	6623	7053	6878	6986	6915	6894	7011	6762	6620	7021	6497	6352	7155	6811	6906	6656	6605	7025	6950	6668	6958	6348	6931	6904	6669	6870	6883	6747	7093	6810	6652	6677	6660	6998	6890	6973	6983	7173	6942	6851	6750	6843	6565	7019	7031	6814	6727	6654	6741	6542	6402	7335	6988	6416	6962	7053	7007	6846	6832	7092
HM153801	6697	6787	6911	6882	6622	6930	6733	6960	6858	6716	6887	6960	6716	6698	6953	6841	6946	6837	6935	6522	6919	6843	6925	6849	6886	6682	6712	6871	6300	6921	6813	6649	6957	6694	0	6808	6139	6900	6515	6703	6772	6606	6935	6692	6909	6864	6823	6938	6859	6730	6925	6603	6193	6861	6947	6831	6774	6693	6864	6905	6845	6931	6330	6939	6916	6911	6910	6750	6800	6841	6707	6680	6686	6746	6838	6795	6735	6944	6743	6891	6942	6899	6860	6572	6901	6941	6936	6765	6741	6781	6621	6777	6756	6907	6722	6879	6919	6860	7002	6932	6981
AB108778	6688	6945	6993	7131	6773	7047	6808	7109	7086	6942	7017	7042	6942	6966	6952	7377	7277	7184	6994	6493	7160	6796	7046	6968	6953	6638	6769	6813	6276	6993	7058	7013	7083	6929	6808	0	6121	6920	6623	6916	7016	6559	7088	7155	7177	7055	7098	7058	7010	6872	6948	6589	6174	7188	7065	7088	6851	6606	7399	7122	6752	7187	6545	7017	6985	6977	6865	6871	6764	6939	6847	6832	6637	6644	6998	7250	6897	6984	6943	7120	6930	7024	7029	6880	7151	7120	7090	6718	6701	6958	6737	6414	6967	6954	6698	6975	6971	7086	6828	6851	7002
DQ235688	6090	6542	6237	6138	6453	6178	6250	6226	6241	6481	6222	6275	6481	6220	6253	6131	6143	6212	6212	6009	6255	6220	6168	6199	6318	6243	6200	6155	6294	6160	6045	6195	6187	6462	6139	6121	0	6173	6061	6004	6201	6179	6163	6063	6130	6221	6164	6208	6170	6105	6224	5996	6342	6290	6117	6148	6168	6221	6203	6171	6077	6188	6193	6322	6150	6169	6214	6123	6239	6238	6288	6137	6234	6258	6113	6119	6317	6250	6283	6181	6147	6144	6051	6045	6205	6263	6123	6248	6152	5945	5977	6058	6450	6212	6042	6285	6232	6206	6164	6178	6317
AB158277	6724	6777	6953	6960	6729	6892	6827	7085	6918	6824	6972	7012	6824	6802	6975	6961	7048	7048	6905	6481	6954	6822	6860	6910	6894	6747	6708	6812	6382	6867	6800	6752	6969	6810	6900	6920	6173	0	6661	6768	6967	6600	6964	6783	7029	7024	6898	6890	7022	6902	6919	6590	6283	6951	6942	6916	6832	6731	6897	6942	7024	6909	6512	6938	6848	6875	6855	6836	6906	6879	6944	6812	6702	6759	6965	6953	6884	6917	6759	6947	6851	7000	6790	6761	7010	6963	7021	6874	6705	6720	6631	6549	6816	6932	6687	6871	6907	6844	6933	6888	6953
EU099357	6640	6457	6563	6652	6435	6527	6620	6559	6658	6479	6547	6626	6479	6612	6603	6676	6607	6680	6559	6444	6645	6530	6524	6552	6499	6500	6490	6493	6239	6477	6364	6556	6602	6440	6515	6623	6061	6661	0	6616	6626	6463	6564	6611	6608	6585	6594	6546	6614	6607	6509	6398	6106	6624	6639	6675	6640	6566	6600	6664	6541	6630	6284	6611	6503	6625	6484	6492	6516	6451	6614	6772	6490	6603	6448	6664	6545	6568	6394	6663	6495	6609	6340	6679	6805	6619	6601	6571	6488	6478	6521	6433	6462	6595	6418	6516	6486	6504	6601	6556	6600
AB108780	6512	6745	6840	6780	6585	6793	6550	6868	6825	6682	6792	6682	6682	6726	6774	6939	7082	6894	6826	6531	6853	6557	6760	6739	6598	6550	6549	6690	6146	6719	6807	6785	6924	6687	6703	6916	6004	6768	6616	0	6625	6424	6933	6929	7081	6728	6873	6970	6838	6802	6749	6366	6015	6834	7047	6960	6834	6524	6898	6982	6586	7004	6173	6728	6700	6748	6654	6920	6684	6774	6612	6616	6412	6537	6757	6868	6621	6784	6620	6977	6613	6817	6829	6772	6902	6849	6867	6636	6418	6728	6820	6517	6666	6811	6545	6693	6836	6864	6720	6625	6878
JN705252	6734	6770	6811	6982	6711	6867	6780	6918	6953	6819	6906	6942	6819	6816	6850	6983	6927	7141	6855	6420	6997	6801	6841	6840	6838	6727	6694	6672	6403	6776	6731	6768	6872	6813	6772	7016	6201	6967	6626	6625	0	6581	6862	6830	6909	7067	6889	6757	6951	6815	6783	6572	6287	6960	6848	6795	6720	6670	6934	6827	6821	6847	6693	6919	6809	6851	6818	6725	6836	6813	7004	6853	6659	6677	6798	6974	6833	6852	6698	6827	6835	6958	6682	6807	6945	6876	6952	6768	6721	6630	6534	6475	6787	6764	6603	6881	6823	6812	6745	6755	6881
DQ462650	6631	6568	6567	6607	6594	6819	6615	6658	6688	6611	6653	6671	6611	6621	6588	6566	6599	6610	6628	6427	6702	6888	6781	6585	6582	6639	6564	6511	6403	6864	6439	6622	6643	6623	6606	6559	6179	6600	6463	6424	6581	0	6667	6594	6580	6642	6515	6599	6600	6557	6605	6589	6241	6697	6482	6549	6533	6605	6641	6537	6581	6543	6213	6633	6785	6528	6608	6560	6635	6619	6696	6583	6867	6663	6537	6557	6687	6653	6524	6514	6797	6574	6405	6524	6595	6608	6563	6706	6779	6372	6378	6579	6578	6546	6449	6607	6611	6582	6593	6591	6627
AF430040	6667	6986	7153	7061	6851	7259	6795	7223	7128	7044	7205	7022	7044	6912	7068	7143	7279	7156	7191	6594	7309	6927	7226	7113	6884	6766	6804	6931	6351	7090	7039	7027	7412	7053	6935	7088	6163	6964	6564	6933	6862	6667	0	7104	7242	6959	7058	7241	7009	6902	7091	6727	6241	7235	7047	7135	6889	6750	7184	7171	6806	7184	6399	6947	7140	6911	6963	7061	6946	7151	6820	6758	6732	6791	7110	7045	6891	7109	6963	7175	7054	6992	7016	6746	7165	7128	7033	6892	6857	6931	6774	6596	7005	7097	6684	7022	7195	7117	6963	6947	7199
AJ508748	6680	6803	6929	6956	6725	7053	6686	6922	6988	6858	6961	6878	6858	6904	6818	7150	7117	7093	6933	6506	7120	6761	7005	6915	6712	6633	6632	6736	6252	6892	6930	6999	7071	6878	6692	7155	6063	6783	6611	6929	6830	6594	7104	0	7116	6879	6982	7054	6850	6791	6822	6575	6131	7054	6925	7099	6895	6607	7103	7078	6619	7080	6382	6836	6919	6835	6706	6860	6701	6881	6723	6806	6579	6632	6811	7052	6778	6868	6783	7076	6858	6870	6860	6849	7075	6954	6914	6664	6648	6888	6787	6418	6819	6828	6580	6817	6899	6949	6711	6721	6954
AB108779	6687	6929	7075	7060	6815	7102	6757	7179	7076	6991	7110	6986	6991	6922	7007	7260	7411	7189	7114	6588	7177	6811	7063	7014	6851	6690	6780	6900	6305	7008	7108	6968	7249	6986	6909	7177	6130	7029	6608	7081	6909	6580	7242	7116	0	7015	7106	7184	7128	7016	7006	6587	6230	7152	7189	7203	6947	6679	7185	7220	6849	7250	6452	6941	6986	6955	6882	7029	6897	7040	6880	6768	6648	6717	7086	7164	6847	7025	6923	7241	6901	7125	7077	6861	7179	7068	7152	6848	6701	6971	6843	6537	6967	7010	6820	6939	7100	7100	6908	6878	7109
AJ556157	6671	6928	6889	7095	6839	6924	6759	7115	6994	6922	7021	7040	6922	6839	6950	7072	7133	7126	6966	6433	7023	6846	6892	6907	7024	6771	6836	6740	6442	7003	6879	6814	6952	6915	6864	7055	6221	7024	6585	6728	7067	6642	6959	6879	7015	0	6945	6842	6921	6816	6978	6559	6327	7015	6966	6866	6775	6671	7037	6893	6843	7016	6587	7025	6899	6921	6978	6830	6839	6947	7044	6788	6704	6685	6995	6971	6948	6969	6901	6898	6911	6943	6851	6752	7017	6988	6994	6794	6686	6756	6598	6451	7000	6960	6653	7094	6913	6972	6933	6937	6969
LC103184	6583	6901	6994	6965	6782	6962	6725	7000	6963	6900	6978	6886	6900	6917	7019	7097	7132	7030	7044	6544	7064	6737	6946	6975	6842	6709	6821	6885	6336	6885	6944	6844	7060	6894	6823	7098	6164	6898	6594	6873	6889	6515	7058	6982	7106	6945	0	7116	6992	6832	6912	6520	6143	7052	7101	7097	6949	6644	7069	7169	6734	7191	6403	6885	6921	7029	6925	6794	6730	7009	6832	6832	6577	6687	6889	7086	6821	7016	6833	7159	6834	6994	6920	6735	7084	6995	7051	6719	6652	6972	6857	6468	6866	6932	6655	7004	7014	7068	6889	6915	7047
AF430045	6574	7010	7228	6939	6790	7159	6811	7134	6996	7008	7149	6939	7008	6931	7123	7123	7201	7059	7192	6674	7176	6850	7113	7107	6854	6755	6823	7046	6343	7038	7052	6968	7238	7011	6938	7058	6208	6890	6546	6970	6757	6599	7241	7054	7184	6842	7116	0	6948	6817	7078	6601	6181	7184	7088	7219	6996	6752	7152	7317	6760	7298	6316	6946	7009	7025	6971	6919	6797	7139	6733	6699	6668	6820	7022	7022	6846	7128	6913	7274	6961	6945	7042	6695	7141	7154	6993	6784	6744	6989	6907	6591	6961	7076	6622	7010	7201	7155	6939	6940	7249
GU985442	6687	6733	6823	6929	6683	6867	6769	6983	6954	6781	6892	6938	6781	6871	6854	7031	7148	6955	6882	6601	6965	6830	6856	6795	6802	6720	6830	6857	6334	6818	6863	6734	7027	6762	6859	7010	6170	7022	6614	6838	6951	6600	7009	6850	7128	6921	6992	6948	0	7014	6810	6615	6242	6932	7044	6958	6883	6718	7006	6984	6859	7019	6496	6870	6837	6992	6838	6810	6921	6828	6917	6797	6691	6741	6872	7023	6797	6891	6685	6989	6841	7155	6845	6852	6943	6848	7148	6879	6727	6732	6705	6571	6764	6804	6803	6832	6883	6923	6776	6808	6892
AF154129	6685	6600	6700	6841	6575	6726	6705	6828	6855	6617	6752	6779	6617	6749	6724	6893	7023	6859	6728	6548	6811	6732	6710	6642	6662	6637	6743	6718	6283	6686	6736	6628	6877	6620	6730	6872	6105	6902	6607	6802	6815	6557	6902	6791	7016	6816	6832	6817	7014	0	6663	6546	6192	6792	6891	6836	6777	6657	6850	6839	6762	6861	6411	6740	6699	6830	6692	6721	6847	6682	6829	6697	6617	6676	6717	6885	6670	6751	6544	6842	6708	7001	6719	6828	6806	6716	6979	6833	6661	6604	6593	6521	6592	6658	6756	6692	6735	6783	6640	6655	6745
GU367157	6517	7043	7115	6996	6828	7018	6762	7307	6901	7043	7200	6978	7043	6783	7094	7063	7134	7037	7107	6484	7087	6776	6990	7056	7016	6737	6759	6848	6475	7048	7024	6863	7090	7021	6925	6948	6224	6919	6509	6749	6783	6605	7091	6822	7006	6978	6912	7078	6810	6663	0	6504	6330	7091	6931	7013	6759	6760	7087	7037	6830	7137	6345	6992	6902	6895	7036	6895	6781	7104	6781	6744	6707	6768	7186	6865	6949	7166	7019	7010	6880	6798	6991	6520	7105	7163	6914	6786	6630	6852	6643	6644	7109	7294	6538	7072	7082	7083	7137	7031	7175
AF219974	6577	6460	6611	6607	6473	6841	6615	6615	6717	6526	6641	6699	6526	6610	6601	6620	6615	6595	6623	6414	6739	6737	6831	6601	6537	6540	6515	6563	6204	6697	6450	6566	6734	6497	6603	6589	5996	6590	6398	6366	6572	6589	6727	6575	6587	6559	6520	6601	6615	6546	6504	0	6086	6671	6538	6608	6541	6554	6669	6584	6572	6592	6218	6599	6821	6584	6562	6505	6608	6561	6583	6532	6653	6588	6504	6611	6605	6615	6477	6573	6816	6600	6427	6491	6609	6660	6598	6602	6779	6554	6378	6434	6516	6503	6439	6608	6566	6570	6545	6631	6629
DQ235687	6198	6323	6249	6237	6327	6234	6259	6358	6324	6381	6339	6357	6381	6298	6265	6208	6235	6290	6283	6045	6338	6296	6219	6261	6353	6282	6239	6171	6350	6249	6135	6233	6279	6352	6193	6174	6342	6283	6106	6015	6287	6241	6241	6131	6230	6327	6143	6181	6242	6192	6330	6086	0	6347	6153	6184	6150	6316	6256	6168	6208	6171	6301	6305	6192	6152	6283	6224	6318	6259	6380	6231	6303	6298	6245	6199	6452	6294	6224	6161	6226	6239	6093	6129	6251	6280	6246	6375	6201	5952	5975	6098	6363	6245	6141	6319	6274	6243	6220	6183	6314
AF430019	6712	7092	7201	7119	6956	7239	6960	7244	7149	7168	7233	7130	7168	7080	7123	7233	7171	7236	7201	6569	7336	6942	7205	7159	7000	6807	6760	6887	6451	7122	6997	7193	7236	7155	6861	7188	6290	6951	6624	6834	6960	6697	7235	7054	7152	7015	7052	7184	6932	6792	7091	6671	6347	0	6978	7127	6858	6714	7284	7170	6834	7170	6509	7096	7111	6886	6989	6989	6866	7147	6908	6830	6790	6822	7123	7134	7047	7174	7068	7151	7035	6922	6937	6767	7212	7207	6965	6879	6836	6884	6745	6540	7118	7085	6582	7122	7174	7105	6938	6930	7254
AB275164	6593	6879	6991	6934	6715	6913	6726	7040	6963	6851	6996	6911	6851	6839	6985	7096	7210	6988	7055	6551	7027	6711	6910	6897	6819	6682	6780	6908	6315	6873	6948	6769	7085	6811	6947	7065	6117	6942	6639	7047	6848	6482	7047	6925	7189	6966	7101	7088	7044	6891	6931	6538	6153	6978	0	7083	6952	6646	7036	7155	6775	7173	6423	6913	6897	7017	6922	6854	6785	6945	6783	6754	6549	6692	6929	7085	6796	7016	6745	7153	6793	7078	6980	6735	7055	7009	7139	6772	6616	6871	6837	6570	6842	6965	6752	6940	6985	7031	6933	6835	7073
AJ854057	6653	6897	7120	6963	6796	7050	6789	7072	6990	6951	7094	6926	6951	6950	7061	7197	7187	7087	7132	6689	7149	6759	7018	7046	6794	6713	6752	6962	6309	6917	6952	6939	7155	6906	6831	7088	6148	6916	6675	6960	6795	6549	7135	7099	7203	6866	7097	7219	6958	6836	7013	6608	6184	7127	7083	0	7086	6764	7096	7360	6760	7295	6377	6887	6948	7050	6859	6878	6749	7046	6768	6814	6623	6840	6962	7098	6859	7098	6854	7330	6834	6955	6914	6775	7219	7120	7010	6764	6665	7039	6972	6540	6910	7005	6631	6929	7048	7069	6879	6913	7186
AY441974	6621	6737	6875	6834	6664	6804	6728	6815	6872	6692	6842	6815	6692	6905	6885	6922	6952	6834	6917	6630	6889	6683	6787	6794	6705	6712	6695	6937	6299	6728	6694	6733	6894	6656	6774	6851	6168	6832	6640	6834	6720	6533	6889	6895	6947	6775	6949	6996	6883	6777	6759	6541	6150	6858	6952	7086	0	6695	6852	7100	6667	7094	6296	6830	6779	7022	6796	6724	6711	6803	6695	6766	6547	6743	6705	6911	6759	6905	6603	7133	6761	6874	6704	6769	6915	6901	6926	6726	6590	6785	6918	6546	6667	6750	6555	6792	6826	6865	6715	6785	6954
AY639901	6591	6623	6734	6623	6599	6693	6687	6739	6762	6624	6858	6759	6624	6710	6766	6667	6703	6692	6736	6593	6765	6710	6676	6719	6706	6773	6715	6747	6368	6680	6621	6605	6749	6605	6693	6606	6221	6731	6566	6524	6670	6605	6750	6607	6679	6671	6644	6752	6718	6657	6760	6554	6316	6714	6646	6764	6695	0	6688	6724	6603	6724	6308	6727	6664	6721	6689	6631	6747	6702	6713	6677	6654	6896	6627	6650	6698	6840	6555	6702	6676	6692	6587	6566	6787	6750	6685	6744	6628	6503	6528	6613	6617	6722	6456	6744	6707	6758	6705	6759	6841
AB108775	6683	7032	7087	7176	6852	7143	6888	7245	7175	7038	7113	7131	7038	7055	7039	7430	7332	7175	7090	6575	7256	6878	7142	7063	7082	6720	6893	6900	6358	7100	7130	7109	7179	7025	6864	7399	6203	6897	6600	6898	6934	6641	7184	7103	7185	7037	7069	7152	7006	6850	7087	6669	6256	7284	7036	7096	6852	6688	0	7130	6747	7240	6463	7110	7074	6981	6954	6966	6846	7035	6843	6796	6719	6726	7132	7251	6986	7073	7084	7128	7019	6988	7106	6857	7160	7205	7053	6800	6783	6924	6738	6496	7108	7065	6661	7107	7067	7191	6922	6982	7098
AF430054	6629	6957	7187	6990	6772	7100	6797	7105	6967	6989	7137	6952	6989	6925	7097	7224	7223	7129	7214	6649	7183	6768	7051	7120	6850	6719	6804	7026	6323	6955	6995	6931	7190	6950	6905	7122	6171	6942	6664	6982	6827	6537	7171	7078	7220	6893	7169	7317	6984	6839	7037	6584	6168	7170	7155	7360	7100	6724	7130	0	6794	7373	6402	6944	6971	7124	6941	6855	6726	7107	6776	6791	6615	6800	6995	7123	6843	7116	6899	7403	6873	6981	6997	6752	7238	7157	7036	6739	6682	7067	6996	6563	6939	7055	6658	6986	7131	7127	6919	6923	7268
JN678715	6740	6635	6856	6864	6577	6835	6745	6942	6745	6694	6874	6873	6694	6677	6864	6770	6857	6867	6765	6387	6781	6800	6804	6736	6738	6649	6569	6732	6333	6821	6665	6609	6812	6668	6845	6752	6077	7024	6541	6586	6821	6581	6806	6619	6849	6843	6734	6760	6859	6762	6830	6572	6208	6834	6775	6760	6667	6603	6747	6794	0	6751	6400	6808	6792	6746	6764	6663	6769	6730	6805	6705	6684	6640	6822	6762	6768	6819	6712	6774	6810	6860	6627	6605	6813	6845	6868	6757	6691	6653	6472	6530	6674	6791	6666	6753	6760	6704	6855	6789	6822
AB126876	6637	7018	7136	7106	6788	7084	6764	7207	7001	6980	7121	6961	6980	6928	7086	7304	7364	7107	7225	6667	7187	6782	7065	7092	6955	6744	6944	7001	6334	7024	7085	6941	7223	6958	6931	7187	6188	6909	6630	7004	6847	6543	7184	7080	7250	7016	7191	7298	7019	6861	7137	6592	6171	7170	7173	7295	7094	6724	7240	7373	6751	0	6426	6973	6982	7250	7014	6888	6759	7129	6808	6770	6614	6806	7097	7100	6828	7146	7003	7369	6925	7009	7094	6769	7211	7182	7086	6753	6696	7107	7008	6557	7059	7122	6706	7110	7145	7231	6948	7016	7277
EU006090	6400	6328	6381	6526	6265	6404	6380	6481	6490	6379	6476	6509	6379	6380	6398	6513	6464	6637	6435	6062	6527	6362	6399	6438	6388	6321	6347	6261	6238	6333	6274	6313	6446	6348	6330	6545	6193	6512	6284	6173	6693	6213	6399	6382	6452	6587	6403	6316	6496	6411	6345	6218	6301	6509	6423	6377	6296	6308	6463	6402	6400	6426	0	6461	6366	6424	6379	6262	6390	6369	6558	6402	6309	6334	6370	6504	6406	6422	6281	6404	6378	6501	6235	6359	6489	6441	6524	6386	6380	6194	6105	6094	6369	6354	6399	6455	6379	6360	6298	6322	6461
HQ157183	6644	7014	7056	7031	6818	6954	6981	7072	7012	6937	6995	7191	6937	6915	7058	7071	6979	7025	6950	6492	7053	6861	6928	6953	7081	6779	6768	6862	6441	6972	6929	6924	6954	6931	6939	7017	6322	6938	6611	6728	6919	6633	6947	6836	6941	7025	6885	6946	6870	6740	6992	6599	6305	7096	6913	6887	6830	6727	7110	6944	6808	6973	6461	0	6923	6866	6957	6817	6835	6901	6873	6766	6708	6758	6950	7015	7003	7024	6931	6957	6962	6852	6881	6698	6997	7151	6924	6804	6719	6704	6619	6543	6946	6966	6570	7041	6916	6960	6947	6938	7054
Z46754	6705	6888	7010	6973	6832	7276	6773	7006	7036	6910	7019	7006	6910	6852	7006	7018	7018	7003	7024	6502	7172	7005	7274	6982	6853	6701	6668	6830	6299	7152	6824	6903	7114	6904	6916	6985	6150	6848	6503	6700	6809	6785	7140	6919	6986	6899	6921	7009	6837	6699	6902	6821	6192	7111	6897	6948	6779	6664	7074	6971	6792	6982	6366	6923	0	6809	6880	6857	6789	6962	6765	6689	6838	6748	6885	6991	6856	7027	6868	6957	7178	6829	6810	6654	7003	7041	6863	6756	6989	6818	6675	6585	6901	6899	6606	6974	7008	6912	6935	6928	7024
EU484388	6625	6767	6871	6978	6632	6818	6755	6930	6843	6706	6856	6880	6706	6819	6921	7037	7073	6845	6958	6648	6912	6765	6808	6834	6858	6717	6902	6932	6308	6811	6831	6664	6933	6669	6911	6977	6169	6875	6625	6748	6851	6528	6911	6835	6955	6921	7029	7025	6992	6830	6895	6584	6152	6886	7017	7050	7022	6721	6981	7124	6746	7250	6424	6866	6809	0	6899	6635	6731	6839	6775	6795	6604	6797	6820	6916	6714	6949	6715	7120	6838	7025	6855	6745	6946	6950	7031	6732	6679	6875	6862	6556	6779	6863	6725	6921	6868	6974	6790	6906	6994
AB126880	6558	6907	6965	6954	6748	6917	6742	7084	6911	6886	7091	6957	6886	6834	7008	6908	6969	6908	7109	6485	7007	6806	6902	6986	6941	6869	6921	6829	6540	6944	6826	6759	6980	6870	6910	6865	6214	6855	6484	6654	6818	6608	6963	6706	6882	6978	6925	6971	6838	6692	7036	6562	6283	6989	6922	6859	6796	6689	6954	6941	6764	7014	6379	6957	6880	6899	0	6766	6774	7036	6805	6714	6652	6753	6963	6837	6886	7077	6840	6903	6915	6827	6853	6572	6888	7010	6943	6824	6695	6664	6628	6569	6910	6986	6526	7102	7118	7123	6921	6968	7072
AB187522	6557	6848	6920	6842	6783	6945	6624	7065	6985	6882	6989	6889	6882	6788	6874	6904	7074	6960	6938	6561	7024	6701	6924	6878	6770	6706	6583	6650	6308	6865	6843	6931	7053	6883	6750	6871	6123	6836	6492	6920	6725	6560	7061	6860	7029	6830	6794	6919	6810	6721	6895	6505	6224	6989	6854	6878	6724	6631	6966	6855	6663	6888	6262	6817	6857	6635	6766	0	6906	6934	6715	6629	6544	6635	6943	6836	6818	6899	6808	6859	6757	6806	6833	6733	6886	6926	6840	6799	6584	6644	6714	6596	6858	6917	6459	6847	6955	6886	6801	6731	6983
DQ235272	6662	6721	6801	6813	6722	6814	6745	6946	6949	6745	6870	6906	6745	6784	6825	6780	6943	6846	6818	6533	6900	6811	6805	6768	6796	6800	6700	6693	6407	6768	6715	6762	6924	6747	6800	6764	6239	6906	6516	6684	6836	6635	6946	6701	6897	6839	6730	6797	6921	6847	6781	6608	6318	6866	6785	6749	6711	6747	6846	6726	6769	6759	6390	6835	6789	6731	6774	6906	0	6815	6844	6698	6684	6752	6824	6772	6820	6833	6674	6730	6790	6902	6704	6741	6767	6817	6873	6914	6716	6496	6528	6606	6721	6798	6594	6817	6825	6777	6758	6742	6864
AF430044	6553	7034	7129	6922	6875	7071	6725	7176	6956	7088	7215	6945	7088	6835	7038	7002	7072	7082	7261	6530	7173	6768	7035	7143	6959	6852	6863	6855	6518	6966	6935	6924	7160	7093	6841	6939	6238	6879	6451	6774	6813	6619	7151	6881	7040	6947	7009	7139	6828	6682	7104	6561	6259	7147	6945	7046	6803	6702	7035	7107	6730	7129	6369	6901	6962	6839	7036	6934	6815	0	6795	6657	6658	6758	7055	6901	6907	7077	6953	7071	6851	6810	6967	6579	7052	7091	6866	6767	6693	6809	6712	6570	7042	7099	6479	7098	7209	7134	6934	6883	7237
DQ925490	6692	6775	6773	6877	6743	6810	6814	6920	6879	6816	6870	6900	6816	6781	6812	6868	6901	7008	6808	6465	6912	6861	6785	6796	6822	6754	6733	6656	6477	6818	6666	6734	6822	6810	6707	6847	6288	6944	6614	6612	7004	6696	6820	6723	6880	7044	6832	6733	6917	6829	6781	6583	6380	6908	6783	6768	6695	6713	6843	6776	6805	6808	6558	6873	6765	6775	6805	6715	6844	6795	0	6789	6773	6733	6800	6859	6866	6825	6697	6775	6777	6883	6627	6729	6884	6833	6877	6846	6733	6540	6518	6493	6800	6777	6601	6855	6798	6783	6758	6731	6853
EU099360	6705	6621	6722	6800	6617	6730	6724	6778	6845	6674	6775	6798	6674	6821	6755	6843	6787	6839	6729	6504	6823	6728	6711	6713	6694	6696	6617	6621	6392	6674	6602	6734	6757	6652	6680	6832	6137	6812	6772	6616	6853	6583	6758	6806	6768	6788	6832	6699	6797	6697	6744	6532	6231	6830	6754	6814	6766	6677	6796	6791	6705	6770	6402	6766	6689	6795	6714	6629	6698	6657	6789	0	6611	6687	6667	6825	6747	6784	6568	6780	6698	6821	6524	6768	6966	6779	6844	6714	6602	6623	6594	6474	6646	6670	6520	6739	6676	6733	6668	6699	6752
AM422449	6690	6634	6638	6692	6631	6874	6716	6741	6752	6674	6734	6760	6674	6657	6651	6650	6654	6688	6675	6424	6771	6940	6850	6646	6665	6618	6634	6609	6422	6922	6515	6656	6719	6677	6686	6637	6234	6702	6490	6412	6659	6867	6732	6579	6648	6704	6577	6668	6691	6617	6707	6653	6303	6790	6549	6623	6547	6654	6719	6615	6684	6614	6309	6708	6838	6604	6652	6544	6684	6658	6773	6611	0	6718	6620	6641	6780	6725	6596	6588	6866	6651	6454	6515	6687	6679	6638	6736	6850	6441	6380	6581	6659	6658	6545	6675	6668	6634	6712	6655	6698
AY639902	6644	6678	6815	6706	6641	6777	6798	6785	6791	6683	6835	6797	6683	6735	6848	6690	6738	6699	6803	6640	6842	6791	6758	6739	6708	6771	6749	6784	6377	6739	6598	6690	6805	6660	6746	6644	6258	6759	6603	6537	6677	6663	6791	6632	6717	6685	6687	6820	6741	6676	6768	6588	6298	6822	6692	6840	6743	6896	6726	6800	6640	6806	6334	6758	6748	6797	6753	6635	6752	6758	6733	6687	6718	0	6664	6673	6727	6925	6611	6778	6761	6722	6563	6569	6817	6838	6722	6805	6717	6568	6579	6593	6682	6733	6498	6782	6765	6764	6706	6763	6917
AY626158	6510	6954	7079	6986	6788	7001	6746	7425	6939	7011	7122	6995	7011	6822	7030	7123	7196	7044	7111	6422	7109	6739	6986	7045	6970	6713	6752	6751	6389	7016	7008	6928	7134	6998	6838	6998	6113	6965	6448	6757	6798	6537	7110	6811	7086	6995	6889	7022	6872	6717	7186	6504	6245	7123	6929	6962	6705	6627	7132	6995	6822	7097	6370	6950	6885	6820	6963	6943	6824	7055	6800	6667	6620	6664	0	6922	6917	7034	7016	7018	6846	6852	6982	6560	7022	7135	6977	6844	6644	6776	6588	6463	7084	7147	6539	7028	7080	7041	6984	6970	7123
Z36936	6714	6869	6972	7080	6794	7008	6861	7033	7100	6910	6978	7054	6910	7009	6958	7343	7174	7149	6988	6523	7169	6794	7007	6953	6922	6651	6750	6856	6301	6936	6947	6969	7061	6890	6795	7250	6119	6953	6664	6868	6974	6557	7045	7052	7164	6971	7086	7022	7023	6885	6865	6611	6199	7134	7085	7098	6911	6650	7251	7123	6762	7100	6504	7015	6991	6916	6837	6836	6772	6901	6859	6825	6641	6673	6922	0	6924	6978	6838	7130	6891	7014	6936	6885	7151	7043	7069	6745	6713	6870	6797	6473	6891	6873	6656	6933	6947	6990	6849	6834	6996
AY222321	6601	6931	6927	6884	6922	6891	6845	7038	6982	6997	6979	7048	6997	6936	6914	6933	6875	6932	6922	6471	6984	6845	6874	6893	7005	6782	6650	6734	6551	6913	6758	6909	6915	6973	6735	6897	6317	6884	6545	6621	6833	6687	6891	6778	6847	6948	6821	6846	6797	6670	6949	6605	6452	7047	6796	6859	6759	6698	6986	6843	6768	6828	6406	7003	6856	6714	6886	6818	6820	6907	6866	6747	6780	6727	6917	6924	0	6934	6859	6824	6849	6787	6710	6646	6895	6969	6845	6834	6660	6575	6560	6506	6970	6908	6458	6933	6896	6851	6864	6836	6963
AB889540	6627	7016	7141	7012	6858	7066	6866	7155	7029	7009	7230	7028	7009	6929	7173	7020	7070	7026	7149	6640	7162	6862	7042	7049	6948	6863	6832	6951	6443	7087	6916	6949	7133	6983	6944	6984	6250	6917	6568	6784	6852	6653	7109	6868	7025	6969	7016	7128	6891	6751	7166	6615	6294	7174	7016	7098	6905	6840	7073	7116	6819	7146	6422	7024	7027	6949	7077	6899	6833	7077	6825	6784	6725	6925	7034	6978	6934	0	6953	7086	6961	6888	6853	6647	7102	7184	6979	6850	6752	6862	6793	6621	6993	7067	6574	7154	7084	7127	7009	7007	7262
