AM041247	0	6576	6482	6708	6679	6561	6961	6484	6981	6889	6990	6481	6468	6413	6972	6421	6890
AJ242584	6576	0	6635	6764	6589	6686	6787	6620	6962	6573	6958	6590	6628	6588	6962	6396	6675
AM490617	6482	6635	0	6845	6295	6714	6572	6645	6774	6557	6774	6849	6816	6805	6774	6283	6496
AJ242581	6708	6764	6845	0	6479	6705	6810	6669	7003	6794	6994	6813	6762	6787	7003	6292	6762
DQ365921	6679	6589	6295	6479	0	6395	6732	6334	6581	6505	6572	6276	6291	6259	6581	6418	6698
AM422370	6561	6686	6714	6705	6395	0	6682	6711	6816	6537	6816	6695	6742	6697	6816	6425	6602
U70978	6961	6787	6572	6810	6732	6682	0	6556	7049	6719	7040	6545	6569	6529	7049	6500	7095
FR668302	6484	6620	6645	6669	6334	6711	6556	0	6712	6490	6712	6609	6711	6671	6712	6388	6522
CP000758	6981	6962	6774	7003	6581	6816	7049	6712	0	6830	7366	6738	6776	6714	7366	6397	6926
AJ519939	6889	6573	6557	6794	6505	6537	6719	6490	6830	0	6844	6554	6530	6499	6830	6176	6673
AY457038	6990	6958	6774	6994	6572	6816	7040	6712	7366	6844	0	6738	6776	6714	7362	6397	6917
AM422371	6481	6590	6849	6813	6276	6695	6545	6609	6738	6554	6738	0	6780	6771	6738	6258	6463
AM490632	6468	6628	6816	6762	6291	6742	6569	6711	6776	6530	6776	6780	0	6838	6776	6352	6478
AM490609	6413	6588	6805	6787	6259	6697	6529	6671	6714	6499	6714	6771	6838	0	6714	6579	6705
AY776289	6972	6962	6774	7003	6581	6816	7049	6712	7366	6830	7362	6738	6776	6714	0	6397	6926
HQ171203	6421	6396	6283	6292	6418	6425	6500	6388	6397	6176	6397	6258	6352	6579	6397	0	6741
DQ647056	6890	6675	6496	6762	6698	6602	7095	6522	6926	6673	6917	6463	6478	6705	6926	6741	0
