EU977789	0	6721	6669	6622	5999	6860	6637	6650	6580	6671	6741	6602	6858	6570	6592	6662	6717	6776	6540	6548	5511	6481	6613	6410	6791	6690	6540	6690	6694	6556	6607	6687	6683	6401	6734	6618	6689	6566	6821	6586	6690	6467	6516	6016	6428	6410	6669	6685	6640	6553	6840	6581	6702	6664	6350	6420	6386	6638	6704	6675	6509	6722	6652	6713	6685	6525	6475	6689	6286	6564	6785	6539	6543	6938	6711	6574	6711	6587	6107	6525	6959	6693	6521	6343	6643	6432	6598	6680	6741	6629	6598	6641	6609	6701	6770	6225	6754	6760	6585	6708	6681	6650	6714	6527	6806	6467	6622	6454	6549	6612	6100	6569	6548	6558	6360	6925	6746	6387	6667	6544	6634	6375	6667	6597	6593	6326	6279	6801	6741	6431	6730	6694	6686	6817	6680	6572	6956	6795	6689	6776	6435	6735	6594	6699	6673	6470	6630	6462	6646	6777	6741	6532	6626	6075	6705	6859	6642	6614	6681	6372	6548	6599	6335	6682	6639	6593	6686	6727	6701	6594	6644	6871	6632	6550	6634	6588	6600	6780	6501	6699	6398	6649	6592	6646	6504	6647	6694	6562	6676	6499	6294	6648	6724	6656	6611	6497	6614	6701	6713	5994	6626	6601	6537	6591	6641	6744	6670	6700	6587	6395	6720	6905	6806	6662	6797	6740
KC800716	6721	0	6698	6833	6000	7001	6696	6713	6710	6762	6990	6635	6966	6551	6644	6788	6872	6958	6581	6660	5426	6469	6581	6412	6715	6991	6504	6904	6785	6660	6661	6754	6723	6569	7019	6709	7011	6672	6711	6826	6962	6302	6659	6133	6337	6474	6803	6776	6830	6598	6828	6845	6897	6858	6252	6532	6380	6944	6965	7034	6737	7190	6885	7083	6901	6571	6448	6732	6192	6557	6885	6350	6603	6985	6853	6605	6948	6737	6261	6581	6789	6703	6573	6502	6753	6686	6738	6947	7137	6867	6730	6715	6714	6652	7087	6226	6865	6909	6631	6935	6997	6919	7166	6531	6893	6555	6783	6724	6579	6675	6078	6534	6581	6557	6328	6911	6993	6592	6753	6917	6932	6375	6886	6857	6573	6439	6276	7039	6998	6370	6738	6784	6913	6791	6740	6711	6905	7102	6665	6990	6645	6969	7016	6875	7007	6355	6821	6663	6697	7062	6969	6625	6974	5974	6894	6898	6521	6593	7091	6391	6157	6572	6284	7000	6816	6574	6794	6856	6904	6617	6685	7006	6848	6674	7001	6815	6764	7022	6513	6826	6648	6642	6427	6883	6614	6460	6942	6711	6804	6591	6360	6936	6987	6937	6594	6312	6564	6900	6929	6081	7077	6651	6669	6716	6592	6753	6833	6985	6651	6654	6771	6704	7112	6886	7027	6740
KJ101448	6669	6698	0	6538	6096	6698	6664	6793	6567	6733	6714	6430	6688	6523	6586	6761	6802	6682	6767	6693	5536	6451	6646	6397	6627	6743	6541	6719	6712	6663	6720	6642	7167	6343	6696	6659	6803	6631	6693	6612	6754	6264	6480	6042	6459	6339	6668	6667	6611	6503	6615	6502	6564	6703	6401	6654	6389	6654	6626	6646	6563	6696	6605	6674	6709	6563	6395	6689	6309	6677	6644	6361	6606	6668	6703	6503	6745	6554	6233	6574	6702	6572	6613	6344	6636	6561	6696	6718	6627	6607	6776	6577	6671	6656	6633	6335	6812	6608	6731	6590	6691	6710	6671	6462	6719	6476	6756	6468	6482	6531	5966	6572	6542	6644	6135	6654	6656	6626	6622	6609	6611	6345	6701	6803	6594	6353	6268	6743	6645	6424	6802	7182	6622	6716	6593	6583	6581	6741	6644	6710	6580	6704	6668	6661	6668	6345	6701	6531	6770	6608	6689	6399	6609	6051	6762	6699	6487	6663	6706	6354	6150	6546	6322	6735	6568	6683	6750	6765	6636	6669	6594	6655	6753	6632	6810	6640	6715	6749	6549	7184	6634	6666	6435	6717	6713	6560	6710	6565	6606	6640	6153	6719	6661	6692	6608	6347	6599	6789	6653	5935	6487	6772	6740	6607	6601	6604	6733	6684	6665	6613	6690	6591	6741	6675	6746	6630
AY741810	6622	6833	6538	0	5907	6833	6529	6608	6832	6605	6889	6473	6866	6572	6513	6601	6752	6751	6418	6463	5499	6410	6476	6359	6501	6686	6422	6754	6679	6558	6495	6648	6566	6299	6936	6537	6802	6588	6616	6510	6709	6414	6753	5947	6270	6399	6745	6616	6519	6560	6655	6657	6763	6581	6324	6351	6334	6844	6667	6765	6543	7022	6616	6814	6743	6420	6470	6624	6209	6598	6707	6419	6500	6735	6752	6474	6666	6660	5982	6433	6686	6580	6347	6253	6723	6449	6565	6906	6851	6615	6481	6704	6495	6525	6831	6243	6701	6754	6589	6755	6741	6785	6980	6390	6707	6588	6620	6703	6529	6601	6147	6613	6510	6400	6157	6809	6775	6396	6510	6678	6859	6276	6880	6580	6578	6220	6297	6901	6806	6350	6692	6602	6676	6586	6712	6438	7005	6889	6598	6765	6451	6801	6787	6874	6854	6292	6660	6439	6573	6789	6914	6684	6770	6024	6663	6712	6668	6598	6811	6237	6298	6480	6246	6734	6554	6472	6533	6721	6619	6500	6591	6773	6650	6533	6751	6715	6578	7018	6473	6678	6472	6523	6567	6803	6377	6476	6738	6450	6632	6539	6323	6904	6801	6846	6442	6372	6497	6679	6659	6053	6646	6530	6460	6468	6485	6772	6639	6781	6376	6384	6699	6613	6841	6688	6796	6742
AB041720	5999	6000	6096	5907	0	6125	6046	6118	5925	6100	6103	6005	6012	6022	5938	6165	6168	5999	6041	6083	5562	5959	6250	5927	6099	6118	6144	6141	6055	6012	6078	6108	6115	6073	6063	6177	6093	6170	5968	6006	6027	6012	5873	5858	6056	5750	5940	6084	6022	5967	5970	6071	6071	6051	5953	5973	6098	5989	6070	6083	6130	6063	6058	6119	6111	6133	5900	6175	5829	5913	6056	5943	6019	6076	6061	5920	5975	6065	5995	6088	6071	6053	6111	6042	5918	6062	6076	6109	6102	6150	6091	5987	6149	6039	6074	5915	6141	5951	6135	6036	6027	6003	6050	6094	6066	5942	5972	5837	5940	6104	5814	6043	5883	6189	5944	6064	6107	5990	6044	6131	5959	6058	6081	6094	5997	6082	5791	6055	6112	6072	6084	6120	6103	6162	6079	6001	5961	6049	6093	6093	6070	6066	6034	6060	5990	6041	6106	6075	6169	5945	6068	5830	5995	5842	6097	6058	5778	5977	6063	6060	5850	6022	5974	6063	5953	6142	6033	6058	6099	6137	6083	5988	6108	6171	6098	6025	6103	6050	6039	6090	6028	6160	5883	6162	6064	5994	6087	6099	6198	6071	5953	6038	6064	6017	6231	5915	6021	6049	6078	5889	5846	6139	6113	6079	6047	5925	6173	6149	6016	6032	6133	6057	6010	6136	6043	5995
KF479658	6860	7001	6698	6833	6125	0	6800	6798	6754	6984	7153	6868	7084	6714	6789	6893	6896	7017	6600	6794	5502	6586	6799	6485	6770	7006	6678	6876	7082	6678	6707	6847	6726	6625	7054	6809	7007	6823	6801	6835	7045	6475	6686	6299	6368	6460	6901	6762	6773	6785	6948	6925	6927	6905	6355	6472	6425	7016	7083	6982	6883	7142	7073	7083	6833	6773	6596	6915	6276	6627	7120	6486	6701	7101	7112	6592	7060	6834	6280	6649	6846	6895	6649	6522	6836	6752	6845	6922	7265	6838	6802	6786	6846	6791	7238	6276	6953	6966	6737	6995	6975	6891	7131	6721	7114	6573	6856	6727	6570	6884	6197	6714	6689	6605	6452	7012	7108	6555	6765	6888	6961	6467	6869	6868	6743	6596	6396	7109	7008	6486	6852	6814	7138	6964	6855	6767	6905	7050	6866	6999	6750	7009	6916	6953	7014	6583	6947	6679	6795	7047	7114	6653	6993	6049	6988	7116	6702	6681	7012	6595	6325	6640	6362	6866	6883	6777	6888	7013	7122	6679	6819	7033	6942	6817	6962	6880	6868	7086	6606	6940	6619	6751	6533	6913	6613	6551	6926	6932	6922	6602	6477	6911	7116	6987	6663	6428	6754	6771	7104	6096	6677	6706	6731	6827	6760	6772	6965	7025	6689	6694	6847	6823	6964	6813	7004	6828
LC061279	6637	6696	6664	6529	6046	6800	0	6598	6636	7068	6802	6548	6803	6520	6677	6761	6558	6745	6525	6592	5396	6574	6573	6429	6652	6710	6550	6691	6737	6569	6675	6734	6657	6777	6800	6673	6712	6624	6674	6703	6776	6317	6487	6087	6341	6357	6675	6685	6619	6722	6721	6523	6541	6816	6278	6545	6371	6736	6840	6815	6555	6796	6787	7157	6676	6513	6499	6629	6268	6487	6826	6356	6494	6804	6727	6519	6758	6668	6131	6522	6695	6664	6465	6443	6673	6505	6554	6742	6805	6595	6479	6679	6622	6859	6759	6244	6580	6729	6589	6558	6784	6659	6770	6461	6889	6459	6764	6588	6504	6590	6080	6491	6523	6600	6257	6684	6767	6483	6613	6609	6677	6259	6757	6593	6923	6338	6233	6849	6681	6447	6765	6690	6826	6695	6546	6525	6657	6797	6568	6930	6506	6736	6969	6731	6817	6449	6604	6485	6716	6724	6727	6573	6710	6003	6994	6863	6425	6513	6815	6778	6120	6467	6316	6653	6629	6685	6808	6612	6823	6708	6621	6764	6567	6553	6589	6636	6571	6742	6392	6647	6481	6560	6457	6517	6613	6496	6813	6791	6573	6508	6256	6731	6776	6797	6639	6337	7033	6797	6828	6301	6531	6561	6481	7214	7062	6590	6648	6662	6636	6500	6611	6635	6696	6661	6830	6648
KC415175	6650	6713	6793	6608	6118	6798	6598	0	6583	6598	6892	6519	6740	6725	6624	6681	6954	6703	6855	6659	5658	6503	6574	6657	6684	7063	6504	6766	6828	6758	6630	6671	6773	6320	6842	6629	6887	6572	6683	6692	6802	6428	6657	6066	6361	6521	6733	6791	6895	6608	6636	6574	6782	6721	6365	6534	6399	6692	6727	6727	6549	6845	6741	6704	6739	6526	6419	6833	6131	6662	6707	6400	6749	6794	6817	6688	6750	6710	6152	6491	6686	6642	6619	6340	6676	6545	6738	6789	6754	6569	6834	6669	6661	6591	6620	6268	6901	6628	6844	6765	6699	6830	6821	6496	6734	6590	6705	6470	6417	6531	6007	6682	6556	6580	6174	6702	6751	6561	6880	6566	6570	6411	6754	6837	6477	6374	6326	6790	6805	6553	6723	6820	6729	6926	6806	6818	6601	6746	6856	6704	6524	6720	6636	6782	6700	6408	6890	6522	6728	6615	6828	6350	6662	6070	6640	6720	6455	6789	6723	6357	6129	6478	6299	6830	6657	6618	6798	6901	6744	6851	6559	6680	6828	6556	6935	6689	6681	6804	6763	6811	6554	7035	6494	6781	6567	6419	6725	6659	6683	6540	6244	6797	6744	6700	6624	6443	6542	6698	6717	5932	6481	6799	6826	6574	6580	6664	6770	6811	6682	6512	6641	6635	6839	6704	6741	6665
KM978206	6580	6710	6567	6832	5925	6754	6636	6583	0	6602	6788	6379	6816	6518	6568	6601	6586	6725	6445	6469	5484	6472	6487	6345	6512	6679	6448	6697	6703	6565	6569	6682	6595	6438	6813	6517	6584	6573	6545	6517	6736	6393	6572	5943	6261	6404	6724	6697	6551	6588	6666	6415	6560	6660	6329	6395	6284	7220	6661	6664	6454	6804	6630	6792	6691	6434	6494	6721	6285	6620	6665	6429	6509	6682	6702	6485	6715	6617	6027	6429	6624	6600	6361	6312	6728	6446	6610	6777	6692	6423	6504	6739	6536	6655	6709	6262	6575	6709	6629	6533	6744	6675	6795	6352	6668	6578	6774	6620	6562	6443	6255	6587	6593	6435	6178	6682	6722	6407	6543	6527	6944	6176	6776	6582	6536	6230	6282	6925	6690	6387	6665	6627	6656	6611	6609	6467	6710	6700	6605	6714	6436	6897	6627	6827	6950	6253	6650	6414	6655	6658	6811	6527	6614	6042	6703	6650	6539	6665	6716	6293	6175	6452	6299	6615	6500	6490	6554	6627	6654	6553	6525	6716	6612	6453	6597	6541	6601	6880	6534	6577	6397	6490	6505	6586	6439	6426	6739	6479	6552	6461	6302	6914	6773	7029	6453	6381	6569	6744	6649	6177	6627	6548	6470	6568	6578	6748	6649	6623	6468	6394	6742	6594	6699	6638	6794	6667
DQ358736	6671	6762	6733	6605	6100	6984	7068	6598	6602	0	6904	6766	6826	6495	6587	6893	6721	6847	6540	6563	5445	6448	6680	6377	6656	6807	6566	6788	6742	6607	6591	6726	6722	6708	6804	6800	6844	6736	6668	6809	6870	6239	6582	6180	6383	6359	6710	6635	6592	6605	6767	6729	6677	6769	6305	6535	6360	6833	6806	6764	6768	6896	6743	7194	6778	6624	6408	6628	6307	6537	7057	6335	6471	6968	6779	6490	6859	6571	6217	6656	6738	6604	6563	6388	6659	6668	6800	6873	6851	6792	6675	6673	6794	6890	6927	6238	6825	6817	6580	6747	6852	6835	6861	6546	7102	6483	6734	6633	6407	6708	5996	6529	6473	6595	6236	6815	6741	6578	6548	6850	6719	6368	6812	6838	7264	6446	6228	6843	6838	6412	6713	6824	6799	6686	6642	6561	6720	6952	6574	7000	6676	6819	6936	6781	6906	6474	6787	6611	6741	6882	6793	6733	6817	6046	7200	7094	6505	6558	6878	6938	6181	6513	6333	6826	6745	6675	6613	6831	6719	6664	6728	6851	6817	6731	6788	6822	6834	6862	6387	6895	6625	6554	6451	6794	6680	6552	6804	6714	6775	6626	6151	6767	6864	6814	6638	6332	7086	6659	6734	6194	6512	6613	6639	7098	7143	6556	6825	6826	6630	6668	6713	6651	6790	6742	6903	6609
AB567661	6741	6990	6714	6889	6103	7153	6802	6892	6788	6904	0	6804	6943	6724	6741	6888	6822	6926	6647	6742	5621	6552	6689	6556	6852	7086	6613	6827	6867	6713	6684	6834	6750	6621	7156	6736	7047	6774	6735	6794	7001	6506	6706	6253	6404	6548	6802	6792	6854	6632	6888	6821	6911	6886	6384	6505	6421	7042	7000	6850	6803	7260	6937	7123	6814	6650	6573	6883	6261	6619	7007	6469	6711	7137	6899	6686	6975	6953	6262	6585	6788	6824	6616	6506	6786	6701	6853	6973	7016	6766	6813	6796	6832	6749	7000	6283	6940	6894	6769	6959	6936	6880	7235	6597	7062	6664	6816	6635	6547	6740	6126	6724	6608	6565	6385	6909	6941	6573	6875	6813	6861	6439	6917	6886	6681	6506	6336	6995	6964	6490	6847	6841	6989	6977	6835	6823	6839	6979	6864	6940	6697	6928	6881	7276	7016	6511	6954	6695	6810	6975	7210	6598	6948	6075	6996	7054	6564	6708	6964	6537	6222	6612	6300	6864	6821	6685	6771	7019	6924	6735	6747	6940	6955	6693	6957	6869	6843	7079	6629	6937	6608	6877	6534	6919	6632	6522	6888	6794	6920	6626	6343	7057	7035	6984	6606	6488	6706	6822	6949	6140	6706	6744	6761	6863	6718	6809	6942	7007	6656	6664	6869	6735	7009	6793	7007	6804
EF452662	6602	6635	6430	6473	6005	6868	6548	6519	6379	6766	6804	0	6668	6488	6434	6722	6595	6678	6330	6469	5408	6234	6620	6276	6558	6679	6626	6660	6697	6494	6439	6663	6441	6329	6669	6770	6672	6701	6524	6618	6714	6305	6422	6200	6338	6226	6499	6541	6475	6403	6688	6982	6685	6577	6178	6412	6357	6617	6758	6573	6821	6777	6686	6789	6635	6621	6264	6586	6288	6317	6747	6331	6365	6817	6702	6339	6703	6476	6178	6717	6564	6486	6420	6212	6485	6671	6666	6684	6780	6823	6565	6488	6679	6489	6748	6154	6732	6613	6454	6713	6619	6632	6745	6732	6775	6451	6462	6404	6207	6829	5794	6462	6306	6562	6171	6696	6646	6500	6451	6798	6442	6415	6618	6623	6533	6452	6078	6633	6757	6305	6511	6525	6754	6673	6601	6442	6614	6722	6560	6622	6646	6611	6611	6606	6621	6972	6650	6640	6625	6723	6699	6366	6668	5925	6775	6765	6403	6395	6666	6314	6105	6528	6213	6630	6610	6738	6500	6697	6680	6371	6841	6701	6669	6613	6628	6701	6660	6707	6288	6675	6531	6541	6324	6728	6590	6349	6582	6539	6849	6509	6097	6527	6740	6578	6603	6234	6451	6481	6690	5857	6427	6470	6497	6567	6477	6429	6722	6749	6453	6609	6592	6597	6677	6607	6694	6473
AB819817	6858	6966	6688	6866	6012	7084	6803	6740	6816	6826	6943	6668	0	6615	6724	6839	6873	6984	6584	6667	5458	6500	6536	6464	6773	6911	6527	6913	6885	6708	6677	6809	6699	6516	7052	6709	6911	6689	6761	6657	6949	6446	6761	6066	6419	6462	6948	6766	6753	6640	6964	6761	6860	6790	6340	6460	6332	6974	6885	6945	6667	7049	6842	7043	6895	6524	6557	6739	6203	6685	6949	6490	6641	6995	6946	6589	6860	6775	6125	6511	6900	6800	6534	6385	6842	6620	6705	6929	7069	6713	6653	6775	6703	6748	6956	6209	6839	6982	6688	6852	6923	6914	7032	6553	6998	6599	6893	6690	6613	6771	6347	6649	6604	6467	6457	7005	7026	6509	6723	6706	7049	6445	6936	6782	6707	6380	6356	7269	6896	6438	6855	6750	6892	6843	6818	6650	7019	7056	6739	6999	6566	7077	6928	6916	7093	6440	6828	6550	6766	6997	6990	6668	6888	6042	6888	6984	6637	6672	6901	6450	6340	6598	6349	6869	6765	6619	6788	6900	6891	6600	6761	7102	6818	6635	6856	6809	6737	7001	6539	6797	6564	6681	6667	6779	6528	6545	6917	6671	6813	6596	6404	6978	7024	7071	6588	6437	6688	6796	6903	6098	6635	6694	6633	6745	6685	6732	6777	6885	6639	6532	6748	6845	6966	6862	7001	6807
LN812815	6570	6551	6523	6572	6022	6714	6520	6725	6518	6495	6724	6488	6615	0	6458	6557	6650	6621	6584	6696	5564	6436	6456	6444	6476	6777	6501	6617	6551	6641	6675	6547	6508	6222	6680	6504	6630	6514	6517	6498	6571	6475	6576	5918	6306	6409	6569	6681	6614	6576	6550	6479	6822	6549	6440	6320	6376	6495	6603	6600	6492	6691	6607	6602	6584	6454	6430	6739	6278	6517	6568	6550	6744	6658	6571	6532	6522	6541	5998	6402	6534	6428	6500	6179	6565	6383	6588	6639	6628	6440	6600	6620	6717	6492	6548	6207	6636	6587	6704	6804	6533	6593	6656	6567	6591	6583	6509	6378	6375	6529	5930	6837	6425	6420	6087	6625	6641	6304	6575	6488	6513	6242	6603	6574	6421	6282	6125	6632	6720	6634	6579	6555	6660	6723	6841	6488	6631	6580	6758	6558	6386	6586	6566	6656	6502	6331	6727	6406	6568	6518	6632	6346	6502	6172	6556	6578	6386	6697	6553	6237	6141	6522	6258	6617	6440	6510	6559	6706	6645	6568	6472	6580	6645	6460	6706	6561	6579	6586	6650	6543	6330	6597	6402	6643	6390	6384	6553	6546	6590	6415	6241	6573	6620	6547	6476	6616	6479	6464	6599	5921	6464	6614	6575	6472	6494	6622	6675	6732	6532	6359	6489	6571	6562	6572	6554	6589
HQ833590	6592	6644	6586	6513	5938	6789	6677	6624	6568	6587	6741	6434	6724	6458	0	6686	6598	6771	6579	6609	5357	6477	6463	6367	6600	6683	6423	6588	6705	6512	6640	6653	6633	6415	6745	6529	6724	6525	6602	6571	6808	6273	6393	5966	6302	6299	6710	6591	6614	6559	6751	6466	6568	6645	6268	6400	6274	6693	6713	6705	6437	6727	6691	6729	6574	6445	6943	6648	6119	6437	6668	6365	6566	6685	6684	6453	6829	6580	6046	6382	6637	6628	6425	6253	6691	6412	6585	6686	6777	6417	6515	6587	6556	6600	6686	6133	6581	6732	6615	6543	6642	6624	6732	6398	6711	6492	6627	6581	6413	6459	5948	6472	6620	6415	6313	6625	6788	6386	6576	6461	6641	6302	6699	6570	6442	6249	6180	6728	6657	6315	6620	6588	6689	6659	6539	6539	6514	6724	6652	6735	6403	6730	6736	6631	6678	6345	6630	6400	6663	6742	6752	6340	7211	5978	6639	6714	6414	6562	6620	6293	6089	6394	6163	6621	6511	6500	6742	6705	6716	6519	6489	6774	6584	6457	6622	6567	6556	6703	6452	6587	6379	6557	6361	6484	6489	6375	6624	6607	6584	6437	6291	6672	6815	6683	6493	6254	6519	6629	6719	5992	6454	6578	6502	6581	6542	6505	6614	6655	6576	6380	6591	6547	6680	6537	6673	6543
AY839866	6662	6788	6761	6601	6165	6893	6761	6681	6601	6893	6888	6722	6839	6557	6686	0	6767	6842	6627	6719	5554	6427	6623	6395	6702	6834	6635	6760	6709	6684	6714	6984	6771	6517	6805	6800	6952	6785	6672	6851	6917	6358	6578	6224	6548	6407	6720	6681	6680	6528	6728	6832	6819	6771	6418	6670	6536	6839	6859	6789	6864	6900	6776	7006	6747	6616	6495	6841	6411	6650	6951	6514	6568	6927	6759	6539	6844	6573	6392	6703	6711	6662	6650	6395	6701	6860	6889	6942	6903	6854	6717	6658	6863	6768	6900	6386	6925	6762	6783	6875	6781	6848	6882	6592	6989	6599	6620	6594	6383	6711	5980	6615	6478	6643	6216	6774	6829	6735	6619	6878	6712	6441	6905	6844	6680	6450	6203	6841	6936	6501	6688	6865	6809	6711	6773	6611	6668	6921	6749	6961	6851	6852	6769	6810	6852	6432	6886	6803	7218	6815	6820	6593	6927	6134	6949	6991	6401	6739	6895	6469	6143	6557	6532	6820	6753	6755	6679	6989	6757	6626	6802	6820	6846	6685	6929	6885	6929	6843	6487	6912	6731	6648	6374	6893	6731	6466	6803	6653	6857	6737	6217	6806	6982	6732	6779	6396	6661	6618	6788	6041	6497	6635	6700	6773	6661	6535	6988	6918	6784	6780	6703	6612	6809	6731	6859	6521
AY960748	6717	6872	6802	6752	6168	6896	6558	6954	6586	6721	6822	6595	6873	6650	6598	6767	0	6883	6894	6694	5627	6411	6614	6491	6655	7066	6514	6934	6714	6707	6705	6690	6823	6359	6873	6715	7070	6676	6602	6839	6745	6413	6796	6056	6369	6520	6696	6716	6800	6530	6717	6778	6943	6705	6369	6527	6399	6725	6756	6819	6703	6873	6710	6821	6910	6620	6412	6781	6180	6574	6768	6429	6754	6869	6782	6654	6758	6592	6173	6557	6746	6680	6627	6380	6633	6628	6781	6889	6865	6706	6958	6680	6702	6592	6811	6293	7264	6819	6829	6897	6742	6824	6859	6538	6831	6492	6647	6546	6416	6734	6027	6732	6459	6555	6224	6818	6833	6574	6792	6776	6705	6476	6875	6987	6599	6368	6279	6935	6983	6465	6729	6823	6771	6910	6930	6774	6816	6894	6778	6838	6600	6844	6762	6807	6798	6426	6966	6567	6727	6798	6829	6529	6787	6101	6757	6835	6484	6820	6872	6335	6229	6658	6352	7135	6664	6619	6701	7067	6718	6844	6720	6862	7013	6778	7202	6855	6816	6812	6717	6926	6632	6855	6322	6964	6598	6429	6879	6565	6791	6647	6265	6841	6781	6768	6637	6475	6516	6702	6774	5942	6524	6911	6988	6493	6553	6616	6852	6955	6644	6561	6697	6603	6939	6862	6773	6639
AF391123	6776	6958	6682	6751	5999	7017	6745	6703	6725	6847	6926	6678	6984	6621	6771	6842	6883	0	6614	6657	5460	6562	6589	6468	6712	6965	6535	6874	6847	6627	6697	6814	6682	6536	6967	6719	6898	6702	6742	6704	6956	6348	6736	6081	6332	6492	6891	6747	6769	6677	7251	6724	6787	6813	6325	6449	6302	6862	6959	6967	6711	6974	6892	7021	6871	6629	6578	6757	6234	6619	6929	6444	6621	6977	6924	6597	6991	6669	6091	6530	6789	6826	6545	6403	6847	6549	6726	6918	6991	6642	6688	6737	6685	6768	7041	6215	6830	7423	6661	6875	6745	6843	6961	6554	6952	6582	6762	6782	6470	6735	6111	6616	6712	6510	6742	6946	6999	6509	6725	6787	6887	6332	6907	6777	6715	6335	6355	7049	6941	6394	6718	6781	6961	6795	6845	6614	6837	6919	6743	6996	6572	7013	6927	6876	6993	6454	6823	6495	6794	7360	6908	6695	6936	6079	6873	6966	6592	6671	6955	6416	6203	6570	6263	6969	6766	6669	6832	6899	6869	6670	6752	7308	6829	6734	6880	6780	6733	6876	6554	6771	6603	6710	6482	6784	6545	6545	6961	6724	6725	6596	6396	6862	7020	6977	6549	6398	6645	6700	6912	6037	6643	6712	6631	6675	6681	6638	6827	6943	6676	6503	6723	6725	6978	6844	6853	6643
KX009022	6540	6581	6767	6418	6041	6600	6525	6855	6445	6540	6647	6330	6584	6584	6579	6627	6894	6614	0	6595	5544	6361	6460	6447	6530	6823	6399	6630	6559	6591	6600	6512	6734	6292	6573	6489	6760	6467	6538	6623	6591	6288	6444	6004	6293	6403	6527	6644	6791	6424	6533	6395	6732	6660	6323	6507	6256	6550	6568	6609	6430	6575	6566	6608	6620	6445	6367	6730	6084	6541	6566	6356	6668	6628	6555	6552	6594	6442	6107	6468	6572	6540	6569	6292	6485	6396	6659	6688	6568	6480	6880	6570	6602	6540	6569	6167	6804	6540	6771	6713	6635	6647	6553	6359	6606	6420	6669	6314	6405	6396	5857	6586	6402	6516	6088	6542	6591	6455	6682	6486	6447	6292	6642	6913	6408	6265	6109	6626	6726	6473	6725	6746	6551	6755	6778	6631	6449	6646	6696	6633	6385	6593	6681	6584	6559	6246	6861	6372	6680	6502	6602	6262	6600	6075	6575	6604	6279	6744	6638	6279	6033	6442	6213	6787	6555	6526	6636	6866	6558	6717	6480	6559	6836	6537	7088	6616	6620	6591	6711	6709	6435	6735	6277	6692	6534	6401	6644	6497	6541	6469	6109	6592	6565	6524	6500	6410	6458	6661	6559	5899	6337	6841	7034	6466	6494	6452	6706	6676	6766	6427	6493	6478	6623	6615	6667	6497
KX187338	6548	6660	6693	6463	6083	6794	6592	6659	6469	6563	6742	6469	6667	6696	6609	6719	6694	6657	6595	0	5482	6412	6554	6427	6704	6750	6530	6610	6581	6608	7131	6634	6673	6427	6700	6531	6786	6552	6585	6614	6678	6431	6370	6148	6386	6299	6511	6624	6695	6493	6600	6488	6727	6644	6408	6385	6349	6615	6679	6600	6541	6742	6709	6695	6595	6541	6513	6827	6243	6418	6646	6580	6781	6739	6589	6481	6635	6650	6178	6349	6563	6567	6622	6370	6514	6448	6623	6695	6721	6443	6686	6522	6703	6579	6633	6200	6725	6572	6800	6742	6552	6660	6739	6513	6694	6437	6549	6354	6355	6431	5961	6668	6479	6387	6214	6613	6705	6354	6622	6555	6559	6459	6666	6668	6395	6396	6138	6701	6772	6541	6611	6706	6723	6731	6693	6650	6495	6653	6775	6610	6453	6666	6566	6602	6618	6358	6788	6444	6721	6630	6754	6278	6676	6125	6654	6684	6300	6583	6666	6370	6092	6534	6289	6687	6539	6549	6628	6745	6725	6645	6464	6614	6715	6503	6819	6655	6686	6642	6624	6717	6359	6712	6329	6634	6524	6446	6623	6691	6584	6439	6258	6607	6744	6598	6519	6512	6518	6509	6674	5936	6384	6692	6725	6617	6531	6549	6777	6768	6719	6421	6678	6577	6604	6572	6590	6579
EU912465	5511	5426	5536	5499	5562	5502	5396	5658	5484	5445	5621	5408	5458	5564	5357	5554	5627	5460	5544	5482	0	5419	5427	5505	5532	5636	5549	5629	5403	5451	5477	5494	5569	5433	5520	5513	5562	5526	5413	5462	5456	5591	5412	5323	5496	5304	5384	5585	5571	5382	5432	5458	5669	5504	5625	5425	5479	5525	5458	5485	5482	5524	5435	5486	5583	5367	5347	5766	5284	5354	5435	5483	5611	5526	5392	5457	5415	5532	5327	5481	5483	5488	5675	5519	5397	5437	5781	5596	5453	5565	5622	5520	5655	5451	5452	5412	5672	5420	5718	5652	5388	5477	5508	5413	5440	5392	5400	5242	5375	5486	5403	5528	5380	5541	5421	5504	5498	5376	5522	5547	5438	5450	5560	5604	5365	5417	5255	5464	5695	5685	5550	5553	5483	5643	5716	5459	5461	5529	5697	5442	5410	5470	5377	5625	5453	5384	5596	5409	5581	5396	5561	5280	5386	5371	5488	5458	5241	5562	5520	5388	5343	5467	5350	5620	5459	5630	5459	5581	5470	5627	5550	5433	5644	5418	5628	5443	5726	5505	5639	5537	5414	5714	5367	6010	5448	5437	5525	5476	5594	5508	5395	5552	5508	5476	5613	5468	5385	5512	5447	5388	5317	5656	5661	5396	5399	5448	5734	5695	5558	5398	5616	5530	5528	5601	5460	5465
KC835077	6481	6469	6451	6410	5959	6586	6574	6503	6472	6448	6552	6234	6500	6436	6477	6427	6411	6562	6361	6412	5419	0	6375	6375	6460	6503	6327	6477	6559	6296	6443	6387	6443	6333	6562	6326	6434	6314	6363	6477	6573	6395	6334	5915	6179	6202	6553	6481	6413	6918	6492	6221	6399	6540	6291	6216	6263	6432	6801	6939	6249	6550	6776	6517	6462	6310	6477	6503	6047	6417	6410	6378	6462	6516	6553	6342	6555	6544	5978	6237	6464	6531	6378	6368	6573	6224	6339	6510	6798	6273	6363	6497	6404	6443	6523	6186	6412	6519	6370	6423	6467	6415	6542	6257	6448	6389	6445	6465	6489	6304	6017	6439	6515	6327	6181	6405	6819	6181	6466	6258	6502	6196	6473	6361	6402	6226	6305	6526	6442	6396	6459	6461	6777	6538	6436	6321	6458	6572	6482	6504	6219	6481	6466	6517	6484	6284	6398	6188	6460	6484	6519	6263	6481	6119	6420	6443	6310	6394	6583	6304	6131	6248	6176	6393	6346	6359	6880	6396	6811	6604	6342	6494	6354	6290	6435	6340	6293	6456	6448	6421	6176	6525	6404	6384	6299	6369	6587	6935	6318	6274	6550	6444	6567	6497	6352	6324	6525	6499	6837	6052	6404	6374	6340	6600	6506	6463	6426	6465	6385	6196	6456	6413	6473	6449	6489	6449
AB271057	6613	6581	6646	6476	6250	6799	6573	6574	6487	6680	6689	6620	6536	6456	6463	6623	6614	6589	6460	6554	5427	6375	0	6265	6538	6677	6565	6615	6662	6510	6525	6604	6612	6393	6683	6691	6640	6713	6522	6558	6590	6315	6392	6105	6321	6272	6441	6555	6485	6503	6562	6535	6615	6617	6229	6432	6399	6602	6675	6590	6637	6729	6672	6721	6606	6978	6289	6772	6224	6438	6631	6334	6413	6638	6653	6380	6622	6543	6214	6559	6580	6453	6489	6294	6436	6582	6649	6621	6698	6658	6620	6514	6688	6560	6711	6211	6625	6516	6543	6596	6618	6587	6713	6580	6650	6380	6534	6396	6336	6613	5860	6452	6335	6608	6038	6622	6656	6475	6487	6663	6546	6349	6578	6629	6501	6401	6080	6649	6713	6415	6611	6653	6714	6719	6564	6549	6559	6582	6638	6682	6597	6653	6576	6611	6693	6449	6625	6528	6673	6574	6680	6390	6581	6001	6738	6632	6357	6494	6668	6324	6089	6593	6323	6594	6474	6630	6569	6614	6698	6506	6704	6561	6653	6908	6599	6590	6627	6670	6371	6681	6507	6545	6246	6679	6601	6404	6639	6578	6657	6532	6179	6605	6629	6666	6602	6275	6518	6555	6685	5923	6396	6592	6522	6529	6517	6485	6744	6696	6521	6531	6655	6545	6554	6581	6654	6485
KX196453	6410	6412	6397	6359	5927	6485	6429	6657	6345	6377	6556	6276	6464	6444	6367	6395	6491	6468	6447	6427	5505	6375	6265	0	6447	6666	6253	6471	6471	6334	6424	6424	6439	6295	6498	6228	6522	6261	6415	6455	6495	6426	6448	5905	6269	6396	6466	6471	6654	6360	6422	6210	6407	6377	6310	6171	6217	6328	6370	6435	6219	6498	6379	6481	6439	6224	6332	6467	6081	6370	6433	6371	6526	6501	6453	6541	6484	6497	5945	6196	6427	6490	6344	6178	6494	6189	6357	6412	6443	6238	6400	6362	6319	6458	6377	6137	6466	6437	6446	6363	6318	6473	6482	6203	6500	6272	6367	6339	6347	6259	5989	6425	6474	6237	6137	6367	6447	6159	6545	6212	6389	6206	6421	6498	6333	6165	6344	6481	6589	6386	6342	6411	6384	6556	6411	6480	6445	6435	6488	6427	6136	6401	6438	6523	6361	6286	6510	6157	6443	6418	6517	6239	6368	6020	6414	6501	6297	6556	6379	6247	6102	6265	6177	6530	6375	6265	6502	6582	6420	6569	6267	6452	6500	6268	6503	6381	6368	6480	6549	6440	6152	6583	6421	6400	6238	6393	6366	6393	6319	6274	6234	6380	6437	6324	6348	6488	6443	6386	6404	5969	6309	6509	6462	6439	6442	6422	6449	6548	6483	6152	6362	6385	6450	6433	6454	6407
KF915796	6791	6715	6627	6501	6099	6770	6652	6684	6512	6656	6852	6558	6773	6476	6600	6702	6655	6712	6530	6704	5532	6460	6538	6447	0	6750	6491	6653	6611	6519	6671	6634	6607	6546	6741	6550	6844	6516	6701	6596	6737	6469	6427	6197	6411	6317	6565	6662	6698	6445	6745	6606	6621	6644	6341	6399	6363	6684	6724	6616	6523	6802	6644	6830	6648	6485	6519	6673	6225	6494	6763	6562	6577	7051	6604	6504	6630	6717	6212	6419	6842	6703	6544	6405	6583	6442	6579	6711	6728	6609	6613	6548	6637	6662	6689	6231	6754	6663	6589	6673	6672	6593	6776	6460	6824	6412	6585	6410	6511	6480	6067	6506	6511	6459	6429	6740	6693	6364	6659	6523	6560	6506	6645	6604	6491	6488	6252	6713	6685	6454	6651	6628	6671	6784	6612	6638	6736	6777	6690	6754	6425	6692	6592	6695	6703	6415	6659	6453	6660	6734	6745	6405	6691	6066	6727	6809	6374	6548	6669	6497	6382	6512	6301	6726	6651	6563	6639	6743	6714	6616	6571	6793	6625	6514	6705	6575	6602	6725	6531	6675	6347	6761	6504	6612	6611	6515	6618	6648	6660	6401	6297	6632	6770	6632	6609	6483	6639	6649	6707	6080	6511	6577	6632	6761	6595	6603	6646	6720	6649	6409	6800	6744	6722	6611	6788	6643
AJ345023	6690	6991	6743	6686	6118	7006	6710	7063	6679	6807	7086	6679	6911	6777	6683	6834	7066	6965	6823	6750	5636	6503	6677	6666	6750	0	6535	6974	6820	6774	6759	6778	6735	6477	7024	6765	7095	6697	6659	6825	6852	6505	6835	6173	6362	6629	6785	6904	6967	6630	6818	6734	6939	6762	6447	6561	6412	6868	6922	6945	6702	7058	6838	6986	6965	6660	6494	6925	6193	6658	6901	6438	6790	6979	6876	6762	6836	6779	6235	6546	6738	6799	6689	6395	6687	6689	6824	7013	6979	6708	6905	6726	6763	6713	6891	6305	7058	6891	6851	7013	6812	6958	7042	6588	6965	6621	6766	6621	6495	6705	6067	6743	6553	6564	6324	6872	6994	6610	6913	6755	6825	6419	6992	6990	6629	6455	6335	6995	7012	6544	6677	6835	6877	7095	6984	6858	6762	6909	6841	6947	6668	6943	6820	7011	6919	6444	7059	6658	6841	6904	7034	6572	6859	6138	6891	6948	6434	6837	6887	6429	6140	6628	6331	7097	6772	6667	6812	7093	6853	6876	6764	6915	7042	6731	7164	6910	6861	6825	6822	6844	6649	7022	6405	6909	6607	6424	6856	6701	6811	6593	6350	6954	6909	6896	6646	6508	6641	6710	6897	6017	6644	6881	6906	6684	6646	6697	6905	6976	6747	6651	6705	6695	6911	6927	6905	6661
AY116665	6540	6504	6541	6422	6144	6678	6550	6504	6448	6566	6613	6626	6527	6501	6423	6635	6514	6535	6399	6530	5549	6327	6565	6253	6491	6535	0	6596	6532	6475	6549	6704	6532	6356	6525	6826	6485	7058	6526	6492	6490	6299	6319	6280	6479	6222	6429	6575	6447	6403	6494	6829	6486	6559	6367	6479	6542	6509	6546	6503	7129	6531	6510	6611	6583	6506	6364	6605	6414	6361	6544	6337	6416	6569	6534	6386	6500	6446	6262	6849	6485	6480	6526	6263	6418	6547	6568	6574	6537	6736	6458	6532	6582	6590	6623	6330	6530	6523	6525	6467	6530	6488	6508	6526	6556	6406	6483	6339	6369	6832	5872	6435	6396	6745	6095	6641	6543	6493	6470	7018	6464	6288	6552	6413	6484	6565	6124	6568	6522	6482	6548	6560	6559	6556	6516	6379	6492	6556	6562	6621	6548	6527	6497	6632	6490	6621	6428	6516	6667	6473	6583	6379	6462	6059	6632	6546	6323	6444	6565	6301	6117	6457	6460	6502	6451	6838	6471	6459	6555	6510	6769	6512	6464	6487	6485	6449	6582	6544	6408	6544	6500	6510	6315	6624	6546	6457	6584	6488	6636	6573	6134	6566	6544	6520	6762	6289	6481	6471	6524	5990	6412	6490	6482	6511	6581	6491	6590	6567	6463	6471	6599	6620	6490	6586	6532	6555
AB073198	6690	6904	6719	6754	6141	6876	6691	6766	6697	6788	6827	6660	6913	6617	6588	6760	6934	6874	6630	6610	5629	6477	6615	6471	6653	6974	6596	0	6772	6914	6668	6748	6744	6409	6862	6749	6886	6772	6662	6747	6810	6444	6738	6093	6437	6542	6773	7212	6763	6583	6765	6758	6855	6686	6347	6569	6451	6832	6755	6876	6730	6865	6703	6903	7432	6604	6419	6772	6260	6638	6806	6444	6606	6843	6825	6670	6746	6567	6210	6648	6766	6701	6587	6365	6712	6658	6800	7097	6855	6815	6734	6669	6757	6666	6786	6329	6857	6824	6749	6829	6761	7037	6856	6638	6851	6620	6677	6617	6453	6818	6070	6633	6480	6656	6236	6905	6906	6615	6717	6787	6819	6410	7052	6892	6659	6396	6278	6988	6983	6460	6609	6767	6777	6820	6927	6657	6823	6926	6730	6839	6668	6949	6761	6817	6848	6488	6915	6614	6708	6831	6792	6591	6776	6090	6812	6839	6505	6674	6873	6382	6181	6691	6319	6992	6768	6714	6705	6852	6730	6710	6798	6860	6944	6715	6912	6959	6766	6832	6661	6788	6693	6720	6458	6886	6622	6515	6887	6614	6761	6692	6252	6800	6876	6868	6706	6431	6588	6690	6765	6023	6678	6842	6739	6625	6623	6691	6836	6931	6611	6646	6784	6687	6933	7359	6823	6666
AB245384	6694	6785	6712	6679	6055	7082	6737	6828	6703	6742	6867	6697	6885	6551	6705	6709	6714	6847	6559	6581	5403	6559	6662	6471	6611	6820	6532	6772	0	6641	6565	6757	6749	6477	6915	6659	6731	6659	6726	6670	6945	6324	6529	6076	6354	6335	6892	6723	6608	6729	6816	6666	6682	6700	6235	6498	6365	6842	6892	6872	6588	6918	6919	6860	6747	6651	6480	6746	6194	6661	6884	6373	6548	6838	7379	6450	6949	6726	6139	6596	6723	6762	6468	6334	6841	6589	6638	6804	7019	6634	6592	6685	6660	6701	6920	6254	6682	6794	6642	6697	6864	6854	6908	6579	6877	6584	6864	6732	6520	6686	6094	6570	6683	6596	6309	6791	6977	6556	6700	6603	6809	6333	6802	6665	6617	6369	6421	6945	6723	6424	6774	6788	6902	6792	6643	6596	6731	6847	6711	6874	6576	6878	6763	6761	6896	6554	6701	6554	6735	6815	6875	6517	6762	6022	6789	6878	6629	6598	6752	6433	6142	6459	6235	6672	6636	6672	6916	6749	6921	6639	6670	6836	6668	6681	6714	6736	6624	6963	6509	6812	6578	6637	6508	6646	6566	6448	6766	6779	6737	6583	6387	6783	6902	6923	6602	6298	6640	6742	6942	6032	6592	6589	6535	6674	6671	6676	6704	6761	6554	6551	6634	6673	6804	6720	6866	6682
JF748731	6556	6660	6663	6558	6012	6678	6569	6758	6565	6607	6713	6494	6708	6641	6512	6684	6707	6627	6591	6608	5451	6296	6510	6334	6519	6774	6475	6914	6641	0	6633	6622	6654	6272	6721	6641	6694	6588	6546	6558	6636	6299	6583	5977	6385	6388	6578	6908	6659	6397	6639	6585	6691	6556	6229	6441	6292	6667	6537	6580	6526	6732	6523	6671	6895	6530	6335	6676	6213	6682	6668	6396	6566	6650	6645	6534	6630	6531	6143	6543	6601	6606	6446	6201	6523	6490	6630	6942	6592	6567	6606	6571	6672	6557	6573	6175	6657	6570	6734	6661	6656	6943	6699	6523	6703	6798	6617	6375	6347	6595	5946	6624	6410	6542	6094	6682	6643	6497	6662	6556	6566	6296	6896	6656	6482	6287	6186	6762	6704	6411	6587	6708	6553	6724	6757	6569	6552	6734	6667	6663	6524	6722	6526	6631	6653	6340	6781	6545	6673	6600	6676	6391	6592	6052	6635	6695	6354	6628	6606	6313	6049	6534	6182	6682	6583	6561	6520	6730	6553	6592	6527	6641	6738	6536	6741	7103	6637	6696	6555	6694	6505	6594	6393	6633	6481	6336	6618	6431	6602	6522	6065	6655	6689	6686	6564	6411	6500	6546	6551	5891	6486	6678	6598	6506	6520	6564	6692	6702	6504	6502	6560	6569	6732	6845	6678	6566
AF290916	6607	6661	6720	6495	6078	6707	6675	6630	6569	6591	6684	6439	6677	6675	6640	6714	6705	6697	6600	7131	5477	6443	6525	6424	6671	6759	6549	6668	6565	6633	0	6659	6694	6384	6693	6568	6751	6556	6597	6618	6674	6390	6407	6075	6382	6318	6587	6681	6620	6506	6652	6423	6662	6630	6399	6426	6374	6635	6652	6646	6495	6691	6602	6707	6654	6532	6515	6795	6276	6457	6615	6566	6736	6716	6554	6500	6647	6583	6136	6395	6622	6568	6564	6322	6588	6415	6597	6688	6650	6424	6634	6574	6670	6663	6611	6217	6708	6652	6783	6693	6523	6617	6681	6500	6700	6514	6581	6444	6382	6447	5971	6688	6510	6452	6212	6608	6710	6380	6609	6521	6625	6382	6694	6652	6487	6327	6138	6712	6747	6539	6592	6704	6627	6675	6690	6603	6539	6622	6746	6631	6426	6698	6586	6631	6599	6373	6767	6438	6707	6633	6687	6349	6650	6115	6676	6685	6329	6631	6652	6329	6088	6588	6298	6703	6488	6538	6666	6727	6655	6675	6470	6657	6714	6533	6798	6652	6668	6641	6598	6694	6369	6659	6322	6579	6504	6433	6660	6569	6543	6514	6274	6612	6717	6627	6577	6492	6583	6551	6645	5981	6487	6734	6707	6603	6613	6561	6712	6724	6697	6376	6657	6579	6636	6621	6590	6551
AB045100	6687	6754	6642	6648	6108	6847	6734	6671	6682	6726	6834	6663	6809	6547	6653	6984	6690	6814	6512	6634	5494	6387	6604	6424	6634	6778	6704	6748	6757	6622	6659	0	6658	6470	6871	6821	6751	6833	6703	6661	6747	6372	6533	6183	6573	6452	6665	6724	6678	6538	6769	6752	6689	6623	6308	6652	6603	6780	6709	6730	6757	6862	6706	6854	6730	6577	6459	6773	6461	6593	6826	6455	6574	6821	6764	6562	6706	6655	6332	6739	6736	6663	6485	6288	6655	6745	6674	6795	6787	6759	6567	6644	6682	6693	6760	6404	6683	6764	6652	6699	6702	6732	6839	6579	6863	6617	6624	6552	6431	6835	6076	6609	6490	6710	6279	6827	6795	6717	6606	6772	6703	6416	6806	6617	6612	6430	6209	6840	6782	6452	6675	6691	6723	6686	6679	6598	6702	6818	6754	6797	6747	6829	6708	6774	6748	6479	6677	6780	6942	6779	6849	6480	6737	6092	6801	6831	6472	6677	6708	6398	6155	6587	6443	6735	6574	6765	6633	6788	6728	6562	6834	6799	6642	6646	6680	6691	6729	6821	6485	6709	6705	6623	6444	6671	6688	6464	6705	6551	6821	6768	6279	6799	6831	6767	6777	6360	6617	6675	6753	6058	6593	6575	6502	6653	6655	6632	6758	6764	6626	6679	6664	6713	6802	6719	6793	6628
KC815539	6683	6723	7167	6566	6115	6726	6657	6773	6595	6722	6750	6441	6699	6508	6633	6771	6823	6682	6734	6673	5569	6443	6612	6439	6607	6735	6532	6744	6749	6654	6694	6658	0	6394	6731	6649	6813	6642	6720	6622	6785	6322	6482	6054	6476	6412	6694	6687	6652	6497	6650	6533	6640	6682	6403	6644	6425	6687	6632	6641	6558	6726	6618	6675	6732	6576	6436	6733	6297	6669	6651	6376	6671	6686	6748	6577	6816	6586	6279	6568	6699	6632	6609	6353	6670	6584	6699	6735	6646	6611	6768	6573	6660	6636	6664	6377	6827	6624	6768	6663	6752	6728	6724	6478	6733	6484	6795	6512	6572	6556	6038	6627	6577	6625	6190	6648	6665	6608	6667	6613	6633	6370	6732	6860	6590	6348	6311	6776	6691	6410	6838	7160	6604	6752	6624	6640	6594	6756	6663	6708	6603	6766	6639	6678	6692	6360	6775	6581	6762	6656	6743	6394	6649	6051	6770	6727	6518	6703	6684	6383	6163	6542	6296	6784	6610	6654	6744	6830	6634	6673	6595	6662	6802	6611	6814	6707	6713	6798	6617	7151	6617	6654	6451	6762	6685	6596	6689	6560	6662	6630	6205	6732	6696	6702	6625	6395	6599	6810	6651	5964	6509	6813	6751	6612	6587	6650	6733	6712	6636	6606	6699	6582	6770	6719	6823	6682
AJ223990	6401	6569	6343	6299	6073	6625	6777	6320	6438	6708	6621	6329	6516	6222	6415	6517	6359	6536	6292	6427	5433	6333	6393	6295	6546	6477	6356	6409	6477	6272	6384	6470	6394	0	6576	6435	6491	6397	6401	6424	6538	6183	6231	6163	6188	6123	6403	6398	6472	6348	6505	6301	6365	6597	6202	6248	6195	6603	6592	6426	6374	6629	6549	6923	6415	6347	6306	6461	6070	6259	6687	6205	6322	6617	6462	6294	6558	6563	6234	6257	6485	6540	6376	6573	6418	6292	6401	6572	6582	6322	6351	6433	6445	6693	6647	6171	6399	6502	6410	6392	6559	6456	6611	6259	6694	6222	6506	6361	6391	6287	6089	6273	6401	6298	6340	6443	6497	6199	6419	6458	6469	6331	6542	6398	6546	6270	6182	6549	6519	6349	6487	6419	6602	6470	6328	6352	6387	6563	6383	6734	6294	6506	6737	6531	6674	6256	6411	6261	6487	6560	6541	6384	6499	6103	6825	6696	6176	6325	6621	6772	6172	6233	6167	6486	6488	6408	6430	6459	6586	6394	6364	6552	6420	6339	6436	6412	6408	6544	6295	6415	6192	6408	6289	6372	6329	6324	6541	6545	6411	6253	6269	6521	6617	6571	6382	6227	6694	6527	6567	6477	6371	6365	6383	6816	6681	6341	6434	6434	6381	6288	6561	6426	6510	6369	6632	6457
AJ575658	6734	7019	6696	6936	6063	7054	6800	6842	6813	6804	7156	6669	7052	6680	6745	6805	6873	6967	6573	6700	5520	6562	6683	6498	6741	7024	6525	6862	6915	6721	6693	6871	6731	6576	0	6640	6939	6687	6727	6690	6894	6484	6742	6088	6450	6479	6852	6767	6742	6667	6893	6698	6859	6718	6376	6477	6407	6968	6914	6928	6670	7495	6891	7081	6849	6632	6531	6864	6222	6698	6934	6496	6716	6995	7002	6608	6877	7198	6155	6520	6823	6804	6524	6370	6795	6611	6724	6979	7073	6710	6663	6778	6761	6727	6940	6258	6821	6938	6737	6880	6907	6933	7486	6582	6940	6690	6828	6763	6590	6752	6126	6717	6612	6568	6380	6925	7066	6529	6796	6703	6952	6385	6973	6757	6679	6334	6340	7074	6902	6511	6851	6759	6947	6887	6867	6653	6897	6917	6849	6980	6606	6996	6924	7115	7054	6446	6844	6611	6754	6977	7241	6615	6902	6080	6917	6931	6512	6728	6871	6463	6217	6564	6260	6881	6714	6628	6777	6924	6905	6694	6793	7002	6807	6742	6870	6840	6750	7052	6591	6794	6602	6776	6505	6818	6563	6468	6881	6718	6825	6666	6392	7180	6988	7097	6601	6392	6652	6882	6911	6116	6754	6695	6604	6753	6701	6802	6797	6920	6577	6558	6807	6719	7055	6836	6923	6794
DQ309072	6618	6709	6659	6537	6177	6809	6673	6629	6517	6800	6736	6770	6709	6504	6529	6800	6715	6719	6489	6531	5513	6326	6691	6228	6550	6765	6826	6749	6659	6641	6568	6821	6649	6435	6640	0	6708	6954	6562	6653	6699	6313	6485	6305	6445	6276	6572	6649	6534	6470	6633	6968	6681	6659	6339	6604	6538	6656	6707	6658	6917	6666	6646	6811	6751	6676	6354	6722	6382	6429	6753	6328	6434	6786	6672	6394	6675	6453	6336	6914	6634	6537	6639	6319	6552	6736	6769	6768	6719	6910	6625	6580	6719	6637	6734	6348	6740	6661	6536	6698	6668	6681	6636	6597	6795	6513	6568	6467	6342	6946	5938	6558	6357	6841	6133	6778	6691	6706	6528	7018	6546	6338	6761	6620	6647	6613	6110	6774	6763	6473	6604	6732	6708	6632	6670	6489	6592	6691	6656	6778	6783	6716	6671	6628	6684	6605	6629	6724	6800	6670	6670	6480	6662	6042	6824	6770	6386	6474	6750	6367	6101	6491	6399	6751	6573	6930	6618	6666	6684	6514	6906	6702	6659	6649	6705	6649	6771	6715	6390	6746	6723	6580	6307	6776	6746	6444	6735	6515	6781	6711	6171	6667	6723	6678	6917	6257	6572	6572	6729	6001	6487	6577	6585	6600	6607	6520	6823	6791	6538	6706	6580	6637	6710	6727	6715	6547
