AF139176	0	7205	6668	6803	7283	6810	6784	6994	7083	7319
AY268170	7205	0	6723	6849	7217	6813	6792	7052	7122	7226
EF397578	6668	6723	0	6437	6679	6383	6412	6609	6757	6713
AB510956	6803	6849	6437	0	6779	6813	6826	6648	6734	6779
AF139173	7283	7217	6679	6779	0	6743	6745	7063	7097	7326
AB469785	6810	6813	6383	6813	6743	0	6771	6621	6698	6752
AB510957	6784	6792	6412	6826	6745	6771	0	6615	6680	6781
Y09879	6994	7052	6609	6648	7063	6621	6615	0	6964	7016
KJ831094	7083	7122	6757	6734	7097	6698	6680	6964	0	7087
AF139175	7319	7226	6713	6779	7326	6752	6781	7016	7087	0
