DQ007436	0	6948	6833	7051	7192	7011	6848	6986
AB247623	6948	0	7287	7352	6997	7427	6891	7244
DQ784575	6833	7287	0	7178	6900	7257	6863	7110
AJ488501	7051	7352	7178	0	7112	7341	6931	7183
EU365479	7192	6997	6900	7112	0	7047	6883	7046
JX310203	7011	7427	7257	7341	7047	0	6862	7205
JX508596	6848	6891	6863	6931	6883	6862	0	6899
AJ293820	6986	7244	7110	7183	7046	7205	6899	0
