GU129567	0	6263	6406	6332	6434	6384	6387	6283	6143	6248	6182	6287	6282	6286	6294	6607	6343	6302	6428	6211	6589	6344	6475	6343	6368	6357	6441	6301	6372	6445	6037	6397	6127	6361	6423	6266	6332	6210	6336	6337	6194	6265	6051	6478	6385	6179	6378	6385	6286	6093
AJ428275	6263	0	6455	6457	6491	6439	6384	6599	6369	6196	6746	6647	6671	6149	6395	6368	6536	6655	6585	6575	6437	6510	6513	6521	6534	6485	6543	6559	6605	6405	6030	6614	6524	6535	6247	6431	6332	6494	6630	6631	6578	6675	6227	6502	6612	6763	6679	6694	6711	6156
Y16933	6406	6455	0	6581	6556	6485	6429	6597	6182	6317	6373	6453	6465	6610	6483	6516	6490	6543	6537	6426	6540	6590	6640	6532	6757	6451	6905	6398	6657	6544	6274	6647	6172	6792	6361	6556	6404	6432	6597	6419	6436	6504	6117	6590	6575	6370	6512	6596	6593	6274
KF924610	6332	6457	6581	0	6472	6405	6455	6572	6238	6184	6360	6549	6467	6286	6354	6495	6580	6624	6628	6356	6569	6483	6666	6403	6621	6466	6732	6382	6596	6513	6148	6675	6173	6521	6358	6421	6350	6379	6661	6505	6592	6373	6071	6620	6557	6432	6425	6708	6561	6234
KU696538	6434	6491	6556	6472	0	6509	6474	6638	6255	6442	6430	6426	6498	6366	6634	6584	6600	6703	6514	6412	6566	6697	6582	6614	6556	6379	6611	6499	6611	6509	6155	6629	6329	6587	6413	6489	6375	6331	6642	6460	6441	6422	6125	6658	6578	6427	6419	6598	6499	6263
KR052005	6384	6439	6485	6405	6509	0	6556	6489	6402	6224	6428	6578	6586	6285	6389	6523	6420	6440	6557	6499	6514	6550	6470	6521	6501	6482	6536	6529	6515	6524	6117	6639	6327	6411	6444	6523	6454	6454	6513	6669	6331	6539	6172	6510	6560	6425	6468	6495	6535	6258
AB187584	6387	6384	6429	6455	6474	6556	0	6469	6300	6229	6388	6421	6459	6253	6381	6454	6551	6457	6633	6374	6455	6441	6473	6450	6467	6507	6497	6383	6515	6513	6133	6545	6327	6345	6485	6503	6567	6323	6440	6458	6356	6379	6168	6550	6453	6396	6475	6516	6534	6198
AY014173	6283	6599	6597	6572	6638	6489	6469	0	6316	6240	6652	6587	6495	6279	6620	6451	6526	6771	6679	6488	6530	6742	6679	6645	6748	6484	6774	6389	6831	6546	6167	6730	6459	6701	6368	6628	6398	6385	6815	6669	6578	6485	6135	6629	6571	6781	6526	6663	6772	6376
KX456189	6143	6369	6182	6238	6255	6402	6300	6316	0	6062	6445	6589	6424	6053	6285	6288	6217	6239	6354	6332	6322	6324	6283	6305	6378	6241	6276	6312	6332	6293	6056	6359	6463	6200	6274	6235	6202	6428	6285	6449	6263	6340	6235	6282	6320	6464	6300	6426	6321	6208
DQ512861	6248	6196	6317	6184	6442	6224	6229	6240	6062	0	6143	6128	6240	6259	6346	6232	6323	6328	6287	6211	6223	6337	6343	6286	6232	6163	6329	6233	6316	6266	6007	6321	6123	6303	6241	6235	6155	6150	6367	6132	6198	6205	6041	6280	6251	6140	6160	6336	6248	6070
AY189743	6182	6746	6373	6360	6430	6428	6388	6652	6445	6143	0	6694	6549	6078	6481	6342	6449	6601	6552	6548	6381	6512	6455	6481	6517	6495	6437	6415	6561	6458	5950	6514	6782	6487	6291	6435	6357	6542	6607	6598	6459	6562	6284	6460	6520	6995	6591	6620	6636	6117
DQ108402	6287	6647	6453	6549	6426	6578	6421	6587	6589	6128	6694	0	6673	6174	6345	6493	6433	6495	6662	6561	6565	6510	6583	6452	6661	6544	6611	6459	6591	6541	6122	6657	6482	6458	6383	6413	6370	6758	6571	6740	6527	6715	6319	6512	6615	6754	6614	6674	6585	6268
DQ342239	6282	6671	6465	6467	6498	6586	6459	6495	6424	6240	6549	6673	0	6234	6468	6463	6504	6503	6548	6651	6509	6593	6471	6502	6534	6411	6532	6650	6524	6409	6097	6580	6416	6456	6296	6454	6411	6589	6551	6609	6576	6754	6259	6497	6672	6561	6577	6552	6561	6274
AJ864469	6286	6149	6610	6286	6366	6285	6253	6279	6053	6259	6078	6174	6234	0	6297	6335	6252	6237	6240	6151	6326	6302	6368	6366	6405	6154	6639	6192	6397	6276	6152	6340	6037	6430	6230	6334	6190	6227	6275	6138	6163	6204	6076	6316	6291	6075	6215	6302	6265	6126
AB727354	6294	6395	6483	6354	6634	6389	6381	6620	6285	6346	6481	6345	6468	6297	0	6439	6501	6504	6401	6377	6435	6708	6513	6515	6504	6276	6493	6445	6510	6366	6120	6516	6431	6535	6323	6403	6319	6263	6515	6369	6465	6310	6172	6514	6488	6478	6370	6518	6488	6247
KJ960184	6607	6368	6516	6495	6584	6523	6454	6451	6288	6232	6342	6493	6463	6335	6439	0	6442	6456	6489	6366	6889	6569	6563	6509	6502	6444	6586	6468	6497	6451	6139	6538	6248	6476	6390	6390	6398	6362	6402	6433	6384	6394	6097	6600	6604	6339	6492	6523	6419	6217
LN650666	6343	6536	6490	6580	6600	6420	6551	6526	6217	6323	6449	6433	6504	6252	6501	6442	0	6622	6559	6446	6485	6632	6561	6510	6521	6410	6579	6447	6607	6471	6093	6632	6304	6486	6383	6463	6440	6279	6665	6463	6543	6384	6089	6622	6612	6471	6476	6675	6672	6168
KJ451483	6302	6655	6543	6624	6703	6440	6457	6771	6239	6328	6601	6495	6503	6237	6504	6456	6622	0	6653	6513	6471	6611	6604	6572	6569	6536	6646	6491	6658	6525	6022	6674	6390	6655	6353	6523	6318	6372	6841	6545	6636	6550	6131	6628	6594	6653	6557	6653	6662	6179
AY014175	6428	6585	6537	6628	6514	6557	6633	6679	6354	6287	6552	6662	6548	6240	6401	6489	6559	6653	0	6497	6553	6549	6667	6491	6666	6869	6812	6460	6676	6662	6162	6759	6332	6516	6494	6502	6543	6452	6792	6690	6565	6567	6179	6633	6570	6749	6582	6694	6798	6290
DQ923133	6211	6575	6426	6356	6412	6499	6374	6488	6332	6211	6548	6561	6651	6151	6377	6366	6446	6513	6497	0	6390	6488	6415	6483	6489	6470	6428	6551	6531	6437	5962	6494	6370	6481	6302	6401	6341	6515	6531	6578	6494	6593	6199	6440	6543	6545	6553	6465	6583	6154
KJ653224	6589	6437	6540	6569	6566	6514	6455	6530	6322	6223	6381	6565	6509	6326	6435	6889	6485	6471	6553	6390	0	6623	6637	6500	6575	6459	6659	6459	6571	6459	6188	6603	6262	6500	6373	6389	6383	6386	6475	6498	6457	6418	6088	6617	6642	6412	6507	6582	6492	6269
HQ336256	6344	6510	6590	6483	6697	6550	6441	6742	6324	6337	6512	6510	6593	6302	6708	6569	6632	6611	6549	6488	6623	0	6625	6683	6693	6435	6628	6486	6729	6471	6123	6641	6362	6649	6384	6511	6395	6373	6686	6505	6580	6474	6174	6628	6650	6529	6460	6654	6634	6309
DQ423482	6475	6513	6640	6666	6582	6470	6473	6679	6283	6343	6455	6583	6471	6368	6513	6563	6561	6604	6667	6415	6637	6625	0	6521	6737	6578	6838	6445	6728	6563	6312	6780	6248	6631	6425	6549	6396	6370	6686	6578	6625	6418	6106	6675	6570	6527	6536	6697	6653	6283
D32240	6343	6521	6532	6403	6614	6521	6450	6645	6305	6286	6481	6452	6502	6366	6515	6509	6510	6572	6491	6483	6500	6683	6521	0	6664	6447	6617	6412	6864	6471	6142	6519	6371	6620	6417	6589	6428	6360	6553	6486	6441	6391	6161	6544	6507	6478	6473	6544	6606	6341
KC243677	6368	6534	6757	6621	6556	6501	6467	6748	6378	6232	6517	6661	6534	6405	6504	6502	6521	6569	6666	6489	6575	6693	6737	6664	0	6516	6846	6373	6867	6581	6283	6729	6315	6766	6442	6583	6489	6457	6685	6667	6528	6501	6154	6614	6591	6580	6535	6642	6691	6469
Y13827	6357	6485	6451	6466	6379	6482	6507	6484	6241	6163	6495	6544	6411	6154	6276	6444	6410	6536	6869	6470	6459	6435	6578	6447	6516	0	6512	6352	6530	6567	5990	6576	6275	6456	6433	6449	6438	6412	6507	6571	6406	6499	6131	6547	6469	6528	6595	6553	6573	6070
AY014174	6441	6543	6905	6732	6611	6536	6497	6774	6276	6329	6437	6611	6532	6639	6493	6586	6579	6646	6812	6428	6659	6628	6838	6617	6846	6512	0	6436	6827	6540	6452	6804	6226	6732	6365	6587	6441	6433	6882	6568	6586	6541	6103	6630	6625	6649	6538	6702	6867	6411
GQ260189	6301	6559	6398	6382	6499	6529	6383	6389	6312	6233	6415	6459	6650	6192	6445	6468	6447	6491	6460	6551	6459	6486	6445	6412	6373	6352	6436	0	6410	6320	6025	6510	6307	6378	6234	6368	6293	6414	6453	6460	6524	6557	6158	6431	6617	6415	6440	6519	6505	6124
EU725799	6372	6605	6657	6596	6611	6515	6515	6831	6332	6316	6561	6591	6524	6397	6510	6497	6607	6658	6676	6531	6571	6729	6728	6864	6867	6530	6827	6410	0	6566	6281	6725	6371	6747	6449	6630	6444	6410	6743	6637	6557	6459	6160	6630	6618	6633	6533	6710	6788	6421
FJ842690	6445	6405	6544	6513	6509	6524	6513	6546	6293	6266	6458	6541	6409	6276	6366	6451	6471	6525	6662	6437	6459	6471	6563	6471	6581	6567	6540	6320	6566	0	6034	6643	6278	6535	6714	6502	6422	6456	6569	6556	6392	6478	6208	6660	6475	6455	6472	6650	6428	6221
AF250334	6037	6030	6274	6148	6155	6117	6133	6167	6056	6007	5950	6122	6097	6152	6120	6139	6093	6022	6162	5962	6188	6123	6312	6142	6283	5990	6452	6025	6281	6034	0	6234	5967	6163	6014	6165	6087	5994	6137	6087	6046	5981	5815	6136	6101	6021	5984	6170	6163	6181
KT634253	6397	6614	6647	6675	6629	6639	6545	6730	6359	6321	6514	6657	6580	6340	6516	6538	6632	6674	6759	6494	6603	6641	6780	6519	6729	6576	6804	6510	6725	6643	6234	0	6303	6623	6485	6572	6429	6424	6740	6791	6624	6543	6132	6698	6646	6586	6591	6794	6747	6334
Y12703	6127	6524	6172	6173	6329	6327	6327	6459	6463	6123	6782	6482	6416	6037	6431	6248	6304	6390	6332	6370	6262	6362	6248	6371	6315	6275	6226	6307	6371	6278	5967	6303	0	6286	6259	6334	6257	6365	6396	6406	6259	6340	6266	6308	6336	6773	6376	6420	6416	6135
Y16927	6361	6535	6792	6521	6587	6411	6345	6701	6200	6303	6487	6458	6456	6430	6535	6476	6486	6655	6516	6481	6500	6649	6631	6620	6766	6456	6732	6378	6747	6535	6163	6623	6286	0	6352	6598	6353	6404	6682	6488	6509	6463	6147	6617	6561	6484	6543	6597	6659	6269
EU660389	6423	6247	6361	6358	6413	6444	6485	6368	6274	6241	6291	6383	6296	6230	6323	6390	6383	6353	6494	6302	6373	6384	6425	6417	6442	6433	6365	6234	6449	6714	6014	6485	6259	6352	0	6415	6372	6319	6396	6388	6245	6308	6196	6545	6353	6288	6336	6504	6288	6201
D32242	6266	6431	6556	6421	6489	6523	6503	6628	6235	6235	6435	6413	6454	6334	6403	6390	6463	6523	6502	6401	6389	6511	6549	6589	6583	6449	6587	6368	6630	6502	6165	6572	6334	6598	6415	0	6489	6351	6588	6441	6381	6394	6154	6532	6447	6432	6423	6533	6567	6246
D32241	6332	6332	6404	6350	6375	6454	6567	6398	6202	6155	6357	6370	6411	6190	6319	6398	6440	6318	6543	6341	6383	6395	6396	6428	6489	6438	6441	6293	6444	6422	6087	6429	6257	6353	6372	6489	0	6307	6364	6373	6286	6316	6078	6455	6371	6355	6424	6417	6493	6196
JN662389	6210	6494	6432	6379	6331	6454	6323	6385	6428	6150	6542	6758	6589	6227	6263	6362	6279	6372	6452	6515	6386	6373	6370	6360	6457	6412	6433	6414	6410	6456	5994	6424	6365	6404	6319	6351	6307	0	6372	6476	6386	6677	6314	6407	6482	6533	6514	6520	6426	6150
AY014176	6336	6630	6597	6661	6642	6513	6440	6815	6285	6367	6607	6571	6551	6275	6515	6402	6665	6841	6792	6531	6475	6686	6686	6553	6685	6507	6882	6453	6743	6569	6137	6740	6396	6682	6396	6588	6364	6372	0	6641	6604	6559	6133	6623	6624	6808	6494	6733	6878	6250
JX126474	6337	6631	6419	6505	6460	6669	6458	6669	6449	6132	6598	6740	6609	6138	6369	6433	6463	6545	6690	6578	6498	6505	6578	6486	6667	6571	6568	6460	6637	6556	6087	6791	6406	6488	6388	6441	6373	6476	6641	0	6446	6559	6145	6525	6601	6670	6624	6584	6666	6280
FJ593906	6194	6578	6436	6592	6441	6331	6356	6578	6263	6198	6459	6527	6576	6163	6465	6384	6543	6636	6565	6494	6457	6580	6625	6441	6528	6406	6586	6524	6557	6392	6046	6624	6259	6509	6245	6381	6286	6386	6604	6446	0	6464	6165	6530	6493	6545	6421	6668	6584	6204
AF461158	6265	6675	6504	6373	6422	6539	6379	6485	6340	6205	6562	6715	6754	6204	6310	6394	6384	6550	6567	6593	6418	6474	6418	6391	6501	6499	6541	6557	6459	6478	5981	6543	6340	6463	6308	6394	6316	6677	6559	6559	6464	0	6240	6419	6636	6593	6592	6583	6559	6163
EF660757	6051	6227	6117	6071	6125	6172	6168	6135	6235	6041	6284	6319	6259	6076	6172	6097	6089	6131	6179	6199	6088	6174	6106	6161	6154	6131	6103	6158	6160	6208	5815	6132	6266	6147	6196	6154	6078	6314	6133	6145	6165	6240	0	6204	6174	6275	6135	6292	6156	5935
KX427102	6478	6502	6590	6620	6658	6510	6550	6629	6282	6280	6460	6512	6497	6316	6514	6600	6622	6628	6633	6440	6617	6628	6675	6544	6614	6547	6630	6431	6630	6660	6136	6698	6308	6617	6545	6532	6455	6407	6623	6525	6530	6419	6204	0	6600	6457	6518	6729	6537	6232
GQ250442	6385	6612	6575	6557	6578	6560	6453	6571	6320	6251	6520	6615	6672	6291	6488	6604	6612	6594	6570	6543	6642	6650	6570	6507	6591	6469	6625	6617	6618	6475	6101	6646	6336	6561	6353	6447	6371	6482	6624	6601	6493	6636	6174	6600	0	6517	6620	6646	6682	6188
AB006899	6179	6763	6370	6432	6427	6425	6396	6781	6464	6140	6995	6754	6561	6075	6478	6339	6471	6653	6749	6545	6412	6529	6527	6478	6580	6528	6649	6415	6633	6455	6021	6586	6773	6484	6288	6432	6355	6533	6808	6670	6545	6593	6275	6457	6517	0	6588	6656	6848	6189
GQ281379	6378	6679	6512	6425	6419	6468	6475	6526	6300	6160	6591	6614	6577	6215	6370	6492	6476	6557	6582	6553	6507	6460	6536	6473	6535	6595	6538	6440	6533	6472	5984	6591	6376	6543	6336	6423	6424	6514	6494	6624	6421	6592	6135	6518	6620	6588	0	6568	6672	6101
AB185957	6385	6694	6596	6708	6598	6495	6516	6663	6426	6336	6620	6674	6552	6302	6518	6523	6675	6653	6694	6465	6582	6654	6697	6544	6642	6553	6702	6519	6710	6650	6170	6794	6420	6597	6504	6533	6417	6520	6733	6584	6668	6583	6292	6729	6646	6656	6568	0	6651	6273
AY014177	6286	6711	6593	6561	6499	6535	6534	6772	6321	6248	6636	6585	6561	6265	6488	6419	6672	6662	6798	6583	6492	6634	6653	6606	6691	6573	6867	6505	6788	6428	6163	6747	6416	6659	6288	6567	6493	6426	6878	6666	6584	6559	6156	6537	6682	6848	6672	6651	0	6243
AF250332	6093	6156	6274	6234	6263	6258	6198	6376	6208	6070	6117	6268	6274	6126	6247	6217	6168	6179	6290	6154	6269	6309	6283	6341	6469	6070	6411	6124	6421	6221	6181	6334	6135	6269	6201	6246	6196	6150	6250	6280	6204	6163	5935	6232	6188	6189	6101	6273	6243	0
