AY221956	0	6968	6877	7262	6923	7028	6854	6816	6904	6658	6743	6841	6554	6855	6978	6997	7043	6655	7006	6696	7019	6907	6512	6467	6765	6853	6861	6943	6866	6998	7047	6961	6817	6950	6969	7026	7038	6775	6987	7096	7305	7021	6196	6913	7033	6956	6723	6953	6783	6977	6764	6758	6767	6597	6619	6934	6943	6659
HQ698908	6968	0	6723	7042	7009	7153	6966	6590	7014	6833	6994	6988	6602	6967	6728	7176	6996	6738	7355	6851	6669	7075	6608	6627	6906	6905	7075	7106	6607	7029	6798	7166	7076	6999	6741	7148	7049	6711	6971	6988	7072	7220	6396	7140	7286	6940	6802	7245	6753	7174	6723	6815	6913	6768	6504	7147	6688	6784
AB365791	6877	6723	0	6821	6890	6830	6668	6645	6730	6450	6563	6704	6708	6846	6692	6796	6825	6715	6722	6620	6794	6792	6531	6468	6638	6781	6720	6810	6615	6851	6848	6756	6651	6896	6729	6794	6884	6667	6884	6911	6921	6820	6215	6800	6765	6837	6680	6715	6930	6729	6968	6750	6653	6561	6497	6777	6870	6562
AF263278	7262	7042	6821	0	6939	7005	6980	6848	6845	6610	6738	6987	6599	6861	7051	7001	7262	6739	7006	6594	6878	6818	6523	6386	6755	6864	6824	7000	6752	7231	7024	6891	6863	6948	6910	6990	7017	6953	7015	7291	7327	7086	6147	6967	7071	6952	6728	6858	6874	6870	6829	6740	6851	6692	6678	6984	6992	6716
AY773186	6923	7009	6890	6939	0	7065	6944	6747	6903	6597	6853	6949	6724	6964	6779	7066	6935	6720	7007	6782	6758	7014	6651	6577	6938	6898	6968	6951	6665	6926	6970	7025	6868	7167	6774	7067	7128	6837	7013	6962	6972	7071	6394	7058	7070	6962	6872	6941	6897	6966	6855	7044	6925	6751	6567	7075	6800	6932
AY435213	7028	7153	6830	7005	7065	0	6985	6711	7022	6784	6866	6995	6708	7068	6795	7084	7022	6746	7102	6841	6711	7054	6660	6600	6887	6963	7003	7137	6626	6930	6864	7156	6975	7023	6792	7148	7060	6818	7093	6961	7029	7189	6366	7090	7231	6957	6852	7121	6833	7073	6774	6927	6851	6692	6599	7154	6839	6787
AM420302	6854	6966	6668	6980	6944	6985	0	6575	6798	6810	6711	7489	6526	6875	6639	6918	7059	6651	6960	6550	6560	6765	6674	6423	6729	6741	6899	6887	6460	7114	6760	6865	6923	6921	6643	6939	6976	6891	6850	7033	7025	6947	6243	6950	6978	6768	6851	6821	6781	6810	6715	6814	6996	6512	6421	6926	6682	6704
GU171384	6816	6590	6645	6848	6747	6711	6575	0	6638	6336	6580	6570	6499	6654	6830	6676	6755	6501	6578	6560	6735	6591	6422	6386	6654	6662	6523	6628	6637	6722	6798	6643	6577	6710	6739	6732	6679	6762	6712	6856	6750	6637	6209	6576	6636	6691	6535	6600	6683	6544	6631	6705	6571	6562	6603	6621	6867	6610
JX009148	6904	7014	6730	6845	6903	7022	6798	6638	0	6670	6837	6819	6605	6950	6625	7121	6753	6703	7014	6890	6630	6998	6647	6648	6751	6762	6959	7064	6530	6811	6755	7054	7032	6915	6620	6987	6948	6566	6930	6752	6897	7056	6417	6989	7056	6830	6808	7094	6598	6955	6571	6888	6727	6496	6364	7025	6733	6632
JX986957	6658	6833	6450	6610	6597	6784	6810	6336	6670	0	6578	6840	6279	6640	6464	6728	6557	6367	6813	6441	6346	6633	6489	6318	6461	6528	6741	6670	6352	6704	6536	6722	6650	6613	6388	6730	6689	6545	6705	6608	6701	6740	6170	6738	6808	6594	6627	6815	6423	6809	6414	6491	6722	6326	6239	6685	6416	6375
AB201286	6743	6994	6563	6738	6853	6866	6711	6580	6837	6578	0	6717	6451	6768	6651	7036	6674	6394	7079	6792	6662	6922	6436	6653	6919	6755	6966	6772	6622	6691	6629	6888	6743	6829	6679	6895	6807	6662	6813	6718	6836	6902	6490	7024	6880	6841	6624	6954	6740	6966	6696	6698	6771	6684	6472	7048	6559	6794
AJ938142	6841	6988	6704	6987	6949	6995	7489	6570	6819	6840	6717	0	6556	6871	6638	6948	7029	6706	6980	6586	6520	6761	6700	6403	6729	6763	6898	6889	6454	7125	6730	6901	6929	6922	6612	6963	6971	6916	6873	7000	6987	6951	6263	6956	6990	6783	6903	6843	6795	6817	6744	6813	7026	6557	6409	6924	6667	6718
HM366717	6554	6602	6708	6599	6724	6708	6526	6499	6605	6279	6451	6556	0	6679	6509	6605	6673	6770	6528	6517	6515	6588	6605	6343	6572	6683	6571	6645	6320	6622	6540	6605	6566	6708	6562	6594	6692	6572	6723	6655	6618	6679	6277	6637	6666	6677	6516	6556	6663	6569	6616	6730	6481	6462	6338	6651	6645	6489
LN875221	6855	6967	6846	6861	6964	7068	6875	6654	6950	6640	6768	6871	6679	0	6639	6909	6917	6825	6952	6737	6678	6976	6624	6565	6696	6822	6873	7082	6525	6875	6769	6968	6882	6885	6624	6977	6944	6691	7035	6939	6884	7082	6417	6972	7059	6861	6787	6960	6703	6894	6683	6942	6711	6597	6503	6977	6809	6638
AB488693	6978	6728	6692	7051	6779	6795	6639	6830	6625	6464	6651	6638	6509	6639	0	6756	6874	6489	6671	6569	6860	6682	6461	6393	6727	6822	6691	6689	6779	6812	6851	6699	6594	6790	6853	6784	6807	6833	6796	6912	6946	6756	6196	6765	6813	6848	6586	6667	6804	6684	6745	6643	6658	6630	6708	6750	6847	6653
AY497470	6997	7176	6796	7001	7066	7084	6918	6676	7121	6728	7036	6948	6605	6909	6756	0	6904	6627	7249	6956	6750	7153	6629	6705	6972	6903	7145	7012	6678	6982	6886	7153	6977	7085	6779	7120	7067	6731	6976	6946	7094	7126	6433	7230	7154	6999	6852	7101	6853	7051	6839	6863	6980	6722	6480	7192	6772	6865
AY965240	7043	6996	6825	7262	6935	7022	7059	6755	6753	6557	6674	7029	6673	6917	6874	6904	0	6791	6929	6492	6830	6761	6601	6314	6729	6868	6758	6948	6616	7209	6979	6807	6813	6891	6874	6958	6942	6881	6936	7306	7201	6994	6199	6939	6983	6862	6694	6782	6935	6788	6890	6779	6797	6633	6815	6935	6990	6708
LN875219	6655	6738	6715	6739	6720	6746	6651	6501	6703	6367	6394	6706	6770	6825	6489	6627	6791	0	6644	6481	6481	6622	6561	6287	6517	6631	6549	6823	6321	6786	6575	6691	6705	6735	6495	6725	6812	6557	6820	6815	6702	6798	6213	6629	6780	6647	6549	6662	6580	6605	6535	6719	6484	6434	6290	6680	6637	6434
JRZC01000915	7006	7355	6722	7006	7007	7102	6960	6578	7014	6813	7079	6980	6528	6952	6671	7249	6929	6644	0	6899	6684	7078	6535	6651	6964	6815	7080	7056	6613	6980	6807	7180	7055	6946	6711	7164	7008	6673	6953	6951	7127	7162	6418	7194	7212	6918	6755	7232	6749	7227	6736	6788	6898	6670	6395	7156	6661	6778
KF733462	6696	6851	6620	6594	6782	6841	6550	6560	6890	6441	6792	6586	6517	6737	6569	6956	6492	6481	6899	0	6645	6886	6529	6743	6800	6686	6914	6853	6514	6557	6600	7045	6914	6752	6617	6871	6749	6502	6714	6527	6721	6878	6443	6882	6884	6737	6674	6885	6532	6847	6535	6752	6659	6495	6251	6892	6581	6605
KF601211	7019	6669	6794	6878	6758	6711	6560	6735	6630	6346	6662	6520	6515	6678	6860	6750	6830	6481	6684	6645	0	6773	6407	6465	6679	6759	6717	6708	6821	6705	6889	6725	6566	6763	6970	6759	6745	6661	6738	6867	7036	6755	6213	6742	6704	6837	6545	6695	6704	6710	6711	6628	6590	6523	6565	6740	6821	6587
U86373	6907	7075	6792	6818	7014	7054	6765	6591	6998	6633	6922	6761	6588	6976	6682	7153	6761	6622	7078	6886	6773	0	6563	6699	6842	6878	7072	7020	6635	6814	6795	7085	6909	6998	6760	7049	6987	6627	6963	6825	6918	7143	6418	7108	7109	6928	6804	7073	6706	7029	6693	6840	6840	6653	6462	7101	6677	6744
HM357233	6512	6608	6531	6523	6651	6660	6674	6422	6647	6489	6436	6700	6605	6624	6461	6629	6601	6561	6535	6529	6407	6563	0	6368	6523	6552	6672	6614	6265	6647	6534	6634	6655	6663	6469	6649	6636	6627	6602	6526	6566	6617	6300	6622	6705	6586	6766	6601	6482	6529	6449	6667	6724	6321	6253	6599	6586	6418
KC817488	6467	6627	6468	6386	6577	6600	6423	6386	6648	6318	6653	6403	6343	6565	6393	6705	6314	6287	6651	6743	6465	6699	6368	0	6597	6480	6811	6631	6389	6432	6377	6738	6648	6573	6445	6622	6546	6359	6509	6383	6497	6707	6339	6725	6669	6531	6533	6637	6429	6649	6434	6520	6504	6384	6188	6742	6380	6484
KF915802	6765	6906	6638	6755	6938	6887	6729	6654	6751	6461	6919	6729	6572	6696	6727	6972	6729	6517	6964	6800	6679	6842	6523	6597	0	6857	6903	6773	6594	6699	6741	6921	6756	6888	6754	6910	6879	6745	6823	6757	6853	6866	6377	6906	6937	6883	6645	6843	6811	6881	6758	6758	6805	6729	6435	6966	6605	6802
KJ746438	6853	6905	6781	6864	6898	6963	6741	6662	6762	6528	6755	6763	6683	6822	6822	6903	6868	6631	6815	6686	6759	6878	6552	6480	6857	0	6863	6853	6662	6863	6771	6851	6731	6890	6821	6890	6901	6794	6980	6851	6886	6895	6305	6909	6917	7102	6727	6841	6845	6841	6798	6763	6802	6823	6596	6923	6758	6709
EU035613	6861	7075	6720	6824	6968	7003	6899	6523	6959	6741	6966	6898	6571	6873	6691	7145	6758	6549	7080	6914	6717	7072	6672	6811	6903	6863	0	6953	6593	6896	6790	7084	6927	6983	6698	7055	6946	6761	6893	6825	6932	7073	6430	7191	7088	6973	6836	7029	6728	7123	6715	6803	6943	6621	6406	7210	6630	6722
U96939	6943	7106	6810	7000	6951	7137	6887	6628	7064	6670	6772	6889	6645	7082	6689	7012	6948	6823	7056	6853	6708	7020	6614	6631	6773	6853	6953	0	6598	6924	6857	7078	7255	6908	6689	7062	6990	6611	7011	6981	7018	7268	6402	7015	7164	6915	6853	7094	6635	7011	6626	6867	6747	6581	6433	7029	6772	6668
AJ420332	6866	6607	6615	6752	6665	6626	6460	6637	6530	6352	6622	6454	6320	6525	6779	6678	6616	6321	6613	6514	6821	6635	6265	6389	6594	6662	6593	6598	0	6616	6765	6594	6452	6673	6794	6682	6663	6561	6657	6690	6914	6664	6250	6623	6624	6753	6433	6598	6629	6641	6644	6518	6522	6611	6630	6616	6640	6645
EF139186	6998	7029	6851	7231	6926	6930	7114	6722	6811	6704	6691	7125	6622	6875	6812	6982	7209	6786	6980	6557	6705	6814	6647	6432	6699	6863	6896	6924	6616	0	6915	6872	6856	6974	6745	7021	7027	7025	6957	7248	7190	7008	6182	6958	7033	6879	6815	6838	6975	6827	6908	6728	6873	6727	6607	6898	6865	6704
AY773189	7047	6798	6848	7024	6970	6864	6760	6798	6755	6536	6629	6730	6540	6769	6851	6886	6979	6575	6807	6600	6889	6795	6534	6377	6741	6771	6790	6857	6765	6915	0	6800	6669	6927	6831	6932	6911	6735	6878	7063	7115	6855	6172	6824	6854	6895	6649	6796	6757	6808	6758	6731	6723	6540	6595	6811	6915	6629
AF215705	6961	7166	6756	6891	7025	7156	6865	6643	7054	6722	6888	6901	6605	6968	6699	7153	6807	6691	7180	7045	6725	7085	6634	6738	6921	6851	7084	7078	6594	6872	6800	0	7124	6984	6740	7186	7064	6637	6985	6842	6986	7159	6434	7099	7199	6898	6869	7166	6662	7112	6615	6882	6879	6625	6381	7158	6697	6735
U96936	6817	7076	6651	6863	6868	6975	6923	6577	7032	6650	6743	6929	6566	6882	6594	6977	6813	6705	7055	6914	6566	6909	6655	6648	6756	6731	6927	7255	6452	6856	6669	7124	0	6846	6613	7053	6921	6517	6797	6803	6891	7092	6500	7012	7087	6744	6849	7010	6542	6957	6473	6834	6835	6455	6281	6965	6649	6589
AB201285	6950	6999	6896	6948	7167	7023	6921	6710	6915	6613	6829	6922	6708	6885	6790	7085	6891	6735	6946	6752	6763	6998	6663	6573	6888	6890	6983	6908	6673	6974	6927	6984	6846	0	6804	7057	7238	6800	6940	6958	6976	7050	6366	7036	7063	6940	6852	6928	6917	6949	6842	6992	6897	6687	6574	7043	6828	6939
JQ692176	6969	6741	6729	6910	6774	6792	6643	6739	6620	6388	6679	6612	6562	6624	6853	6779	6874	6495	6711	6617	6970	6760	6469	6445	6754	6821	6698	6689	6794	6745	6831	6740	6613	6804	0	6797	6782	6686	6744	6882	6981	6755	6224	6744	6759	6867	6577	6674	6767	6696	6720	6641	6683	6592	6637	6771	6810	6650
AM489502	7026	7148	6794	6990	7067	7148	6939	6732	6987	6730	6895	6963	6594	6977	6784	7120	6958	6725	7164	6871	6759	7049	6649	6622	6910	6890	7055	7062	6682	7021	6932	7186	7053	7057	6797	0	7096	6774	6957	7012	7037	7136	6415	7098	7187	6918	6852	7099	6747	7096	6701	6899	6900	6618	6528	7119	6786	6785
AY040365	7038	7049	6884	7017	7128	7060	6976	6679	6948	6689	6807	6971	6692	6944	6807	7067	6942	6812	7008	6749	6745	6987	6636	6546	6879	6901	6946	6990	6663	7027	6911	7064	6921	7238	6782	7096	0	6758	7028	7018	7043	7114	6365	7026	7124	6934	6875	6990	6856	7031	6790	6978	6893	6689	6541	7040	6797	6916
AB024310	6775	6711	6667	6953	6837	6818	6891	6762	6566	6545	6662	6916	6572	6691	6833	6731	6881	6557	6673	6502	6661	6627	6627	6359	6745	6794	6761	6611	6561	7025	6735	6637	6517	6800	6686	6774	6758	0	6852	6869	6844	6713	6155	6737	6800	6805	6678	6615	6858	6631	6819	6724	6807	6724	6559	6766	6759	6674
AJ302311	6987	6971	6884	7015	7013	7093	6850	6712	6930	6705	6813	6873	6723	7035	6796	6976	6936	6820	6953	6714	6738	6963	6602	6509	6823	6980	6893	7011	6657	6957	6878	6985	6797	6940	6744	6957	7028	6852	0	6955	7048	7102	6302	6953	7072	7061	6767	6980	6812	6955	6796	6856	6790	6850	6530	7056	6822	6668
DQ514537	7096	6988	6911	7291	6962	6961	7033	6856	6752	6608	6718	7000	6655	6939	6912	6946	7306	6815	6951	6527	6867	6825	6526	6383	6757	6851	6825	6981	6690	7248	7063	6842	6803	6958	6882	7012	7018	6869	6955	0	7261	7034	6181	6960	6960	6950	6668	6800	6969	6868	6897	6780	6805	6660	6764	6973	6940	6722
AB561874	7305	7072	6921	7327	6972	7029	7025	6750	6897	6701	6836	6987	6618	6884	6946	7094	7201	6702	7127	6721	7036	6918	6566	6497	6853	6886	6932	7018	6914	7190	7115	6986	6891	6976	6981	7037	7043	6844	7048	7261	0	7104	6234	7034	7050	7011	6716	6947	6915	6990	6915	6773	6835	6684	6586	7040	6905	6720
AY040362	7021	7220	6820	7086	7071	7189	6947	6637	7056	6740	6902	6951	6679	7082	6756	7126	6994	6798	7162	6878	6755	7143	6617	6707	6866	6895	7073	7268	6664	7008	6855	7159	7092	7050	6755	7136	7114	6713	7102	7034	7104	0	6452	7145	7305	6972	6874	7141	6751	7133	6718	6882	6868	6696	6520	7166	6787	6777
AF061872	6196	6396	6215	6147	6394	6366	6243	6209	6417	6170	6490	6263	6277	6417	6196	6433	6199	6213	6418	6443	6213	6418	6300	6339	6377	6305	6430	6402	6250	6182	6172	6434	6500	6366	6224	6415	6365	6155	6302	6181	6234	6452	0	6487	6409	6310	6322	6420	6224	6415	6221	6406	6287	6271	6187	6423	6226	6368
KP938221	6913	7140	6800	6967	7058	7090	6950	6576	6989	6738	7024	6956	6637	6972	6765	7230	6939	6629	7194	6882	6742	7108	6622	6725	6906	6909	7191	7015	6623	6958	6824	7099	7012	7036	6744	7098	7026	6737	6953	6960	7034	7145	6487	0	7159	6979	6845	7037	6873	7077	6830	6852	6937	6670	6491	7242	6721	6816
EU219865	7033	7286	6765	7071	7070	7231	6978	6636	7056	6808	6880	6990	6666	7059	6813	7154	6983	6780	7212	6884	6704	7109	6705	6669	6937	6917	7088	7164	6624	7033	6854	7199	7087	7063	6759	7187	7124	6800	7072	6960	7050	7305	6409	7159	0	6961	6883	7164	6784	7110	6757	6895	6938	6724	6512	7161	6756	6794
KF155692	6956	6940	6837	6952	6962	6957	6768	6691	6830	6594	6841	6783	6677	6861	6848	6999	6862	6647	6918	6737	6837	6928	6586	6531	6883	7102	6973	6915	6753	6879	6895	6898	6744	6940	6867	6918	6934	6805	7061	6950	7011	6972	6310	6979	6961	0	6711	6903	6837	6930	6816	6795	6851	6798	6583	6989	6821	6732
AB021423	6723	6802	6680	6728	6872	6852	6851	6535	6808	6627	6624	6903	6516	6787	6586	6852	6694	6549	6755	6674	6545	6804	6766	6533	6645	6727	6836	6853	6433	6815	6649	6869	6849	6852	6577	6852	6875	6678	6767	6668	6716	6874	6322	6845	6883	6711	0	6806	6600	6716	6534	6767	6984	6500	6332	6798	6670	6583
AF215704	6953	7245	6715	6858	6941	7121	6821	6600	7094	6815	6954	6843	6556	6960	6667	7101	6782	6662	7232	6885	6695	7073	6601	6637	6843	6841	7029	7094	6598	6838	6796	7166	7010	6928	6674	7099	6990	6615	6980	6800	6947	7141	6420	7037	7164	6903	6806	0	6638	7190	6605	6818	6777	6607	6411	7020	6691	6701
FJ772068	6783	6753	6930	6874	6897	6833	6781	6683	6598	6423	6740	6795	6663	6703	6804	6853	6935	6580	6749	6532	6704	6706	6482	6429	6811	6845	6728	6635	6629	6975	6757	6662	6542	6917	6767	6747	6856	6858	6812	6969	6915	6751	6224	6873	6784	6837	6600	6638	0	6687	7145	6682	6703	6756	6642	6813	6781	6781
AM489501	6977	7174	6729	6870	6966	7073	6810	6544	6955	6809	6966	6817	6569	6894	6684	7051	6788	6605	7227	6847	6710	7029	6529	6649	6881	6841	7123	7011	6641	6827	6808	7112	6957	6949	6696	7096	7031	6631	6955	6868	6990	7133	6415	7077	7110	6930	6716	7190	6687	0	6650	6801	6769	6616	6461	7116	6629	6722
FJ796457	6764	6723	6968	6829	6855	6774	6715	6631	6571	6414	6696	6744	6616	6683	6745	6839	6890	6535	6736	6535	6711	6693	6449	6434	6758	6798	6715	6626	6644	6908	6758	6615	6473	6842	6720	6701	6790	6819	6796	6897	6915	6718	6221	6830	6757	6816	6534	6605	7145	6650	0	6648	6665	6721	6614	6755	6765	6732
AJ302312	6758	6815	6750	6740	7044	6927	6814	6705	6888	6491	6698	6813	6730	6942	6643	6863	6779	6719	6788	6752	6628	6840	6667	6520	6758	6763	6803	6867	6518	6728	6731	6882	6834	6992	6641	6899	6978	6724	6856	6780	6773	6882	6406	6852	6895	6795	6767	6818	6682	6801	6648	0	6746	6516	6466	6885	6750	6763
DQ465451	6767	6913	6653	6851	6925	6851	6996	6571	6727	6722	6771	7026	6481	6711	6658	6980	6797	6484	6898	6659	6590	6840	6724	6504	6805	6802	6943	6747	6522	6873	6723	6879	6835	6897	6683	6900	6893	6807	6790	6805	6835	6868	6287	6937	6938	6851	6984	6777	6703	6769	6665	6746	0	6590	6398	6907	6676	6700
HF549035	6597	6768	6561	6692	6751	6692	6512	6562	6496	6326	6684	6557	6462	6597	6630	6722	6633	6434	6670	6495	6523	6653	6321	6384	6729	6823	6621	6581	6611	6727	6540	6625	6455	6687	6592	6618	6689	6724	6850	6660	6684	6696	6271	6670	6724	6798	6500	6607	6756	6616	6721	6516	6590	0	6563	6717	6537	6717
AB495123	6619	6504	6497	6678	6567	6599	6421	6603	6364	6239	6472	6409	6338	6503	6708	6480	6815	6290	6395	6251	6565	6462	6253	6188	6435	6596	6406	6433	6630	6607	6595	6381	6281	6574	6637	6528	6541	6559	6530	6764	6586	6520	6187	6491	6512	6583	6332	6411	6642	6461	6614	6466	6398	6563	0	6503	6685	6561
KT607985	6934	7147	6777	6984	7075	7154	6926	6621	7025	6685	7048	6924	6651	6977	6750	7192	6935	6680	7156	6892	6740	7101	6599	6742	6966	6923	7210	7029	6616	6898	6811	7158	6965	7043	6771	7119	7040	6766	7056	6973	7040	7166	6423	7242	7161	6989	6798	7020	6813	7116	6755	6885	6907	6717	6503	0	6711	6806
AY752958	6943	6688	6870	6992	6800	6839	6682	6867	6733	6416	6559	6667	6645	6809	6847	6772	6990	6637	6661	6581	6821	6677	6586	6380	6605	6758	6630	6772	6640	6865	6915	6697	6649	6828	6810	6786	6797	6759	6822	6940	6905	6787	6226	6721	6756	6821	6670	6691	6781	6629	6765	6750	6676	6537	6685	6711	0	6550
Y17009	6659	6784	6562	6716	6932	6787	6704	6610	6632	6375	6794	6718	6489	6638	6653	6865	6708	6434	6778	6605	6587	6744	6418	6484	6802	6709	6722	6668	6645	6704	6629	6735	6589	6939	6650	6785	6916	6674	6668	6722	6720	6777	6368	6816	6794	6732	6583	6701	6781	6722	6732	6763	6700	6717	6561	6806	6550	0
