Z96090	0	7128	7144	7271	7065	7021	7127	7173
JN600323	7128	0	7133	7443	7259	6868	7031	7241
AJ223407	7144	7133	0	7201	7099	6885	7046	7291
CP015749	7271	7443	7201	0	7378	7006	7200	7316
AJ223409	7065	7259	7099	7378	0	6847	7006	7194
U80198	7021	6868	6885	7006	6847	0	7004	6944
U80199	7127	7031	7046	7200	7006	7004	0	7100
AJ233411	7173	7241	7291	7316	7194	6944	7100	0
