KU535673	0	6912	6554	6454	6520	6300	6449	6481	6791	6373	6698	6100	6644	5958	6057	6580	6370	6450	6360	6683	6457	6511	6137	6563	6260	6498	6432	6481	6413	6357	6130	6453	6632	6368	5995	6322	6829	6528	6436	6547	6575	6367	6484	6720	6377	6133	6302	6216	6429	6093	6122	6233	6442	6405	6001	6141	6699	6534	6688	6132	6491	6470	6456	6536	6487	6831	6513	6277	6417	6655
KX611481	6912	0	6708	6723	6533	6545	6765	6510	7047	6494	6788	6211	6863	6006	6075	6915	6394	6754	6395	6819	6653	6786	6238	6677	6527	6638	6706	6480	6702	6371	6216	6662	6773	6604	5982	6624	6921	6768	6442	6727	6905	6528	6699	6941	6400	6194	6539	6362	6638	6414	6169	6536	6463	6733	6031	6180	6914	6584	6821	6292	6735	6717	6491	6871	6515	7000	6517	6575	6521	6901
AM114396	6554	6708	0	6739	6767	6544	6663	6354	6695	6596	6698	6386	6727	6127	6166	6994	6562	6733	6598	6725	6787	6581	6256	6942	6565	6519	6690	6707	6796	6288	6200	6797	6654	6395	5933	6394	6728	6764	6629	6518	6970	6745	6573	6714	6696	6291	6530	6451	6690	6405	6250	6420	6399	6836	6117	6263	6746	6441	6559	6274	6683	6673	6621	6971	6369	6718	6449	6413	6347	6785
AM491372	6454	6723	6739	0	6482	6643	7177	6528	6803	6953	6635	6515	6759	6179	6313	6858	6842	7223	6757	6632	7040	7004	6303	6580	6817	6830	7217	6810	7375	6430	6272	7052	6615	6530	5863	6586	6644	7065	6780	6491	6870	6907	6632	6795	6916	6294	6700	6413	6922	6871	6411	6725	6673	7289	6577	6194	6831	6644	6489	6284	7139	7091	6739	6844	6305	6701	6369	6634	6197	6828
HM776704	6520	6533	6767	6482	0	6312	6423	6304	6464	6328	6539	6196	6539	6099	6080	6766	6376	6509	6509	6541	6575	6417	6090	6781	6345	6355	6402	6605	6501	6326	6141	6597	6546	6151	5933	6204	6554	6554	6582	6452	6755	6472	6298	6514	6521	6265	6318	6296	6479	6152	6230	6178	6347	6510	6110	6237	6539	6385	6467	6130	6451	6595	6535	6792	6341	6558	6518	6244	6209	6534
KP008109	6300	6545	6544	6643	6312	0	6561	6242	6606	6341	6472	6320	6651	6416	6071	6583	6346	6627	6348	6460	6566	6526	6433	6456	6587	6404	6505	6428	6620	6227	6208	6696	6413	6513	5752	6715	6470	6598	6357	6346	6574	6511	6535	6563	6405	6472	6877	6919	6469	6535	6259	6535	6266	6632	5988	6445	6684	6332	6342	6607	6540	6570	6371	6558	6220	6540	6215	6854	6187	6668
AM491369	6449	6765	6663	7177	6423	6561	0	6542	6727	7035	6485	6426	6620	6132	6227	6816	6976	7056	6652	6605	6857	6969	6272	6554	6708	6827	7316	6682	7161	6324	6206	6915	6496	6483	5765	6527	6634	6927	6587	6531	6908	6720	6639	6715	6769	6195	6593	6332	7055	6802	6364	6738	6671	7061	6342	6072	6746	6581	6474	6247	7317	6951	6658	6816	6288	6660	6346	6550	6257	6736
DQ092871	6481	6510	6354	6528	6304	6242	6542	0	6630	6419	6490	6234	6490	6064	6144	6403	6469	6503	6353	6540	6472	6836	6224	6407	6325	6744	6479	6400	6513	6552	6169	6491	6465	6483	5883	6351	6520	6372	6389	6263	6430	6410	6598	6570	6494	6113	6346	6208	6486	6327	6265	6201	6679	6456	6162	6153	6557	6771	6325	6166	6456	6498	6313	6396	6467	6615	6406	6297	6258	6505
DQ235228	6791	7047	6695	6803	6464	6606	6727	6630	0	6468	6905	6221	6906	6040	6097	6852	6372	6817	6400	6893	6687	6871	6256	6605	6499	6628	6675	6578	6777	6403	6191	6749	6780	6649	6066	6687	6907	6742	6478	6686	6817	6598	6751	7086	6470	6205	6559	6440	6615	6429	6180	6518	6462	6759	6083	6169	7014	6653	6789	6348	6753	6803	6498	6758	6533	7001	6523	6641	6475	6937
AJ583425	6373	6494	6596	6953	6328	6341	7035	6419	6468	0	6464	6409	6456	6074	6211	6594	6964	6823	6651	6529	6773	6741	6200	6436	6551	6750	7129	6665	6947	6272	6128	6765	6403	6317	5675	6321	6557	6866	6577	6352	6627	6679	6462	6552	6747	6178	6458	6243	6943	6524	6326	6442	6588	6852	6292	5999	6524	6461	6354	6181	7006	6681	6594	6655	6197	6485	6231	6354	6168	6577
DQ097274	6698	6788	6698	6635	6539	6472	6485	6490	6905	6464	0	6230	6965	6037	6139	6735	6322	6592	6443	6928	6594	6576	6183	6624	6428	6518	6523	6546	6651	6379	6199	6604	6869	6581	6073	6460	6912	6642	6557	6650	6727	6663	6653	7128	6497	6265	6468	6403	6550	6314	6207	6364	6397	6679	6050	6205	6930	6543	6792	6287	6534	6623	6420	6747	6487	6913	6631	6496	6492	6859
AB267720	6100	6211	6386	6515	6196	6320	6426	6234	6221	6409	6230	0	6289	6200	6547	6340	6404	6502	6353	6291	6497	6389	6327	6347	6750	6382	6456	6411	6518	6156	6398	6441	6226	6239	5568	6288	6238	6415	6372	6038	6368	6403	6287	6301	6531	6244	6443	6276	6402	6916	6723	6344	6299	6495	6045	6155	6334	6256	6047	6213	6380	6385	6362	6380	6142	6232	6145	6346	6020	6384
KR610524	6644	6863	6727	6759	6539	6651	6620	6490	6906	6456	6965	6289	0	6000	6090	6737	6445	6707	6387	6893	6681	6619	6216	6623	6606	6507	6602	6510	6712	6365	6270	6701	7036	6732	6036	6511	6866	6670	6508	6659	6771	6669	6760	7003	6532	6219	6552	6416	6600	6473	6175	6544	6344	6734	6060	6205	7087	6526	6720	6262	6633	6675	6413	6765	6429	6924	6580	6533	6455	6995
JQ911707	5958	6006	6127	6179	6099	6416	6132	6064	6040	6074	6037	6200	6000	0	6108	6137	6123	6137	6103	6055	6167	6140	6379	6144	6139	6107	6108	6167	6176	6106	6106	6194	5959	6008	5549	6410	6016	6091	6105	5969	6165	6057	6005	6048	6221	6303	6566	6511	6086	6204	6219	6073	6087	6094	5920	6425	6079	6077	5974	6307	6092	6157	6095	6135	6056	6033	6086	6448	5961	6117
KC569794	6057	6075	6166	6313	6080	6071	6227	6144	6097	6211	6139	6547	6090	6108	0	6188	6215	6265	6257	6162	6248	6226	6145	6142	6599	6210	6237	6247	6330	6173	6237	6226	6090	6032	5591	6114	6116	6226	6253	6015	6195	6194	6070	6181	6286	6094	6183	6113	6240	6628	6510	6147	6182	6277	6010	6018	6149	6190	6042	6041	6176	6191	6212	6164	6090	6051	6077	6152	5931	6159
KX611467	6580	6915	6994	6858	6766	6583	6816	6403	6852	6594	6735	6340	6737	6137	6188	0	6489	6933	6577	6694	6870	6804	6210	6935	6597	6600	6797	6718	6907	6341	6224	6918	6644	6468	5889	6595	6815	6886	6544	6663	7169	6703	6636	6896	6612	6230	6597	6475	6779	6520	6293	6572	6432	6912	6179	6292	6844	6516	6712	6309	6825	6929	6646	7109	6439	6811	6488	6622	6342	6841
KJ579161	6370	6394	6562	6842	6376	6346	6976	6469	6372	6964	6322	6404	6445	6123	6215	6489	0	6724	6619	6433	6684	6620	6254	6493	6506	6646	7007	6651	6861	6304	6169	6714	6321	6293	5714	6212	6473	6745	6605	6236	6517	6589	6410	6425	6832	6168	6390	6180	6846	6491	6335	6412	6569	6759	6344	6031	6496	6439	6233	6126	6938	6574	6605	6526	6200	6419	6284	6240	6083	6525
AJ438171	6450	6754	6733	7223	6509	6627	7056	6503	6817	6823	6592	6502	6707	6137	6265	6933	6724	0	6797	6616	7115	6978	6297	6648	6741	6761	7062	6819	7237	6394	6281	7090	6602	6565	5851	6612	6667	7006	6747	6461	6920	6888	6664	6768	6862	6312	6676	6431	6837	6730	6408	6720	6604	7193	6450	6237	6872	6582	6534	6326	7054	7148	6764	6835	6383	6703	6346	6679	6216	6810
KM035953	6360	6395	6598	6757	6509	6348	6652	6353	6400	6651	6443	6353	6387	6103	6257	6577	6619	6797	0	6473	6821	6598	6146	6521	6483	6562	6732	6785	6792	6274	6171	6786	6359	6247	5795	6283	6443	6801	6684	6382	6608	6676	6350	6516	6774	6293	6435	6316	6701	6348	6353	6309	6547	6782	6294	6153	6450	6493	6371	6225	6615	6748	6746	6629	6318	6395	6369	6363	6140	6405
KT032156	6683	6819	6725	6632	6541	6460	6605	6540	6893	6529	6928	6291	6893	6055	6162	6694	6433	6616	6473	0	6662	6638	6256	6606	6528	6641	6591	6518	6590	6303	6229	6636	6848	6556	6057	6449	6888	6672	6538	6664	6756	6622	6677	7019	6546	6329	6491	6446	6668	6335	6249	6395	6476	6614	6044	6145	6942	6512	6728	6330	6571	6618	6499	6741	6502	6922	6649	6510	6495	6775
HF536497	6457	6653	6787	7040	6575	6566	6857	6472	6687	6773	6594	6497	6681	6167	6248	6870	6684	7115	6821	6662	0	6785	6323	6715	6699	6734	6860	6906	7010	6353	6316	7130	6603	6474	5889	6482	6645	6963	6737	6468	6821	6947	6575	6644	6881	6301	6697	6494	6837	6560	6418	6523	6577	7041	6444	6270	6800	6551	6515	6391	6867	7008	6833	6778	6379	6767	6434	6540	6246	6715
EF100697	6511	6786	6581	7004	6417	6526	6969	6836	6871	6741	6576	6389	6619	6140	6226	6804	6620	6978	6598	6638	6785	0	6230	6514	6643	7007	6940	6604	7005	6555	6153	6826	6506	6585	5834	6661	6607	6801	6552	6526	6874	6622	6775	6813	6664	6244	6614	6389	6820	6677	6410	6513	6833	6941	6309	6143	6725	6805	6476	6347	6900	6949	6549	6832	6482	6712	6392	6644	6322	6782
JX978785	6137	6238	6256	6303	6090	6433	6272	6224	6256	6200	6183	6327	6216	6379	6145	6210	6254	6297	6146	6256	6323	6230	0	6256	6389	6243	6240	6222	6285	6037	6405	6324	6198	6157	5566	6296	6239	6197	6181	5965	6244	6228	6228	6246	6329	6304	6546	6424	6197	6299	6331	6396	6161	6293	5916	6286	6329	6148	6028	6317	6263	6190	6164	6213	6138	6282	6091	6405	5938	6284
KC252614	6563	6677	6942	6580	6781	6456	6554	6407	6605	6436	6624	6347	6623	6144	6142	6935	6493	6648	6521	6606	6715	6514	6256	0	6426	6455	6520	6671	6604	6334	6257	6739	6594	6292	5989	6340	6744	6643	6543	6490	6957	6565	6453	6642	6612	6215	6446	6413	6548	6289	6260	6319	6382	6616	6166	6278	6728	6430	6586	6251	6550	6673	6591	6852	6361	6708	6562	6360	6294	6696
EU109726	6260	6527	6565	6817	6345	6587	6708	6325	6499	6551	6428	6750	6606	6139	6599	6597	6506	6741	6483	6528	6699	6643	6389	6426	0	6509	6700	6539	6744	6148	6422	6702	6404	6498	5701	6465	6412	6693	6492	6326	6658	6639	6596	6578	6605	6273	6645	6423	6653	7009	6596	6603	6367	6762	6108	6124	6660	6367	6254	6275	6637	6585	6490	6653	6216	6508	6221	6536	6130	6674
HM640986	6498	6638	6519	6830	6355	6404	6827	6744	6628	6750	6518	6382	6507	6107	6210	6600	6646	6761	6562	6641	6734	7007	6243	6455	6509	0	6811	6576	6821	6546	6197	6751	6462	6497	5806	6480	6614	6721	6541	6409	6655	6599	6681	6623	6634	6217	6559	6335	6760	6506	6400	6399	7021	6748	6312	6150	6611	6785	6420	6335	6749	6763	6556	6624	6462	6696	6351	6477	6363	6671
AJ438170	6432	6706	6690	7217	6402	6505	7316	6479	6675	7129	6523	6456	6602	6108	6237	6797	7007	7062	6732	6591	6860	6940	6240	6520	6700	6811	0	6702	7232	6312	6165	6905	6464	6457	5730	6504	6594	7023	6650	6503	6874	6767	6615	6753	6810	6213	6559	6299	7083	6775	6365	6704	6638	7129	6344	6065	6676	6536	6470	6225	7270	6901	6655	6840	6264	6588	6281	6541	6241	6715
KM073965	6481	6480	6707	6810	6605	6428	6682	6400	6578	6665	6546	6411	6510	6167	6247	6718	6651	6819	6785	6518	6906	6604	6222	6671	6539	6576	6702	0	6815	6358	6272	6911	6495	6321	5900	6344	6572	6856	6787	6379	6686	6770	6420	6530	6829	6275	6490	6371	6692	6412	6421	6367	6576	6795	6375	6238	6626	6544	6432	6286	6732	6827	6864	6657	6360	6556	6442	6400	6209	6595
AM491368	6413	6702	6796	7375	6501	6620	7161	6513	6777	6947	6651	6518	6712	6176	6330	6907	6861	7237	6792	6590	7010	7005	6285	6604	6744	6821	7232	6815	0	6428	6246	7044	6550	6557	5796	6569	6598	7040	6755	6428	6870	6912	6694	6807	6898	6304	6643	6357	6931	6871	6406	6782	6666	7338	6488	6172	6767	6629	6484	6275	7145	7081	6714	6863	6341	6651	6285	6624	6206	6840
KC569795	6357	6371	6288	6430	6326	6227	6324	6552	6403	6272	6379	6156	6365	6106	6173	6341	6304	6394	6274	6303	6353	6555	6037	6334	6148	6546	6312	6358	6428	0	6060	6372	6292	6320	5832	6238	6371	6365	6386	6201	6290	6266	6412	6361	6309	6079	6206	6147	6337	6178	6186	6084	6543	6406	6152	6200	6345	6571	6292	6116	6344	6467	6350	6259	6393	6417	6324	6222	6286	6528
GU198945	6130	6216	6200	6272	6141	6208	6206	6169	6191	6128	6199	6398	6270	6106	6237	6224	6169	6281	6171	6229	6316	6153	6405	6257	6422	6197	6165	6272	6246	6060	0	6311	6262	6206	5598	6231	6230	6228	6215	6040	6255	6258	6154	6237	6320	6196	6355	6285	6175	6327	6402	6278	6116	6250	5931	6133	6306	6126	6033	6190	6180	6212	6203	6198	6089	6222	6196	6300	5998	6246
AB245368	6453	6662	6797	7052	6597	6696	6915	6491	6749	6765	6604	6441	6701	6194	6226	6918	6714	7090	6786	6636	7130	6826	6324	6739	6702	6751	6905	6911	7044	6372	6311	0	6575	6485	5848	6549	6685	6970	6739	6492	6860	6925	6619	6670	6877	6300	6768	6527	6843	6526	6384	6567	6593	7043	6425	6256	6817	6591	6548	6381	6925	7022	6799	6784	6352	6761	6414	6621	6246	6749
KU179044	6632	6773	6654	6615	6546	6413	6496	6465	6780	6403	6869	6226	7036	5959	6090	6644	6321	6602	6359	6848	6603	6506	6198	6594	6404	6462	6464	6495	6550	6292	6262	6575	0	6527	6041	6379	6860	6566	6508	6558	6688	6625	6552	6859	6485	6228	6417	6362	6482	6273	6160	6354	6311	6552	6048	6169	6921	6485	6686	6240	6502	6560	6383	6662	6403	6831	6568	6420	6395	6789
KM210514	6368	6604	6395	6530	6151	6513	6483	6483	6649	6317	6581	6239	6732	6008	6032	6468	6293	6565	6247	6556	6474	6585	6157	6292	6498	6497	6457	6321	6557	6320	6206	6485	6527	0	5713	6623	6507	6453	6315	6321	6491	6509	6942	6658	6358	6295	6588	6333	6415	6469	6146	6525	6358	6545	5880	6106	6742	6471	6371	6398	6452	6449	6259	6478	6618	6648	6244	6556	6440	6779
JN196132	5995	5982	5933	5863	5933	5752	5765	5883	6066	5675	6073	5568	6036	5549	5591	5889	5714	5851	5795	6057	5889	5834	5566	5989	5701	5806	5730	5900	5796	5832	5598	5848	6041	5713	0	5697	6052	5898	5956	6060	5921	5844	5774	6035	5827	5622	5734	5656	5784	5549	5613	5516	5788	5815	5854	5718	6187	5918	6052	5598	5772	5926	5840	5888	5798	6070	6109	5692	5776	6051
EF446147	6322	6624	6394	6586	6204	6715	6527	6351	6687	6321	6460	6288	6511	6410	6114	6595	6212	6612	6283	6449	6482	6661	6296	6340	6465	6480	6504	6344	6569	6238	6231	6549	6379	6623	5697	0	6455	6485	6287	6378	6673	6426	6536	6657	6426	6528	6886	6727	6407	6484	6199	6532	6328	6582	5918	6301	6581	6396	6315	6753	6470	6610	6253	6619	6304	6529	6207	7029	6304	6641
GU138374	6829	6921	6728	6644	6554	6470	6634	6520	6907	6557	6912	6238	6866	6016	6116	6815	6473	6667	6443	6888	6645	6607	6239	6744	6412	6614	6594	6572	6598	6371	6230	6685	6860	6507	6052	6455	0	6691	6523	6660	6822	6587	6611	6964	6511	6220	6503	6403	6599	6273	6221	6405	6453	6600	6107	6172	6949	6565	6909	6277	6661	6654	6546	6723	6476	6969	6614	6445	6460	6793
EU030686	6528	6768	6764	7065	6554	6598	6927	6372	6742	6866	6642	6415	6670	6091	6226	6886	6745	7006	6801	6672	6963	6801	6197	6643	6693	6721	7023	6856	7040	6365	6228	6970	6566	6453	5898	6485	6691	0	6754	6608	6852	6867	6563	6744	6796	6287	6585	6410	6984	6576	6358	6528	6554	7029	6380	6166	6777	6479	6559	6321	6977	6977	6890	6873	6288	6693	6390	6536	6267	6734
KF150693	6436	6442	6629	6780	6582	6357	6587	6389	6478	6577	6557	6372	6508	6105	6253	6544	6605	6747	6684	6538	6737	6552	6181	6543	6492	6541	6650	6787	6755	6386	6215	6739	6508	6315	5956	6287	6523	6754	0	6348	6589	6723	6383	6526	6782	6278	6423	6291	6622	6368	6394	6256	6515	6791	6333	6201	6577	6500	6403	6216	6631	6697	6708	6611	6378	6501	6407	6350	6182	6547
EU030688	6547	6727	6518	6491	6452	6346	6531	6263	6686	6352	6650	6038	6659	5969	6015	6663	6236	6461	6382	6664	6468	6526	5965	6490	6326	6409	6503	6379	6428	6201	6040	6492	6558	6321	6060	6378	6660	6608	6348	0	6734	6369	6415	6782	6318	6072	6362	6253	6554	6172	6111	6223	6292	6477	5919	6099	6685	6376	6727	6103	6486	6554	6364	6702	6288	6690	6614	6350	6428	6615
KX611475	6575	6905	6970	6870	6755	6574	6908	6430	6817	6627	6727	6368	6771	6165	6195	7169	6517	6920	6608	6756	6821	6874	6244	6957	6658	6655	6874	6686	6870	6290	6255	6860	6688	6491	5921	6673	6822	6852	6589	6734	0	6647	6647	6942	6661	6319	6682	6505	6788	6594	6321	6642	6495	6922	6146	6278	6867	6450	6694	6378	6841	6966	6615	7265	6400	6768	6551	6669	6442	6849
KU379664	6367	6528	6745	6907	6472	6511	6720	6410	6598	6679	6663	6403	6669	6057	6194	6703	6589	6888	6676	6622	6947	6622	6228	6565	6639	6599	6767	6770	6912	6266	6258	6925	6625	6509	5844	6426	6587	6867	6723	6369	6647	0	6603	6679	6823	6223	6568	6397	6810	6501	6298	6457	6448	6956	6233	6186	6734	6475	6442	6308	6761	6791	6634	6669	6347	6659	6317	6534	6244	6647
KJ150595	6484	6699	6573	6632	6298	6535	6639	6598	6751	6462	6653	6287	6760	6005	6070	6636	6410	6664	6350	6677	6575	6775	6228	6453	6596	6681	6615	6420	6694	6412	6154	6619	6552	6942	5774	6536	6611	6563	6383	6415	6647	6603	0	6780	6446	6194	6528	6336	6604	6504	6175	6617	6534	6660	5941	6128	6794	6560	6492	6333	6601	6599	6313	6610	6775	6745	6323	6527	6439	6827
DQ889723	6720	6941	6714	6795	6514	6563	6715	6570	7086	6552	7128	6301	7003	6048	6181	6896	6425	6768	6516	7019	6644	6813	6246	6642	6578	6623	6753	6530	6807	6361	6237	6670	6859	6658	6035	6657	6964	6744	6526	6782	6942	6679	6780	0	6569	6278	6563	6476	6716	6517	6243	6568	6448	6835	6035	6191	6983	6554	6798	6344	6710	6754	6422	6930	6518	6963	6658	6693	6530	6895
AB245371	6377	6400	6696	6916	6521	6405	6769	6494	6470	6747	6497	6531	6532	6221	6286	6612	6832	6862	6774	6546	6881	6664	6329	6612	6605	6634	6810	6829	6898	6309	6320	6877	6485	6358	5827	6426	6511	6796	6782	6318	6661	6823	6446	6569	0	6347	6584	6391	6731	6491	6424	6385	6565	6864	6393	6219	6589	6478	6278	6314	6736	6740	6675	6686	6299	6497	6415	6447	6137	6586
HM051286	6133	6194	6291	6294	6265	6472	6195	6113	6205	6178	6265	6244	6219	6303	6094	6230	6168	6312	6293	6329	6301	6244	6304	6215	6273	6217	6213	6275	6304	6079	6196	6300	6228	6295	5622	6528	6220	6287	6278	6072	6319	6223	6194	6278	6347	0	6587	6559	6181	6231	6219	6306	6181	6294	5891	6246	6308	6158	6064	6719	6184	6309	6244	6333	6161	6199	6144	6537	6097	6291
AB267722	6302	6539	6530	6700	6318	6877	6593	6346	6559	6458	6468	6443	6552	6566	6183	6597	6390	6676	6435	6491	6697	6614	6546	6446	6645	6559	6559	6490	6643	6206	6355	6768	6417	6588	5734	6886	6503	6585	6423	6362	6682	6568	6528	6563	6584	6587	0	6796	6474	6547	6381	6517	6401	6646	6091	6487	6629	6374	6339	6676	6538	6613	6395	6661	6288	6596	6267	6974	6214	6646
KM229740	6216	6362	6451	6413	6296	6919	6332	6208	6440	6243	6403	6276	6416	6511	6113	6475	6180	6431	6316	6446	6494	6389	6424	6413	6423	6335	6299	6371	6357	6147	6285	6527	6362	6333	5656	6727	6403	6410	6291	6253	6505	6397	6336	6476	6391	6559	6796	0	6333	6318	6265	6354	6189	6420	5927	6415	6436	6247	6216	6716	6291	6432	6300	6467	6192	6461	6227	6815	6193	6421
HM448033	6429	6638	6690	6922	6479	6469	7055	6486	6615	6943	6550	6402	6600	6086	6240	6779	6846	6837	6701	6668	6837	6820	6197	6548	6653	6760	7083	6692	6931	6337	6175	6843	6482	6415	5784	6407	6599	6984	6622	6554	6788	6810	6604	6716	6731	6181	6474	6333	0	6612	6355	6493	6590	6889	6230	6072	6692	6509	6472	6227	7035	6858	6668	6778	6272	6574	6367	6434	6250	6614
HQ882803	6093	6414	6405	6871	6152	6535	6802	6327	6429	6524	6314	6916	6473	6204	6628	6520	6491	6730	6348	6335	6560	6677	6299	6289	7009	6506	6775	6412	6871	6178	6327	6526	6273	6469	5549	6484	6273	6576	6368	6172	6594	6501	6504	6517	6491	6231	6547	6318	6612	0	6769	6727	6376	6819	6046	6097	6520	6344	6150	6262	6703	6637	6358	6543	6148	6306	6081	6552	6082	6546
FJ377314	6122	6169	6250	6411	6230	6259	6364	6265	6180	6326	6207	6723	6175	6219	6510	6293	6335	6408	6353	6249	6418	6410	6331	6260	6596	6400	6365	6421	6406	6186	6402	6384	6160	6146	5613	6199	6221	6358	6394	6111	6321	6298	6175	6243	6424	6219	6381	6265	6355	6769	0	6279	6355	6384	6078	6193	6260	6304	6110	6156	6336	6398	6367	6285	6173	6185	6193	6304	6063	6245
GQ161990	6233	6536	6420	6725	6178	6535	6738	6201	6518	6442	6364	6344	6544	6073	6147	6572	6412	6720	6309	6395	6523	6513	6396	6319	6603	6399	6704	6367	6782	6084	6278	6567	6354	6525	5516	6532	6405	6528	6256	6223	6642	6457	6617	6568	6385	6306	6517	6354	6493	6727	6279	0	6267	6742	5919	6068	6583	6203	6246	6318	6653	6614	6307	6542	6263	6428	6066	6603	6147	6593
KM035945	6442	6463	6399	6673	6347	6266	6671	6679	6462	6588	6397	6299	6344	6087	6182	6432	6569	6604	6547	6476	6577	6833	6161	6382	6367	7021	6638	6576	6666	6543	6116	6593	6311	6358	5788	6328	6453	6554	6515	6292	6495	6448	6534	6448	6565	6181	6401	6189	6590	6376	6355	6267	0	6593	6280	6129	6465	6800	6303	6198	6591	6642	6572	6464	6451	6535	6325	6319	6299	6516
AM491370	6405	6733	6836	7289	6510	6632	7061	6456	6759	6852	6679	6495	6734	6094	6277	6912	6759	7193	6782	6614	7041	6941	6293	6616	6762	6748	7129	6795	7338	6406	6250	7043	6552	6545	5815	6582	6600	7029	6791	6477	6922	6956	6660	6835	6864	6294	6646	6420	6889	6819	6384	6742	6593	0	6401	6185	6752	6571	6471	6324	7052	7072	6728	6913	6350	6694	6314	6646	6257	6814
AJ786798	6001	6031	6117	6577	6110	5988	6342	6162	6083	6292	6050	6045	6060	5920	6010	6179	6344	6450	6294	6044	6444	6309	5916	6166	6108	6312	6344	6375	6488	6152	5931	6425	6048	5880	5854	5918	6107	6380	6333	5919	6146	6233	5941	6035	6393	5891	6091	5927	6230	6046	6078	5919	6280	6401	0	5906	6160	6229	5994	5828	6344	6400	6332	6094	5937	6101	6091	5965	5760	6149
EU585748	6141	6180	6263	6194	6237	6445	6072	6153	6169	5999	6205	6155	6205	6425	6018	6292	6031	6237	6153	6145	6270	6143	6286	6278	6124	6150	6065	6238	6172	6200	6133	6256	6169	6106	5718	6301	6172	6166	6201	6099	6278	6186	6128	6191	6219	6246	6487	6415	6072	6097	6193	6068	6129	6185	5906	0	6222	6199	6121	6222	6035	6265	6132	6253	6114	6208	6203	6337	6028	6214
AM279215	6699	6914	6746	6831	6539	6684	6746	6557	7014	6524	6930	6334	7087	6079	6149	6844	6496	6872	6450	6942	6800	6725	6329	6728	6660	6611	6676	6626	6767	6345	6306	6817	6921	6742	6187	6581	6949	6777	6577	6685	6867	6734	6794	6983	6589	6308	6629	6436	6692	6520	6260	6583	6465	6752	6160	6222	0	6597	6810	6349	6730	6847	6536	6774	6466	6968	6630	6612	6442	7060
KM035962	6534	6584	6441	6644	6385	6332	6581	6771	6653	6461	6543	6256	6526	6077	6190	6516	6439	6582	6493	6512	6551	6805	6148	6430	6367	6785	6536	6544	6629	6571	6126	6591	6485	6471	5918	6396	6565	6479	6500	6376	6450	6475	6560	6554	6478	6158	6374	6247	6509	6344	6304	6203	6800	6571	6229	6199	6597	0	6425	6219	6567	6618	6468	6412	6501	6667	6414	6358	6312	6630
EU030687	6688	6821	6559	6489	6467	6342	6474	6325	6789	6354	6792	6047	6720	5974	6042	6712	6233	6534	6371	6728	6515	6476	6028	6586	6254	6420	6470	6432	6484	6292	6033	6548	6686	6371	6052	6315	6909	6559	6403	6727	6694	6442	6492	6798	6278	6064	6339	6216	6472	6150	6110	6246	6303	6471	5994	6121	6810	6425	0	6112	6494	6570	6424	6596	6394	6821	6578	6310	6439	6643
KP641351	6132	6292	6274	6284	6130	6607	6247	6166	6348	6181	6287	6213	6262	6307	6041	6309	6126	6326	6225	6330	6391	6347	6317	6251	6275	6335	6225	6286	6275	6116	6190	6381	6240	6398	5598	6753	6277	6321	6216	6103	6378	6308	6333	6344	6314	6719	6676	6716	6227	6262	6156	6318	6198	6324	5828	6222	6349	6219	6112	0	6203	6355	6208	6346	6229	6353	6126	6644	6238	6418
AM491371	6491	6735	6683	7139	6451	6540	7317	6456	6753	7006	6534	6380	6633	6092	6176	6825	6938	7054	6615	6571	6867	6900	6263	6550	6637	6749	7270	6732	7145	6344	6180	6925	6502	6452	5772	6470	6661	6977	6631	6486	6841	6761	6601	6710	6736	6184	6538	6291	7035	6703	6336	6653	6591	7052	6344	6035	6730	6567	6494	6203	0	6944	6683	6784	6283	6660	6279	6506	6236	6720
AJ438172	6470	6717	6673	7091	6595	6570	6951	6498	6803	6681	6623	6385	6675	6157	6191	6929	6574	7148	6748	6618	7008	6949	6190	6673	6585	6763	6901	6827	7081	6467	6212	7022	6560	6449	5926	6610	6654	6977	6697	6554	6966	6791	6599	6754	6740	6309	6613	6432	6858	6637	6398	6614	6642	7072	6400	6265	6847	6618	6570	6355	6944	0	6776	6852	6384	6663	6448	6640	6255	6720
KM035944	6456	6491	6621	6739	6535	6371	6658	6313	6498	6594	6420	6362	6413	6095	6212	6646	6605	6764	6746	6499	6833	6549	6164	6591	6490	6556	6655	6864	6714	6350	6203	6799	6383	6259	5840	6253	6546	6890	6708	6364	6615	6634	6313	6422	6675	6244	6395	6300	6668	6358	6367	6307	6572	6728	6332	6132	6536	6468	6424	6208	6683	6776	0	6572	6297	6539	6412	6297	6149	6508
KX611477	6536	6871	6971	6844	6792	6558	6816	6396	6758	6655	6747	6380	6765	6135	6164	7109	6526	6835	6629	6741	6778	6832	6213	6852	6653	6624	6840	6657	6863	6259	6198	6784	6662	6478	5888	6619	6723	6873	6611	6702	7265	6669	6610	6930	6686	6333	6661	6467	6778	6543	6285	6542	6464	6913	6094	6253	6774	6412	6596	6346	6784	6852	6572	0	6369	6735	6497	6613	6389	6795
KF532135	6487	6515	6369	6305	6341	6220	6288	6467	6533	6197	6487	6142	6429	6056	6090	6439	6200	6383	6318	6502	6379	6482	6138	6361	6216	6462	6264	6360	6341	6393	6089	6352	6403	6618	5798	6304	6476	6288	6378	6288	6400	6347	6775	6518	6299	6161	6288	6192	6272	6148	6173	6263	6451	6350	5937	6114	6466	6501	6394	6229	6283	6384	6297	6369	0	6577	6358	6330	6426	6521
EF660751	6831	7000	6718	6701	6558	6540	6660	6615	7001	6485	6913	6232	6924	6033	6051	6811	6419	6703	6395	6922	6767	6712	6282	6708	6508	6696	6588	6556	6651	6417	6222	6761	6831	6648	6070	6529	6969	6693	6501	6690	6768	6659	6745	6963	6497	6199	6596	6461	6574	6306	6185	6428	6535	6694	6101	6208	6968	6667	6821	6353	6660	6663	6539	6735	6577	0	6629	6517	6529	6899
DQ112353	6513	6517	6449	6369	6518	6215	6346	6406	6523	6231	6631	6145	6580	6086	6077	6488	6284	6346	6369	6649	6434	6392	6091	6562	6221	6351	6281	6442	6285	6324	6196	6414	6568	6244	6109	6207	6614	6390	6407	6614	6551	6317	6323	6658	6415	6144	6267	6227	6367	6081	6193	6066	6325	6314	6091	6203	6630	6414	6578	6126	6279	6448	6412	6497	6358	6629	0	6195	6323	6546
EF446146	6277	6575	6413	6634	6244	6854	6550	6297	6641	6354	6496	6346	6533	6448	6152	6622	6240	6679	6363	6510	6540	6644	6405	6360	6536	6477	6541	6400	6624	6222	6300	6621	6420	6556	5692	7029	6445	6536	6350	6350	6669	6534	6527	6693	6447	6537	6974	6815	6434	6552	6304	6603	6319	6646	5965	6337	6612	6358	6310	6644	6506	6640	6297	6613	6330	6517	6195	0	6251	6600
KJ631640	6417	6521	6347	6197	6209	6187	6257	6258	6475	6168	6492	6020	6455	5961	5931	6342	6083	6216	6140	6495	6246	6322	5938	6294	6130	6363	6241	6209	6206	6286	5998	6246	6395	6440	5776	6304	6460	6267	6182	6428	6442	6244	6439	6530	6137	6097	6214	6193	6250	6082	6063	6147	6299	6257	5760	6028	6442	6312	6439	6238	6236	6255	6149	6389	6426	6529	6323	6251	0	6473
AM279214	6655	6901	6785	6828	6534	6668	6736	6505	6937	6577	6859	6384	6995	6117	6159	6841	6525	6810	6405	6775	6715	6782	6284	6696	6674	6671	6715	6595	6840	6528	6246	6749	6789	6779	6051	6641	6793	6734	6547	6615	6849	6647	6827	6895	6586	6291	6646	6421	6614	6546	6245	6593	6516	6814	6149	6214	7060	6630	6643	6418	6720	6720	6508	6795	6521	6899	6546	6600	6473	0
