KF705042	0	6350	5870	5934	5923	5777	5660	6677	6151	5394	6234	6275	5923	6124	5976	6100
GU938836	6350	0	5904	5844	5943	5695	5638	6208	6098	5319	6114	6756	5797	6079	5947	5941
AF542230	5870	5904	0	5971	6106	6273	5539	5970	6289	5644	6312	5849	6303	5985	5998	6231
EU526291	5934	5844	5971	0	5968	5903	5583	6051	5963	5261	5964	5741	5955	5956	5975	5839
EU526290	5923	5943	6106	5968	0	5911	5652	5982	6089	5444	6103	5866	6083	6036	6016	6118
DQ911242	5777	5695	6273	5903	5911	0	5457	5776	6345	5726	6369	5711	6442	5815	5819	6250
KR911910	5660	5638	5539	5583	5652	5457	0	5686	5684	5486	5707	5611	5519	5648	5618	5616
GU440754	6677	6208	5970	6051	5982	5776	5686	0	6020	5440	6129	6259	5932	6172	6088	6057
GU938835	6151	6098	6289	5963	6089	6345	5684	6020	0	6119	7272	6057	6764	5989	5942	6880
JN657222	5394	5319	5644	5261	5444	5726	5486	5440	6119	0	6153	5373	5975	5302	5308	6222
CAEL01000039	6234	6114	6312	5964	6103	6369	5707	6129	7272	6153	0	6170	6785	6012	5965	6952
Y07840	6275	6756	5849	5741	5866	5711	5611	6259	6057	5373	6170	0	5825	6017	5907	6063
DQ911241	5923	5797	6303	5955	6083	6442	5519	5932	6764	5975	6785	5825	0	5930	5935	6687
AY153431	6124	6079	5985	5956	6036	5815	5648	6172	5989	5302	6012	6017	5930	0	6777	5894
AF542228	5976	5947	5998	5975	6016	5819	5618	6088	5942	5308	5965	5907	5935	6777	0	5855
Y07839	6100	5941	6231	5839	6118	6250	5616	6057	6880	6222	6952	6063	6687	5894	5855	0
