Y15479	0	7008	6803	7119	7021	6985
AY800102	7008	0	7067	7295	7159	7097
AY125964	6803	7067	0	7015	6951	6933
FR733705	7119	7295	7015	0	7226	7199
AJ311703	7021	7159	6951	7226	0	7241
AJ311702	6985	7097	6933	7199	7241	0
