AJ227767	0	6697	6810	6804	6671	6746	6704	6525	6459	6953	6688
KT191026	6697	0	6831	6618	6597	6755	6964	6537	6449	6628	6786
Y18216	6810	6831	0	6665	6662	6812	6843	6438	6452	6755	6853
KT309087	6804	6618	6665	0	6564	6540	6593	6489	6408	6719	6615
AY534887	6671	6597	6662	6564	0	6693	6639	6790	6295	6619	6571
AJ717391	6746	6755	6812	6540	6693	0	6735	6484	6451	6708	6605
HM047736	6704	6964	6843	6593	6639	6735	0	6658	6446	6644	6869
EU022524	6525	6537	6438	6489	6790	6484	6658	0	6204	6445	6555
AB166881	6459	6449	6452	6408	6295	6451	6446	6204	0	6575	6320
AJ244650	6953	6628	6755	6719	6619	6708	6644	6445	6575	0	6557
KJ008916	6688	6786	6853	6615	6571	6605	6869	6555	6320	6557	0
