KC951111	0	6595	6863	6906	6746	6952	6774	6938	6786	6845	6360	6882	7148	6933	6820	6774	6492	6910	6659	6747	6420	6764	6660	6692	6661	6753	7046	7027	6559	6703
JF751050	6595	0	6629	6643	6540	6703	6620	6499	6528	6774	6405	6593	6583	6617	6630	6597	6475	6641	6544	6566	6119	6539	6561	6465	6476	6619	6526	6596	6474	6511
AY554009	6863	6629	0	7202	6791	7288	6980	6893	6919	7098	6362	6873	6954	6901	7044	6943	6599	7194	6787	6697	6172	6982	6950	6730	6947	6861	6900	6837	6587	6962
AY781193	6906	6643	7202	0	6807	7237	7046	6922	6981	7158	6363	6930	6984	6985	7111	7000	6637	7181	6776	6743	6183	7020	6993	6794	7000	6805	6925	6865	6597	6994
GQ260188	6746	6540	6791	6807	0	6822	7023	6785	7160	6988	6395	6795	6827	6803	7080	7062	6598	6816	7024	6814	6072	7107	6948	6872	6978	6593	6787	6718	6716	6933
AY538749	6952	6703	7288	7237	6822	0	7005	6949	6942	7200	6358	6948	7033	7085	7193	6955	6598	7340	6770	6869	6275	7153	7029	6768	7113	6983	6997	6943	6628	7193
DQ534014	6774	6620	6980	7046	7023	7005	0	6848	7278	7079	6387	6698	6848	6807	7157	7053	6674	6890	6919	6826	6106	7127	7110	6826	7037	6620	6791	6741	6671	7045
D25307	6938	6499	6893	6922	6785	6949	6848	0	6842	6859	6253	6804	7025	6902	6896	6822	6470	6910	6650	6808	6261	6813	6780	6697	6709	6677	7095	6952	6569	6774
AJ842344	6786	6528	6919	6981	7160	6942	7278	6842	0	7027	6412	6726	6865	6832	7160	7184	6700	6871	6918	6825	6109	7218	7167	6910	7120	6590	6821	6760	6683	7049
KU315478	6845	6774	7098	7158	6988	7200	7079	6859	7027	0	6404	6885	6932	7027	7109	7098	6678	7170	6983	6905	6173	7126	7098	6915	7107	6764	6885	6826	6666	7066
JQ948040	6360	6405	6362	6363	6395	6358	6387	6253	6412	6404	0	6368	6333	6388	6381	6388	6662	6324	6451	6361	6011	6408	6567	6271	6424	6324	6256	6327	6264	6283
GQ386822	6882	6593	6873	6930	6795	6948	6698	6804	6726	6885	6368	0	6902	7007	6932	6767	6523	6870	6763	6648	6186	6840	6698	6669	6739	6700	6838	6793	6511	6679
AY341439	7148	6583	6954	6984	6827	7033	6848	7025	6865	6932	6333	6902	0	6978	6905	6861	6505	6978	6735	6783	6430	6854	6749	6733	6747	6782	7162	7109	6604	6792
GQ454928	6933	6617	6901	6985	6803	7085	6807	6902	6832	7027	6388	7007	6978	0	6912	6832	6489	6986	6746	6853	6271	6849	6758	6647	6794	6678	6941	6951	6576	6816
GU065210	6820	6630	7044	7111	7080	7193	7157	6896	7160	7109	6381	6932	6905	6912	0	7114	6674	7063	6971	6949	6136	7370	7174	6983	7236	6704	6866	6810	6719	7176
KC751088	6774	6597	6943	7000	7062	6955	7053	6822	7184	7098	6388	6767	6861	6832	7114	0	6690	6934	6954	6851	6115	7224	7098	6938	7117	6600	6817	6750	6725	7062
KC990827	6492	6475	6599	6637	6598	6598	6674	6470	6700	6678	6662	6523	6505	6489	6674	6690	0	6570	6643	6420	5993	6704	6855	6563	6721	6568	6432	6370	6303	6554
D21226	6910	6641	7194	7181	6816	7340	6890	6910	6871	7170	6324	6870	6978	6986	7063	6934	6570	0	6779	6816	6184	6977	6881	6731	6940	6909	6921	6856	6581	6978
AY960847	6659	6544	6787	6776	7024	6770	6919	6650	6918	6983	6451	6763	6735	6746	6971	6954	6643	6779	0	6688	5982	7020	6996	6729	7044	6521	6676	6627	6677	6895
X74686	6747	6566	6697	6743	6814	6869	6826	6808	6825	6905	6361	6648	6783	6853	6949	6851	6420	6816	6688	0	6225	6912	6792	6703	6792	6529	6747	6822	6852	7005
AB428873	6420	6119	6172	6183	6072	6275	6106	6261	6109	6173	6011	6186	6430	6271	6136	6115	5993	6184	5982	6225	0	6098	5986	6024	5982	6275	6344	6433	6055	6067
KR704916	6764	6539	6982	7020	7107	7153	7127	6813	7218	7126	6408	6840	6854	6849	7370	7224	6704	6977	7020	6912	6098	0	7305	6953	7455	6600	6800	6745	6693	7215
FN796493	6660	6561	6950	6993	6948	7029	7110	6780	7167	7098	6567	6698	6749	6758	7174	7098	6855	6881	6996	6792	5986	7305	0	6823	7309	6552	6692	6641	6632	7095
KT971138	6692	6465	6730	6794	6872	6768	6826	6697	6910	6915	6271	6669	6733	6647	6983	6938	6563	6731	6729	6703	6024	6953	6823	0	6857	6553	6665	6590	6592	6834
AY551089	6661	6476	6947	7000	6978	7113	7037	6709	7120	7107	6424	6739	6747	6794	7236	7117	6721	6940	7044	6792	5982	7455	7309	6857	0	6548	6711	6643	6628	7171
AB016982	6753	6619	6861	6805	6593	6983	6620	6677	6590	6764	6324	6700	6782	6678	6704	6600	6568	6909	6521	6529	6275	6600	6552	6553	6548	0	6721	6655	6393	6594
D25310	7046	6526	6900	6925	6787	6997	6791	7095	6821	6885	6256	6838	7162	6941	6866	6817	6432	6921	6676	6747	6344	6800	6692	6665	6711	6721	0	7071	6543	6756
AY643710	7027	6596	6837	6865	6718	6943	6741	6952	6760	6826	6327	6793	7109	6951	6810	6750	6370	6856	6627	6822	6433	6745	6641	6590	6643	6655	7071	0	6613	6696
X78105	6559	6474	6587	6597	6716	6628	6671	6569	6683	6666	6264	6511	6604	6576	6719	6725	6303	6581	6677	6852	6055	6693	6632	6592	6628	6393	6543	6613	0	7143
AB032015	6703	6511	6962	6994	6933	7193	7045	6774	7049	7066	6283	6679	6792	6816	7176	7062	6554	6978	6895	7005	6067	7215	7095	6834	7171	6594	6756	6696	7143	0
