AB062382	0	7080	6940	6994	7169	7137	7054
KU159576	7080	0	6863	6979	7046	7028	7090
KX029461	6940	6863	0	6807	6897	6910	6839
AB028655	6994	6979	6807	0	6977	6947	6951
AB028653	7169	7046	6897	6977	0	7112	7013
D85495	7137	7028	6910	6947	7112	0	7016
AB062381	7054	7090	6839	6951	7013	7016	0
