DQ094183	0	6644	6774	6452	6427	6427	6482	6659
HM583567	6644	0	7081	6913	6804	6762	6853	7310
AY166684	6774	7081	0	6787	6790	6744	6851	7083
EU030285	6452	6913	6787	0	6736	6829	6747	6904
KP013181	6427	6804	6790	6736	0	6748	6836	6799
AM039830	6427	6762	6744	6829	6748	0	6730	6771
U14585	6482	6853	6851	6747	6836	6730	0	6866
HM583568	6659	7310	7083	6904	6799	6771	6866	0
