AB695286	0	6293	6595	6558	6572	6457	6111	6637	6417	6553	6436	6479	6356	6421	6399	6536	6455	6396
KC793205	6293	0	6375	6606	6844	6625	6086	6670	6491	6773	6565	6590	6602	6288	6511	6509	6990	6543
HQ891656	6595	6375	0	6659	6748	6623	6138	6599	6458	6726	6581	6643	6454	6476	6495	6725	6449	6511
KX450477	6558	6606	6659	0	6950	7010	6366	6775	6627	6917	6792	6922	6761	6554	6775	6880	6629	6795
KR080701	6572	6844	6748	6950	0	6915	6291	6824	6634	7046	6748	6844	6859	6475	6728	6870	6698	6744
KX982846	6457	6625	6623	7010	6915	0	6289	6726	6558	6921	6802	6934	6776	6533	6751	6858	6630	6791
U73726	6111	6086	6138	6366	6291	6289	0	6264	6148	6355	6380	6396	6411	6274	6544	6350	6165	6355
KM017972	6637	6670	6599	6775	6824	6726	6264	0	6651	6873	6649	6717	6629	6444	6674	6758	6752	6709
FJ425213	6417	6491	6458	6627	6634	6558	6148	6651	0	6667	6499	6525	6424	6323	6502	6603	6522	6522
DQ004686	6553	6773	6726	6917	7046	6921	6355	6873	6667	0	6794	6837	6733	6536	6810	6914	6742	6810
AY189722	6436	6565	6581	6792	6748	6802	6380	6649	6499	6794	0	7001	6791	6768	6808	6800	6602	6996
KC878325	6479	6590	6643	6922	6844	6934	6396	6717	6525	6837	7001	0	6817	6748	6799	6897	6656	6982
M61002	6356	6602	6454	6761	6859	6776	6411	6629	6424	6733	6791	6817	0	6562	6751	6768	6546	6807
HQ853596	6421	6288	6476	6554	6475	6533	6274	6444	6323	6536	6768	6748	6562	0	6509	6549	6353	6828
U14586	6399	6511	6495	6775	6728	6751	6544	6674	6502	6810	6808	6799	6751	6509	0	6731	6548	6776
KT355267	6536	6509	6725	6880	6870	6858	6350	6758	6603	6914	6800	6897	6768	6549	6731	0	6620	6820
KJ728849	6455	6990	6449	6629	6698	6630	6165	6752	6522	6742	6602	6656	6546	6353	6548	6620	0	6602
KM458974	6396	6543	6511	6795	6744	6791	6355	6709	6522	6810	6996	6982	6807	6828	6776	6820	6602	0
