FM208180	0	7281	7202	6929	7175	7126	7149	7176	7045	7139
FM208181	7281	0	7264	6996	7255	7201	7216	7238	7031	7201
AJ550666	7202	7264	0	7162	7503	7215	7407	7503	6963	7405
AJ879778	6929	6996	7162	0	7135	6872	7180	7171	6726	7135
AJ550654	7175	7255	7503	7135	0	7206	7380	7476	6971	7378
AJ550672	7126	7201	7215	6872	7206	0	7092	7188	7028	7110
AJ879783	7149	7216	7407	7180	7380	7092	0	7416	6946	7344
AJ550657	7176	7238	7503	7171	7476	7188	7416	0	6981	7405
FM208182	7045	7031	6963	6726	6971	7028	6946	6981	0	6918
AM397067	7139	7201	7405	7135	7378	7110	7344	7405	6918	0
