LN872943	0	6668	6860	6986	7083	6913	6952
AY603977	6668	0	6637	6632	6702	6464	6498
KF963825	6860	6637	0	6939	6835	6753	6805
EF533969	6986	6632	6939	0	6810	6893	6982
AY553296	7083	6702	6835	6810	0	6712	6737
EU583728	6913	6464	6753	6893	6712	0	6874
EU583724	6952	6498	6805	6982	6737	6874	0
