AB035459	0	5959	5994	6138	5850	6318	5811	6099	6950	6200	5983	5977	6785	5902	6188	5880	6097	6140
AY253728	5959	0	6490	5982	5809	5955	5969	5892	6043	5877	6617	5778	6069	5795	5867	6010	5856	6038
L26102	5994	6490	0	5835	5802	5931	5883	6007	5911	5739	6941	5917	6025	5701	5878	5974	5747	5863
GU233446	6138	5982	5835	0	5915	6036	5758	5989	6210	6181	5980	5930	6175	5863	6273	5810	6002	6180
AY968205	5850	5809	5802	5915	0	5913	5712	5841	5857	5816	5867	6683	5866	6213	6151	5722	5854	6196
LC014934	6318	5955	5931	6036	5913	0	5821	6189	6350	6260	5976	5992	6476	6018	6286	5982	6959	6193
AY570514	5811	5969	5883	5758	5712	5821	0	5675	5814	5751	5960	5769	5883	5740	5836	7167	5734	5921
L16494	6099	5892	6007	5989	5841	6189	5675	0	6048	6002	5923	5986	6148	5697	6132	5786	6032	5998
AF208290	6950	6043	5911	6210	5857	6350	5814	6048	0	6273	6066	5885	6894	5967	6241	5914	6260	6332
HM583587	6200	5877	5739	6181	5816	6260	5751	6002	6273	0	5859	5842	6246	5727	6078	5749	6273	6077
GU233445	5983	6617	6941	5980	5867	5976	5960	5923	6066	5859	0	5886	6065	5770	5927	5981	5853	6013
L16493	5977	5778	5917	5930	6683	5992	5769	5986	5885	5842	5886	0	5980	6177	6239	5848	5833	6258
EU012300	6785	6069	6025	6175	5866	6476	5883	6148	6894	6246	6065	5980	0	6035	6397	6024	6245	6289
EU414673	5902	5795	5701	5863	6213	6018	5740	5697	5967	5727	5770	6177	6035	0	6063	5888	5850	6200
AB525416	6188	5867	5878	6273	6151	6286	5836	6132	6241	6078	5927	6239	6397	6063	0	6012	6113	6504
CP002689	5880	6010	5974	5810	5722	5982	7167	5786	5914	5749	5981	5848	6024	5888	6012	0	5858	6074
X82823	6097	5856	5747	6002	5854	6959	5734	6032	6260	6273	5853	5833	6245	5850	6113	5858	0	6143
X76259	6140	6038	5863	6180	6196	6193	5921	5998	6332	6077	6013	6258	6289	6200	6504	6074	6143	0
