AB702992	0	6715	7077	6649	7064	7112	6810	7034
KP122961	6715	0	6686	6265	6807	6839	6445	6827
AY559428	7077	6686	0	6639	7073	7070	6791	7053
DQ011529	6649	6265	6639	0	6540	6597	6546	6532
AB033327	7064	6807	7073	6540	0	7216	6725	7159
AB033328	7112	6839	7070	6597	7216	0	6799	7158
AF465834	6810	6445	6791	6546	6725	6799	0	6696
AB021493	7034	6827	7053	6532	7159	7158	6696	0
