AB547686	0	6011	5997	6072	6117	6119	6420	5814	6478	6996	6390	6050	6211	6388	5994	6636	6417	6305	6423	6185	6351	6214	6210	6144	6585	5962	5994	6462	6513	6056	6337	6183	6320	6180	6368	6481	6029	6596	6207	6224	6258	7018	6148	6279	6304	6254	6521
AF481227	6011	0	5873	5999	6481	6038	5993	5994	6235	5945	6059	5862	6069	6076	6615	5972	6006	6115	5952	6403	5908	6575	6007	6196	5898	5921	6412	6187	5978	6187	6118	6127	6044	5916	6163	6250	6163	5933	6088	6081	6359	5935	6178	5965	5927	6004	5930
L16477	5997	5873	0	6286	5976	5961	6014	5646	6060	5971	6049	5849	5987	6079	6003	5888	6184	6189	6110	5855	6295	6194	6027	5788	5876	5870	6122	6061	6130	5942	6288	6093	6157	5971	5843	6091	5863	5723	6097	6006	6137	5874	6160	6019	6058	6251	6152
AY840553	6072	5999	6286	0	6085	6205	6115	5678	6091	6020	6109	5871	5961	6069	6088	5850	6090	6110	6266	6046	6403	6123	5871	5973	6068	5774	6232	6137	6097	6040	6445	5990	6232	5942	5960	6170	5937	5834	6382	5970	6100	5898	6274	5895	5937	6346	5983
AY323522	6117	6481	5976	6085	0	6072	6146	5911	6270	6115	6172	5898	6141	6194	6295	5948	6059	6151	6077	6336	6134	6371	6076	6202	5975	5937	6253	6274	6160	6146	6282	6198	6093	5961	6289	6223	6186	5970	6236	6164	6234	6070	6256	6047	6131	6338	6026
AY350613	6119	6038	5961	6205	6072	0	6244	5762	6181	6057	6253	5872	5952	6015	6090	6073	6200	6401	6319	6096	6181	6135	6089	6145	6093	5819	6145	6256	6220	5979	6329	6185	6155	5957	6038	6224	5963	6013	6183	5983	6073	6128	6293	6030	5996	6222	6167
FJ545434	6420	5993	6014	6115	6146	6244	0	5903	6554	6382	6881	6165	6097	6460	6082	6478	6808	6268	6916	6262	6549	6131	6162	6181	6284	6064	6040	6982	7044	6106	6459	6201	6416	6293	6385	6564	6113	6360	6384	6263	6164	6498	6179	6403	6309	6577	6395
AY957555	5814	5994	5646	5678	5911	5762	5903	0	5969	5842	5858	5841	5809	5872	6058	5982	5847	5791	5791	6051	5634	5919	5683	5957	5757	5795	5823	5897	5893	5849	5636	5954	5827	5809	5949	5997	5908	5907	5791	5851	5937	5912	5662	5943	5844	5657	5813
L16472	6478	6235	6060	6091	6270	6181	6554	5969	0	6482	6572	6287	6347	6748	6061	6520	6660	6410	6473	6413	6382	6294	6469	6244	6150	6129	6011	6715	6625	6185	6581	6290	6541	6407	6443	6874	6058	6359	6433	6422	6383	6478	6315	6463	6423	6365	6445
AB429504	6996	5945	5971	6020	6115	6057	6382	5842	6482	0	6322	5975	6173	6377	5951	6570	6332	6291	6322	6150	6333	6270	6187	6100	6542	5903	5998	6443	6446	6049	6391	6157	6278	6185	6334	6448	6035	6497	6158	6147	6213	6903	6123	6274	6259	6242	6497
EU126661	6390	6059	6049	6109	6172	6253	6881	5858	6572	6322	0	6264	6121	6557	6003	6368	6994	6344	6827	6286	6420	6148	6258	6211	6205	6033	6051	7034	7003	6092	6408	6173	6379	6293	6379	6621	6128	6394	6439	6248	6175	6432	6190	6408	6299	6404	6422
AB078827	6050	5862	5849	5871	5898	5872	6165	5841	6287	5975	6264	0	5972	6264	5813	6106	6213	5948	6139	5938	5900	5958	5974	6013	5943	5875	5871	6184	6227	5927	6014	5968	6163	6110	6132	6279	5941	6075	6111	5967	5921	6064	5980	6186	6163	5891	6135
AB588018	6211	6069	5987	5961	6141	5952	6097	5809	6347	6173	6121	5972	0	6381	6041	6080	6159	6230	6083	6063	6188	6414	6128	6031	6036	5970	6064	6226	6192	6048	6177	6144	6195	6088	6146	6414	5974	5969	6161	6229	6299	6117	6043	6122	6245	6101	6118
AB064923	6388	6076	6079	6069	6194	6015	6460	5872	6748	6377	6557	6264	6381	0	5967	6368	6628	6374	6406	6218	6387	6329	6372	6172	6137	6167	6062	6640	6596	6179	6423	6235	6429	6358	6383	6674	6122	6244	6351	6517	6359	6405	6174	6401	6437	6302	6364
FJ825149	5994	6615	6003	6088	6295	6090	6082	6058	6061	5951	6003	5813	6041	5967	0	6029	5956	6034	6006	6223	5975	6490	5903	6185	5911	5897	6450	6031	6021	6090	6053	6172	6115	5871	6045	6189	6150	5901	6148	6011	6351	5969	5975	6077	5940	6000	5908
L16483	6636	5972	5888	5850	5948	6073	6478	5982	6520	6570	6368	6106	6080	6368	6029	0	6464	6195	6351	6151	6114	6124	6120	6161	6269	6024	5868	6384	6516	5975	6181	6264	6304	6246	6348	6478	6023	6537	6143	6106	6058	6784	5950	6517	6350	6063	6459
L16473	6417	6006	6184	6090	6059	6200	6808	5847	6660	6332	6994	6213	6159	6628	5956	6464	0	6420	6763	6240	6449	6162	6309	6133	6167	6119	6009	6979	7047	6096	6489	6284	6475	6352	6289	6648	6024	6383	6387	6300	6201	6447	6150	6542	6366	6384	6511
KT886066	6305	6115	6189	6110	6151	6401	6268	5791	6410	6291	6344	5948	6230	6374	6034	6195	6420	0	6286	6254	6336	6341	6331	6138	6084	5987	6180	6405	6345	6136	6420	6269	6274	6215	6186	6521	5969	6030	6261	6232	6271	6213	6365	6191	6185	6284	6395
FJ545433	6423	5952	6110	6266	6077	6319	6916	5791	6473	6322	6827	6139	6083	6406	6006	6351	6763	6286	0	6175	6602	6094	6166	6196	6238	5998	6082	6824	6815	6124	6576	6209	6416	6294	6275	6485	6045	6287	6423	6224	6151	6360	6232	6306	6248	6559	6376
AF481228	6185	6403	5855	6046	6336	6096	6262	6051	6413	6150	6286	5938	6063	6218	6223	6151	6240	6254	6175	0	6066	6330	6158	6180	6061	6057	6171	6410	6233	6105	6167	6096	6131	6073	6297	6328	6078	6046	6194	6242	6212	6158	6206	6157	6136	6179	6033
AB182483	6351	5908	6295	6403	6134	6181	6549	5634	6382	6333	6420	5900	6188	6387	5975	6114	6449	6336	6602	6066	0	6202	6205	5968	6211	5889	6066	6514	6546	6027	6744	6184	6382	6200	6105	6432	5921	6000	6317	6176	6276	6214	6308	6121	6113	7014	6236
AB108825	6214	6575	6194	6123	6371	6135	6131	5919	6294	6270	6148	5958	6414	6329	6490	6124	6162	6341	6094	6330	6202	0	6262	6129	6065	6034	6852	6263	6192	6208	6331	6261	6243	6135	6236	6460	6149	5968	6156	6273	6521	6167	6269	6173	6134	6174	6203
AB200414	6210	6007	6027	5871	6076	6089	6162	5683	6469	6187	6258	5974	6128	6372	5903	6120	6309	6331	6166	6158	6205	6262	0	6056	5978	6034	5984	6297	6250	6085	6207	6097	6285	6158	6187	6454	5956	5953	6123	6286	6135	6148	6248	6139	6260	6087	6128
DQ518919	6144	6196	5788	5973	6202	6145	6181	5957	6244	6100	6211	6013	6031	6172	6185	6161	6133	6138	6196	6180	5968	6129	6056	0	6010	6035	6089	6151	6131	6124	6033	6670	6217	5979	6220	6349	6100	6036	6158	6116	6160	6086	6020	6153	6133	5969	6110
X73963	6585	5898	5876	6068	5975	6093	6284	5757	6150	6542	6205	5943	6036	6137	5911	6269	6167	6084	6238	6061	6211	6065	5978	6010	0	5813	6039	6276	6276	6013	6232	6037	6169	6005	6163	6204	5934	6448	6140	6000	6047	6564	6123	6049	6053	6269	6306
L16482	5962	5921	5870	5774	5937	5819	6064	5795	6129	5903	6033	5875	5970	6167	5897	6024	6119	5987	5998	6057	5889	6034	6034	6035	5813	0	5857	5986	6170	5973	5900	6108	6088	6008	6042	6217	5908	5768	5944	6478	6053	5950	5820	6199	6271	5851	5969
AY836508	5994	6412	6122	6232	6253	6145	6040	5823	6011	5998	6051	5871	6064	6062	6450	5868	6009	6180	6082	6171	6066	6852	5984	6089	6039	5857	0	6084	6002	6096	6219	6112	6080	5994	5951	6096	6009	5834	6142	6024	6306	5926	6196	5912	5978	6094	6033
JQ778983	6462	6187	6061	6137	6274	6256	6982	5897	6715	6443	7034	6184	6226	6640	6031	6384	6979	6405	6824	6410	6514	6263	6297	6151	6276	5986	6084	0	7046	6136	6586	6143	6386	6303	6463	6669	6070	6433	6414	6387	6298	6504	6353	6388	6281	6643	6443
CP002122	6513	5978	6130	6097	6160	6220	7044	5893	6625	6446	7003	6227	6192	6596	6021	6516	7047	6345	6815	6233	6546	6192	6250	6131	6276	6170	6002	7046	0	6102	6498	6290	6492	6363	6365	6639	6166	6399	6390	6382	6255	6574	6145	6532	6390	6462	6537
AB278593	6056	6187	5942	6040	6146	5979	6106	5849	6185	6049	6092	5927	6048	6179	6090	5975	6096	6136	6124	6105	6027	6208	6085	6124	6013	5973	6096	6136	6102	0	6136	6100	6178	5992	6098	6215	6519	5875	6168	6139	6159	6007	6119	6115	6149	6022	6096
AB477014	6337	6118	6288	6445	6282	6329	6459	5636	6581	6391	6408	6014	6177	6423	6053	6181	6489	6420	6576	6167	6744	6331	6207	6033	6232	5900	6219	6586	6498	6136	0	6277	6447	6176	6143	6482	6020	6007	6331	6217	6273	6174	6430	6169	6150	6733	6283
L16476	6183	6127	6093	5990	6198	6185	6201	5954	6290	6157	6173	5968	6144	6235	6172	6264	6284	6269	6209	6096	6184	6261	6097	6670	6037	6108	6112	6143	6290	6100	6277	0	6377	6056	6110	6387	6060	6030	6190	6148	6179	6151	6049	6306	6211	6060	6327
L16474	6320	6044	6157	6232	6093	6155	6416	5827	6541	6278	6379	6163	6195	6429	6115	6304	6475	6274	6416	6131	6382	6243	6285	6217	6169	6088	6080	6386	6492	6178	6447	6377	0	6318	6223	6747	6107	6133	6639	6250	6266	6255	6174	6379	6226	6305	6359
AJ011683	6180	5916	5971	5942	5961	5957	6293	5809	6407	6185	6293	6110	6088	6358	5871	6246	6352	6215	6294	6073	6200	6135	6158	5979	6005	6008	5994	6303	6363	5992	6176	6056	6318	0	6079	6403	5965	6077	6203	6149	6117	6160	6032	6211	6257	6115	6274
AM422125	6368	6163	5843	5960	6289	6038	6385	5949	6443	6334	6379	6132	6146	6383	6045	6348	6289	6186	6275	6297	6105	6236	6187	6220	6163	6042	5951	6463	6365	6098	6143	6110	6223	6079	0	6526	6143	6351	6209	6266	6211	6421	6146	6684	6183	6168	6207
AB108826	6481	6250	6091	6170	6223	6224	6564	5997	6874	6448	6621	6279	6414	6674	6189	6478	6648	6521	6485	6328	6432	6460	6454	6349	6204	6217	6096	6669	6639	6215	6482	6387	6747	6403	6526	0	6134	6252	6633	6493	6458	6441	6294	6552	6312	6368	6405
AJ005635	6029	6163	5863	5937	6186	5963	6113	5908	6058	6035	6128	5941	5974	6122	6150	6023	6024	5969	6045	6078	5921	6149	5956	6100	5934	5908	6009	6070	6166	6519	6020	6060	6107	5965	6143	6134	0	5972	6142	5986	6125	6020	5976	6058	6016	5937	6074
Y13105	6596	5933	5723	5834	5970	6013	6360	5907	6359	6497	6394	6075	5969	6244	5901	6537	6383	6030	6287	6046	6000	5968	5953	6036	6448	5768	5834	6433	6399	5875	6007	6030	6133	6077	6351	6252	5972	0	6068	6005	5941	6850	5957	6226	6142	6044	6373
EF534314	6207	6088	6097	6382	6236	6183	6384	5791	6433	6158	6439	6111	6161	6351	6148	6143	6387	6261	6423	6194	6317	6156	6123	6158	6140	5944	6142	6414	6390	6168	6331	6190	6639	6203	6209	6633	6142	6068	0	6129	6223	6113	6217	6200	6147	6352	6216
AJ011682	6224	6081	6006	5970	6164	5983	6263	5851	6422	6147	6248	5967	6229	6517	6011	6106	6300	6232	6224	6242	6176	6273	6286	6116	6000	6478	6024	6387	6382	6139	6217	6148	6250	6149	6266	6493	5986	6005	6129	0	6309	6230	6110	6190	6300	6138	6127
AB244774	6258	6359	6137	6100	6234	6073	6164	5937	6383	6213	6175	5921	6299	6359	6351	6058	6201	6271	6151	6212	6276	6521	6135	6160	6047	6053	6306	6298	6255	6159	6273	6179	6266	6117	6211	6458	6125	5941	6223	6309	0	6157	6192	6203	6213	6181	6073
AB480534	7018	5935	5874	5898	6070	6128	6498	5912	6478	6903	6432	6064	6117	6405	5969	6784	6447	6213	6360	6158	6214	6167	6148	6086	6564	5950	5926	6504	6574	6007	6174	6151	6255	6160	6421	6441	6020	6850	6113	6230	6157	0	6023	6352	6329	6147	6485
X81876	6148	6178	6160	6274	6256	6293	6179	5662	6315	6123	6190	5980	6043	6174	5975	5950	6150	6365	6232	6206	6308	6269	6248	6020	6123	5820	6196	6353	6145	6119	6430	6049	6174	6032	6146	6294	5976	5957	6217	6110	6192	6023	0	6102	6041	6352	6101
L16475	6279	5965	6019	5895	6047	6030	6403	5943	6463	6274	6408	6186	6122	6401	6077	6517	6542	6191	6306	6157	6121	6173	6139	6153	6049	6199	5912	6388	6532	6115	6169	6306	6379	6211	6684	6552	6058	6226	6200	6190	6203	6352	6102	0	6314	6065	6321
AJ006457	6304	5927	6058	5937	6131	5996	6309	5844	6423	6259	6299	6163	6245	6437	5940	6350	6366	6185	6248	6136	6113	6134	6260	6133	6053	6271	5978	6281	6390	6149	6150	6211	6226	6257	6183	6312	6016	6142	6147	6300	6213	6329	6041	6314	0	6052	6230
AY323524	6254	6004	6251	6346	6338	6222	6577	5657	6365	6242	6404	5891	6101	6302	6000	6063	6384	6284	6559	6179	7014	6174	6087	5969	6269	5851	6094	6643	6462	6022	6733	6060	6305	6115	6168	6368	5937	6044	6352	6138	6181	6147	6352	6065	6052	0	6189
L16465	6521	5930	6152	5983	6026	6167	6395	5813	6445	6497	6422	6135	6118	6364	5908	6459	6511	6395	6376	6033	6236	6203	6128	6110	6306	5969	6033	6443	6537	6096	6283	6327	6359	6274	6207	6405	6074	6373	6216	6127	6073	6485	6101	6321	6230	6189	0
