FN293378	0	6535	6435	6374	6287	6462	6440	6032	6527	6440	6492	6412
KP784765	6535	0	7133	6975	6571	6772	7045	6613	7285	7024	7258	7025
AB560974	6435	7133	0	7096	6556	6793	7073	6663	7052	7034	7190	7032
X83808	6374	6975	7096	0	6498	6695	6905	6640	6968	6984	7083	6969
AJ487302	6287	6571	6556	6498	0	6557	6576	6355	6548	6604	6620	6544
AJ487303	6462	6772	6793	6695	6557	0	6790	6365	6731	6778	6808	6747
AM709608	6440	7045	7073	6905	6576	6790	0	6505	6966	6893	7102	6991
GU434253	6032	6613	6663	6640	6355	6365	6505	0	6583	6663	6684	6566
KJ780745	6527	7285	7052	6968	6548	6731	6966	6583	0	6984	7359	6968
FJ214352	6440	7024	7034	6984	6604	6778	6893	6663	6984	0	7052	6967
JN038073	6492	7258	7190	7083	6620	6808	7102	6684	7359	7052	0	7076
AB023375	6412	7025	7032	6969	6544	6747	6991	6566	6968	6967	7076	0
