EU979537	0	6269	6914	5157	6720	6483	6362	6710
KM507346	6269	0	6315	5804	6357	6209	6938	6298
AF225962	6914	6315	0	5250	6867	6481	6572	6939
AB777861	5157	5804	5250	0	5196	5093	5950	5217
Y10819	6720	6357	6867	5196	0	7017	6739	6868
X53217	6483	6209	6481	5093	7017	0	6336	6493
CP003084	6362	6938	6572	5950	6739	6336	0	6556
D82046	6710	6298	6939	5217	6868	6493	6556	0
