AB305640	0	6609	6697	6235	7012	6734
U60014	6609	0	6961	6443	6715	6917
U60015	6697	6961	0	6582	6844	7105
JQ319004	6235	6443	6582	0	6346	6642
U60013	7012	6715	6844	6346	0	6782
U60012	6734	6917	7105	6642	6782	0
