CP001341	0	6857	7156	7184	7038	7387	7151	6948	6983
AF330692	6857	0	6857	6867	6865	6944	7032	6896	7027
AB248526	7156	6857	0	7222	6974	7145	7086	6962	6994
AM409361	7184	6867	7222	0	6944	7172	7082	6981	7011
AF235091	7038	6865	6974	6944	0	7050	7036	6899	6891
AM176541	7387	6944	7145	7172	7050	0	7239	7008	7088
X80741	7151	7032	7086	7082	7036	7239	0	6967	7176
GU815139	6948	6896	6962	6981	6899	7008	6967	0	6980
X83408	6983	7027	6994	7011	6891	7088	7176	6980	0
