KP410678	0	6425	6519	6587	6558	6427
KC196070	6425	0	6729	6683	6693	6544
FJ374173	6519	6729	0	6783	6840	6751
KT944035	6587	6683	6783	0	6760	6663
KJ729032	6558	6693	6840	6760	0	6609
DQ675021	6427	6544	6751	6663	6609	0
