FJ196030	0	6672	6589	6728	6712	6692	6804	6736	6527
D88522	6672	0	6475	6400	6591	6434	6453	6616	6285
GU086365	6589	6475	0	6494	6922	6577	6588	6503	6268
KT985057	6728	6400	6494	0	6529	6951	7045	6550	6734
KX771233	6712	6591	6922	6529	0	6559	6624	6480	6298
KT985055	6692	6434	6577	6951	6559	0	7036	6573	6683
KT163920	6804	6453	6588	7045	6624	7036	0	6605	6800
JN247434	6736	6616	6503	6550	6480	6573	6605	0	6426
KM978076	6527	6285	6268	6734	6298	6683	6800	6426	0
