X77440	0	6900	6979	6457	6613	6146
KP721484	6900	0	6628	6513	6640	6145
KJ769174	6979	6628	0	6458	6414	6167
FJ514934	6457	6513	6458	0	6273	6167
AB329630	6613	6640	6414	6273	0	6359
HQ266601	6146	6145	6167	6167	6359	0
