AF082564	0	6762	6855	6960	7055	6941	7383	7098	6993	7488	6710	6794	7123	7079	7445	6562	7154	7076	6946	6974	7382	7375	7426	7209	6705	7444	6835	6700	6527	7077	6757	6955	7125	7017	6724	6278	5997	7360	7049	6710	6761	6680	6685	7114	6880
JN188399	6762	0	6759	6794	6913	6704	6753	6815	6889	6777	6579	6686	6596	6914	6754	6445	6914	6943	6574	6437	6734	6711	6805	6695	6635	6805	6419	6246	6827	6626	6602	6420	6518	6510	6608	6247	6026	6840	6506	6596	6621	6589	6541	6497	6792
DQ011289	6855	6759	0	6788	6999	6814	6833	6932	6890	6869	6782	6828	6707	7024	6869	6555	7014	6991	6828	6673	6812	6847	6846	6923	6841	6877	6680	6455	6588	6900	6796	6618	6738	6675	6790	6340	6129	6863	6727	6843	6814	6754	6621	6629	7001
AF316891	6960	6794	6788	0	7020	6840	6946	6870	6973	6982	6695	6771	6706	6956	6968	6431	6996	6976	6639	6600	6914	6941	6977	6845	6673	6991	6486	6453	6520	6723	6601	6588	6697	6640	6694	6260	5968	6908	6673	6648	6618	6613	6695	6697	6756
AB720724	7055	6913	6999	7020	0	6819	7025	7211	7352	7082	6684	6792	6882	7312	7048	6515	7369	7338	6959	6714	7021	7043	7153	6964	6706	7108	6758	6480	6575	7009	6797	6700	6817	6735	6710	6313	6081	7127	6786	6677	6810	6680	6636	6774	7031
AF297958	6941	6704	6814	6840	6819	0	6874	6711	6734	6947	7022	7198	6601	6797	6917	6344	6925	6832	6500	6600	6924	6873	6981	6884	6763	6945	6464	6420	6513	6898	6568	6598	6628	6579	7021	6468	6087	6803	6599	6834	6572	6670	6757	6880	6765
AY040230	7383	6753	6833	6946	7025	6874	0	7092	6971	7404	6662	6747	7074	7073	7373	6513	7124	7059	6897	6895	7408	7380	7372	7142	6640	7366	6801	6711	6483	7009	6738	6921	7060	6930	6670	6240	6004	7314	6970	6654	6750	6607	6622	7041	6823
FJ754319	7098	6815	6932	6870	7211	6711	7092	0	7171	7124	6597	6686	6961	7414	7099	6561	7230	7198	6971	6773	7069	7080	7170	6994	6664	7136	6804	6516	6488	7002	6778	6781	6883	6807	6625	6239	5997	7173	6848	6614	6796	6598	6554	6780	6899
AB576636	6993	6889	6890	6973	7352	6734	6971	7171	0	7021	6617	6707	6820	7272	6986	6476	7263	7226	6908	6644	6966	6981	7082	6890	6707	7047	6714	6445	6525	6949	6733	6646	6755	6680	6627	6235	6008	7065	6720	6596	6715	6612	6595	6701	6946
AY040229	7488	6777	6869	6982	7082	6947	7404	7124	7021	0	6730	6815	7133	7105	7457	6569	7158	7095	6960	6987	7388	7380	7446	7230	6719	7470	6849	6714	6532	7083	6771	6969	7123	7015	6738	6292	6004	7370	7054	6724	6775	6695	6706	7120	6894
AF007286	6710	6579	6782	6695	6684	7022	6662	6597	6617	6730	0	7036	6603	6684	6730	6372	6678	6671	6502	6574	6662	6700	6718	6795	6775	6745	6406	6376	6446	6596	6571	6569	6630	6581	6994	6383	6014	6698	6594	6834	6575	6698	6623	6537	6751
AF144036	6794	6686	6828	6771	6792	7198	6747	6686	6707	6815	7036	0	6615	6778	6815	6358	6772	6765	6514	6610	6746	6778	6803	6882	6777	6837	6459	6404	6513	6722	6582	6608	6642	6593	7035	6452	6080	6783	6613	6848	6586	6684	6725	6663	6779
X67024	7123	6596	6707	6706	6882	6601	7074	6961	6820	7133	6603	6615	0	6918	7113	6499	6889	6873	6864	6902	7080	7081	7160	6989	6656	7118	6756	6651	6428	6712	6729	6909	7067	6937	6677	6231	5944	7163	6977	6670	6733	6578	6481	6746	6714
FJ404721	7079	6914	7024	6956	7312	6797	7073	7414	7272	7105	6684	6778	6918	0	7080	6527	7307	7293	6937	6739	7051	7061	7160	6981	6735	7124	6770	6482	6522	6983	6810	6747	6849	6773	6696	6272	6030	7167	6814	6685	6828	6675	6646	6761	6991
AF082562	7445	6754	6869	6968	7048	6917	7373	7099	6986	7457	6730	6815	7113	7080	0	6573	7106	7070	6965	6989	7357	7392	7386	7230	6719	7432	6854	6714	6537	7056	6775	6973	7135	7027	6738	6292	6007	7352	7064	6724	6779	6695	6706	7090	6894
X82138	6562	6445	6555	6431	6515	6344	6513	6561	6476	6569	6372	6358	6499	6527	6573	0	6502	6472	6612	6489	6502	6536	6531	6512	6483	6570	6506	6258	6369	6467	6638	6405	6539	6569	6445	6220	6023	6561	6565	6488	6656	6431	6250	6264	6507
KT377064	7154	6914	7014	6996	7369	6925	7124	7230	7263	7158	6678	6772	6889	7307	7106	6502	0	7545	6937	6706	7162	7101	7239	6975	6708	7160	6747	6496	6562	7170	6778	6699	6805	6729	6690	6309	6095	7113	6768	6679	6796	6674	6653	6912	7025
KT900238	7076	6943	6991	6976	7338	6832	7059	7198	7226	7095	6671	6765	6873	7293	7070	6472	7545	0	6914	6699	7049	7044	7159	6968	6701	7110	6737	6488	6585	7036	6763	6692	6798	6722	6683	6298	6090	7095	6761	6672	6774	6667	6646	6819	7040
U85855	6946	6574	6828	6639	6959	6500	6897	6971	6908	6960	6502	6514	6864	6937	6965	6612	6937	6914	0	6803	6893	6933	6941	6882	6669	6976	6955	6500	6465	6975	6817	6766	6887	6823	6575	6255	6064	6961	6878	6600	6799	6553	6415	6634	6889
X82143	6974	6437	6673	6600	6714	6600	6895	6773	6644	6987	6574	6610	6902	6739	6989	6489	6706	6699	6803	0	6903	6931	6927	6952	6637	6997	6811	6600	6451	6730	6668	6871	6958	6954	6639	6291	6024	6956	7012	6665	6672	6520	6461	6746	6677
X98336	7382	6734	6812	6914	7021	6924	7408	7069	6966	7388	6662	6746	7080	7051	7357	6502	7162	7049	6893	6903	0	7354	7407	7132	6630	7364	6793	6701	6474	7051	6728	6920	7050	6920	6660	6240	5989	7285	6960	6644	6746	6597	6621	7091	6800
AF529062	7375	6711	6847	6941	7043	6873	7380	7080	6981	7380	6700	6778	7081	7061	7392	6536	7101	7044	6933	6931	7354	0	7343	7173	6671	7362	6812	6719	6512	7032	6756	6948	7104	6974	6700	6261	6005	7353	7006	6685	6768	6638	6649	7026	6855
AY387858	7426	6805	6846	6977	7153	6981	7372	7170	7082	7446	6718	6803	7160	7160	7386	6531	7239	7159	6941	6927	7407	7343	0	7159	6696	7422	6778	6692	6502	7068	6774	6935	7072	6944	6726	6287	5999	7359	6999	6710	6778	6663	6669	7103	6878
AF214730	7209	6695	6923	6845	6964	6884	7142	6994	6890	7230	6795	6882	6989	6981	7230	6512	6975	6968	6882	6952	7132	7173	7159	0	6778	7221	6794	6705	6536	7033	6690	6946	7024	6970	6785	6333	6018	7198	6991	6783	6694	6726	6746	7026	6955
X82144	6705	6635	6841	6673	6706	6763	6640	6664	6707	6719	6775	6777	6656	6735	6719	6483	6708	6701	6669	6637	6630	6671	6696	6778	0	6727	6508	6377	6538	6655	6765	6566	6700	6688	6853	6384	6000	6687	6697	6943	6733	6829	6661	6484	6828
AJ417594	7444	6805	6877	6991	7108	6945	7366	7136	7047	7470	6745	6837	7118	7124	7432	6570	7160	7110	6976	6997	7364	7362	7422	7221	6727	0	6849	6687	6551	7077	6769	6968	7103	7013	6760	6314	6032	7360	7081	6732	6773	6685	6697	7089	6894
KU716039	6835	6419	6680	6486	6758	6464	6801	6804	6714	6849	6406	6459	6756	6770	6854	6506	6747	6737	6955	6811	6793	6812	6778	6794	6508	6849	0	6542	6414	6869	6729	6730	6810	6781	6461	6212	6081	6837	6822	6509	6712	6390	6359	6639	6719
AY563031	6700	6246	6455	6453	6480	6420	6711	6516	6445	6714	6376	6404	6651	6482	6714	6258	6496	6488	6500	6600	6701	6719	6692	6705	6377	6687	6542	0	6301	6546	6402	6620	6665	6607	6379	6221	5916	6699	6592	6366	6414	6327	6437	6696	6439
KR709258	6527	6827	6588	6520	6575	6513	6483	6488	6525	6532	6446	6513	6428	6522	6537	6369	6562	6585	6465	6451	6474	6512	6502	6536	6538	6551	6414	6301	0	6481	6477	6423	6477	6457	6459	6320	6099	6528	6461	6480	6488	6445	6466	6391	6584
AJ507251	7077	6626	6900	6723	7009	6898	7009	7002	6949	7083	6596	6722	6712	6983	7056	6467	7170	7036	6975	6730	7051	7032	7068	7033	6655	7077	6869	6546	6481	0	6682	6711	6746	6683	6550	6323	6057	6980	6722	6584	6664	6610	6677	6993	6944
X82137	6757	6602	6796	6601	6797	6568	6738	6778	6733	6771	6571	6582	6729	6810	6775	6638	6778	6763	6817	6668	6728	6756	6774	6690	6765	6769	6729	6402	6477	6682	0	6610	6761	6732	6664	6300	6102	6747	6742	6748	7139	6707	6476	6442	6835
X82140	6955	6420	6618	6588	6700	6598	6921	6781	6646	6969	6569	6608	6909	6747	6973	6405	6699	6692	6766	6871	6920	6948	6935	6946	6566	6968	6730	6620	6423	6711	6610	0	6945	6878	6582	6211	5933	6937	6875	6587	6614	6476	6440	6744	6650
X82146	7125	6518	6738	6697	6817	6628	7060	6883	6755	7123	6630	6642	7067	6849	7135	6539	6805	6798	6887	6958	7050	7104	7072	7024	6700	7103	6810	6665	6477	6746	6761	6945	0	7001	6702	6271	5990	7107	7033	6712	6765	6605	6507	6774	6750
X82136	7017	6510	6675	6640	6735	6579	6930	6807	6680	7015	6581	6593	6937	6773	7027	6569	6729	6722	6823	6954	6920	6974	6944	6970	6688	7013	6781	6607	6457	6683	6732	6878	7001	0	6680	6284	6022	6999	7037	6716	6736	6556	6464	6720	6741
AB090232	6724	6608	6790	6694	6710	7021	6670	6625	6627	6738	6994	7035	6677	6696	6738	6445	6690	6683	6575	6639	6660	6700	6726	6785	6853	6760	6461	6379	6459	6550	6664	6582	6702	6680	0	6459	6087	6706	6700	6935	6668	6673	6562	6491	6747
AF172987	6278	6247	6340	6260	6313	6468	6240	6239	6235	6292	6383	6452	6231	6272	6292	6220	6309	6298	6255	6291	6240	6261	6287	6333	6384	6314	6212	6221	6320	6323	6300	6211	6271	6284	6459	0	6185	6267	6300	6361	6309	6297	6307	6299	6349
Z25522	5997	6026	6129	5968	6081	6087	6004	5997	6008	6004	6014	6080	5944	6030	6007	6023	6095	6090	6064	6024	5989	6005	5999	6018	6000	6032	6081	5916	6099	6057	6102	5933	5990	6022	6087	6185	0	6011	6029	6022	6113	5901	5945	5937	6081
DQ787199	7360	6840	6863	6908	7127	6803	7314	7173	7065	7370	6698	6783	7163	7167	7352	6561	7113	7095	6961	6956	7285	7353	7359	7198	6687	7360	6837	6699	6528	6980	6747	6937	7107	6999	6706	6267	6011	0	7031	6692	6759	6663	6674	6976	6880
X82134	7049	6506	6727	6673	6786	6599	6970	6848	6720	7054	6594	6613	6977	6814	7064	6565	6768	6761	6878	7012	6960	7006	6999	6991	6697	7081	6822	6592	6461	6722	6742	6875	7033	7037	6700	6300	6029	7031	0	6725	6746	6562	6458	6741	6737
X82147	6710	6596	6843	6648	6677	6834	6654	6614	6596	6724	6834	6848	6670	6685	6724	6488	6679	6672	6600	6665	6644	6685	6710	6783	6943	6732	6509	6366	6480	6584	6748	6587	6712	6716	6935	6361	6022	6692	6725	0	6734	6715	6592	6489	6774
X82135	6761	6621	6814	6618	6810	6572	6750	6796	6715	6775	6575	6586	6733	6828	6779	6656	6796	6774	6799	6672	6746	6768	6778	6694	6733	6773	6712	6414	6488	6664	7139	6614	6765	6736	6668	6309	6113	6759	6746	6734	0	6711	6480	6446	6839
AF332880	6680	6589	6754	6613	6680	6670	6607	6598	6612	6695	6698	6684	6578	6675	6695	6431	6674	6667	6553	6520	6597	6638	6663	6726	6829	6685	6390	6327	6445	6610	6707	6476	6605	6556	6673	6297	5901	6663	6562	6715	6711	0	6636	6442	6809
AY769918	6685	6541	6621	6695	6636	6757	6622	6554	6595	6706	6623	6725	6481	6646	6706	6250	6653	6646	6415	6461	6621	6649	6669	6746	6661	6697	6359	6437	6466	6677	6476	6440	6507	6464	6562	6307	5945	6674	6458	6592	6480	6636	0	6652	6717
AF316144	7114	6497	6629	6697	6774	6880	7041	6780	6701	7120	6537	6663	6746	6761	7090	6264	6912	6819	6634	6746	7091	7026	7103	7026	6484	7089	6639	6696	6391	6993	6442	6744	6774	6720	6491	6299	5937	6976	6741	6489	6446	6442	6652	0	6661
KT366926	6880	6792	7001	6756	7031	6765	6823	6899	6946	6894	6751	6779	6714	6991	6894	6507	7025	7040	6889	6677	6800	6855	6878	6955	6828	6894	6719	6439	6584	6944	6835	6650	6750	6741	6747	6349	6081	6880	6737	6774	6839	6809	6717	6661	0
