U28237	0	6938	7128	7022	6946	6829	6994	6339
AF488779	6938	0	6994	7035	6809	6796	6874	6267
EF016361	7128	6994	0	7161	6922	6918	7068	6357
AY741342	7022	7035	7161	0	6814	6751	7063	6238
KC757057	6946	6809	6922	6814	0	6878	6855	6384
KC757037	6829	6796	6918	6751	6878	0	6828	6324
AJ270258	6994	6874	7068	7063	6855	6828	0	6260
KC757076	6339	6267	6357	6238	6384	6324	6260	0
