EU332829	0	6581	7045	6761	6908	6951	6902	6923	6908	6942	7007	6902	6890	6919	6876	6950	7137
KP126755	6581	0	6679	6736	6589	6748	6657	6446	6737	6629	6586	6685	6682	6619	6601	6766	6608
FJ605268	7045	6679	0	6932	6888	7036	7026	6776	7107	7212	7178	7199	6882	7027	7158	7182	7154
FJ851443	6761	6736	6932	0	6733	6854	6873	6624	6911	6852	6856	6854	6750	6725	6854	7009	6862
EU912469	6908	6589	6888	6733	0	6793	6719	6788	6736	6840	6909	6811	6901	6857	6732	6758	6894
KX674374	6951	6748	7036	6854	6793	0	7123	6812	7096	6936	6998	6997	6798	6874	7047	7136	7006
AF039167	6902	6657	7026	6873	6719	7123	0	6755	7256	7025	7099	7115	6681	6805	7166	7136	7011
EF166075	6923	6446	6776	6624	6788	6812	6755	0	6755	6748	6839	6758	6768	6656	6705	6725	6955
FJ772032	6908	6737	7107	6911	6736	7096	7256	6755	0	7091	7057	7223	6702	6857	7174	7236	7022
AB100608	6942	6629	7212	6852	6840	6936	7025	6748	7091	0	7150	7252	6801	6945	7178	7054	7020
AM087226	7007	6586	7178	6856	6909	6998	7099	6839	7057	7150	0	7152	6848	6943	7135	7101	7195
GQ250431	6902	6685	7199	6854	6811	6997	7115	6758	7223	7252	7152	0	6783	6919	7205	7160	7073
KF532124	6890	6682	6882	6750	6901	6798	6681	6768	6702	6801	6848	6783	0	6838	6673	6781	6923
EF166076	6919	6619	7027	6725	6857	6874	6805	6656	6857	6945	6943	6919	6838	0	6843	6882	6926
EU332826	6876	6601	7158	6854	6732	7047	7166	6705	7174	7178	7135	7205	6673	6843	0	7154	7031
AB286179	6950	6766	7182	7009	6758	7136	7136	6725	7236	7054	7101	7160	6781	6882	7154	0	7084
FJ821731	7137	6608	7154	6862	6894	7006	7011	6955	7022	7020	7195	7073	6923	6926	7031	7084	0
