AM398152	0	6331	7118	6756	7020	6457	6578	6249	6410	6399	6398	6495
AM745438	6331	0	6347	6271	6316	6519	6554	6595	6227	6347	6506	6577
X53853	7118	6347	0	6747	7004	6482	6580	6249	6394	6415	6398	6495
D70846	6756	6271	6747	0	6741	6267	6386	6193	6326	6354	6307	6378
AM421024	7020	6316	7004	6741	0	6382	6536	6234	6403	6385	6371	6480
HE572577	6457	6519	6482	6267	6382	0	6807	6425	6202	6291	6452	6704
LT009496	6578	6554	6580	6386	6536	6807	0	6464	6331	6419	6492	6848
AM748926	6249	6595	6249	6193	6234	6425	6464	0	6148	6274	6461	6440
DQ342322	6410	6227	6394	6326	6403	6202	6331	6148	0	6263	6259	6325
D16421	6399	6347	6415	6354	6385	6291	6419	6274	6263	0	6463	6413
AM408117	6398	6506	6398	6307	6371	6452	6492	6461	6259	6463	0	6473
D16428	6495	6577	6495	6378	6480	6704	6848	6440	6325	6413	6473	0
