DQ365810	0	7051	7027	7014	6899	7033	6913	7040	7060	7038	6954	6988	6803	7016	6920	7006	6998	6931	6898	6846	7051
AF178037	7051	0	7072	7041	7127	7253	7035	7128	7137	7123	7031	7190	6846	7093	6947	7083	7205	6976	6925	6873	7128
AF541999	7027	7072	0	7045	6935	7090	6951	7099	7082	7114	6961	7009	6857	7037	6956	7027	7018	7021	6935	6865	7072
U74757	7014	7041	7045	0	6927	7043	6940	7048	7068	7047	6944	6996	6826	7042	6959	7015	7005	6959	6921	6878	7077
M21789	6899	7127	6935	6927	0	7240	7198	6992	7015	6975	6913	7175	6796	6992	6858	6976	7314	6825	6850	6822	6996
U17645	7033	7253	7090	7043	7240	0	7078	7146	7137	7141	7013	7282	6831	7093	6947	7092	7320	6994	6925	6855	7130
U12463	6913	7035	6951	6940	7198	7078	0	6963	6984	6988	6877	7029	6800	6956	6872	6940	7058	6839	6857	6832	6960
L36217	7040	7128	7099	7048	6992	7146	6963	0	7137	7108	7032	7065	6866	7104	6956	7083	7092	7003	6952	6866	7128
L36214	7060	7137	7082	7068	7015	7137	6984	7137	0	7092	7056	7092	6858	7120	6974	7110	7101	6985	6970	6900	7155
D38628	7038	7123	7114	7047	6975	7141	6988	7108	7092	0	6968	7060	6837	7049	6952	7038	7069	7026	6930	6861	7083
AF394906	6954	7031	6961	6944	6913	7013	6877	7032	7056	6968	0	6984	6795	7003	6885	7020	7029	6872	6890	6821	7029
JFKF01000109	6988	7190	7009	6996	7175	7282	7029	7065	7092	7060	6984	0	6803	7048	6902	7110	7275	6915	6898	6833	7083
L36099	6803	6846	6857	6826	6796	6831	6800	6866	6858	6837	6795	6803	0	6825	6871	6842	6884	6811	6911	6767	6848
L36215	7016	7093	7037	7042	6992	7093	6956	7104	7120	7049	7003	7048	6825	0	6930	7084	7066	6942	6918	6851	7111
L36103	6920	6947	6956	6959	6858	6947	6872	6956	6974	6952	6885	6902	6871	6930	0	6938	6947	6925	6962	6918	6965
AY049981	7006	7083	7027	7015	6976	7092	6940	7083	7110	7038	7020	7110	6842	7084	6938	0	7087	6933	6936	6850	7102
JWSW01000015	6998	7205	7018	7005	7314	7320	7058	7092	7101	7069	7029	7275	6884	7066	6947	7087	0	6924	6979	6873	7092
L36673	6931	6976	7021	6959	6825	6994	6839	7003	6985	7026	6872	6915	6811	6942	6925	6933	6924	0	6905	6834	6976
L36101	6898	6925	6935	6921	6850	6925	6857	6952	6970	6930	6890	6898	6911	6918	6962	6936	6979	6905	0	6855	6943
L36104	6846	6873	6865	6878	6822	6855	6832	6866	6900	6861	6821	6833	6767	6851	6918	6850	6873	6834	6855	0	6873
L36216	7051	7128	7072	7077	6996	7130	6960	7128	7155	7083	7029	7083	6848	7111	6965	7102	7092	6976	6943	6873	0
