FJ593905	0	6570	6354	6605	6552	6556	6350	6459	6096	6594
D85829	6570	0	6381	6484	6536	6493	6440	6318	6062	6597
D85831	6354	6381	0	6197	6316	6284	6381	6380	6040	6411
KM058064	6605	6484	6197	0	6559	6847	6270	6426	6133	6516
KC018453	6552	6536	6316	6559	0	6563	6348	6343	6277	6500
HQ615878	6556	6493	6284	6847	6563	0	6399	6392	6101	6585
KF906718	6350	6440	6381	6270	6348	6399	0	6244	6106	6713
FJ875966	6459	6318	6380	6426	6343	6392	6244	0	6069	6437
FJ897782	6096	6062	6040	6133	6277	6101	6106	6069	0	6206
KF307638	6594	6597	6411	6516	6500	6585	6713	6437	6206	0
