U65647	0	6432	6452	6543	6296	6782	6313
AF465803	6432	0	6744	6165	6691	6296	6658
CP000386	6452	6744	0	6208	7174	6342	7163
HE672086	6543	6165	6208	0	6107	6901	6136
KF494338	6296	6691	7174	6107	0	6226	7267
GU318365	6782	6296	6342	6901	6226	0	6245
KF494339	6313	6658	7163	6136	7267	6245	0
