KM083132	0	7161	6756	6727	6835	6626
KU603607	7161	0	6852	6821	7165	6651
HG316123	6756	6852	0	6761	6772	6667
JX949546	6727	6821	6761	0	6778	6554
KM264303	6835	7165	6772	6778	0	6599
EU543663	6626	6651	6667	6554	6599	0
