FJ611794	0	6498	6506	5268	5277	5143	6550	5180	6324	5219
L76602	6498	0	6380	5262	5320	5178	6511	5160	6226	5193
X94967	6506	6380	0	5347	5319	5229	6448	5197	6571	5247
L76598	5268	5262	5347	0	5916	6000	5334	5640	5394	5986
L76596	5277	5320	5319	5916	0	6139	5327	5717	5324	6187
L76603	5143	5178	5229	6000	6139	0	5184	5642	5233	6069
L76604	6550	6511	6448	5334	5327	5184	0	5130	6309	5167
L76600	5180	5160	5197	5640	5717	5642	5130	0	5142	5673
EF529620	6324	6226	6571	5394	5324	5233	6309	5142	0	5227
AJ515913	5219	5193	5247	5986	6187	6069	5167	5673	5227	0
