X76965	0	6851	6927	6822	6869	6860	6766	6687	6790	6769	6673	6583	6788	6884	7069	6945	6851	6817	6571
FJ379333	6851	0	7092	6936	7331	7343	7370	6901	7074	7360	6940	6884	7099	7471	6906	7296	7026	7387	6629
GQ917213	6927	7092	0	6959	7117	7125	6999	6879	7028	6989	6860	6759	6967	7134	6986	7159	7031	7054	6675
AY054972	6822	6936	6959	0	6949	6958	6869	6809	6873	6864	6830	6724	6927	6945	6874	6972	6990	6855	6607
AF114812	6869	7331	7117	6949	0	7434	7262	6785	6989	7254	6887	6754	7114	7322	6929	7323	7004	7245	6648
AF114805	6860	7343	7125	6958	7434	0	7273	6831	7008	7276	6890	6787	7154	7349	6920	7357	7022	7280	6676
HQ399564	6766	7370	6999	6869	7262	7273	0	6767	7130	7454	6818	6972	7056	7329	6812	7220	6994	7299	6541
JN002085	6687	6901	6879	6809	6785	6831	6767	0	6785	6758	6764	6678	6785	6932	6737	6877	6845	6851	6462
AF114809	6790	7074	7028	6873	6989	7008	7130	6785	0	7112	6788	6892	6863	7112	6849	7016	7021	6966	6593
JN038074	6769	7360	6989	6864	7254	7276	7454	6758	7112	0	6828	7017	7043	7315	6828	7218	6964	7315	6540
AY135693	6673	6940	6860	6830	6887	6890	6818	6764	6788	6828	0	6727	6799	6897	6725	6841	6846	6804	6515
KU933253	6583	6884	6759	6724	6754	6787	6972	6678	6892	7017	6727	0	6735	6831	6635	6742	6804	6839	6471
AB284261	6788	7099	6967	6927	7114	7154	7056	6785	6863	7043	6799	6735	0	7100	6840	7115	6943	7042	6534
KC195859	6884	7471	7134	6945	7322	7349	7329	6932	7112	7315	6897	6831	7100	0	6943	7344	7050	7367	6660
X76966	7069	6906	6986	6874	6929	6920	6812	6737	6849	6828	6725	6635	6840	6943	0	7004	6903	6868	6616
AF114807	6945	7296	7159	6972	7323	7357	7220	6877	7016	7218	6841	6742	7115	7344	7004	0	7028	7297	6671
KJ504176	6851	7026	7031	6990	7004	7022	6994	6845	7021	6964	6846	6804	6943	7050	6903	7028	0	6911	6625
AF114814	6817	7387	7054	6855	7245	7280	7299	6851	6966	7315	6804	6839	7042	7367	6868	7297	6911	0	6568
AF114803	6571	6629	6675	6607	6648	6676	6541	6462	6593	6540	6515	6471	6534	6660	6616	6671	6625	6568	0
