AF057016	0	7307	7143	7388	6593	7120
DQ092443	7307	0	7073	7158	6615	7041
AB285018	7143	7073	0	7106	6662	7096
AJ640132	7388	7158	7106	0	6609	7286
AM279734	6593	6615	6662	6609	0	6590
X74699	7120	7041	7096	7286	6590	0
