DQ837380	0	6665	6780	6797	6693	6703	6544	6547	6717	6900	6841	6585	6912	6921	6559	6880	6921
KF701618	6665	0	6745	6746	6524	7121	6703	6461	6578	6718	6554	6563	6734	6647	6573	6634	6774
DQ471329	6780	6745	0	6740	6525	6839	6843	6646	6546	6872	7158	6785	7019	7210	6699	6838	7030
DQ989633	6797	6746	6740	0	6636	6831	6603	6433	6556	6673	6801	6524	6841	6829	6529	6685	6773
EF177692	6693	6524	6525	6636	0	6564	6399	6306	6417	6612	6657	6354	6665	6665	6405	6575	6702
FJ182049	6703	7121	6839	6831	6564	0	6762	6512	6569	6771	6640	6644	6820	6711	6593	6704	6874
FR669114	6544	6703	6843	6603	6399	6762	0	6548	6484	6701	6679	6603	7025	6716	6648	6668	6829
DQ767692	6547	6461	6646	6433	6306	6512	6548	0	6257	6590	6576	6676	6746	6645	6670	6575	6897
FJ436724	6717	6578	6546	6556	6417	6569	6484	6257	0	6679	6519	6267	6477	6549	6514	6678	6541
HE578181	6900	6718	6872	6673	6612	6771	6701	6590	6679	0	6714	6690	6869	6773	6657	7077	6963
AB258358	6841	6554	7158	6801	6657	6640	6679	6576	6519	6714	0	6591	6985	7410	6684	6783	7078
DQ352839	6585	6563	6785	6524	6354	6644	6603	6676	6267	6690	6591	0	6821	6660	6658	6623	7070
AY028927	6912	6734	7019	6841	6665	6820	7025	6746	6477	6869	6985	6821	0	7054	6721	6844	7171
DQ333949	6921	6647	7210	6829	6665	6711	6716	6645	6549	6773	7410	6660	7054	0	6683	6843	7123
LN866629	6559	6573	6699	6529	6405	6593	6648	6670	6514	6657	6684	6658	6721	6683	0	6686	6963
AF275710	6880	6634	6838	6685	6575	6704	6668	6575	6678	7077	6783	6623	6844	6843	6686	0	6902
X94559	6921	6774	7030	6773	6702	6874	6829	6897	6541	6963	7078	7070	7171	7123	6963	6902	0
