KF732837	0	7261	7424	7256	7369	7141
X90834	7261	0	7108	7071	7095	6842
FJ357160	7424	7108	0	7248	7341	6877
DQ227305	7256	7071	7248	0	7322	6892
AB021188	7369	7095	7341	7322	0	6878
FR714935	7141	6842	6877	6892	6878	0
