DQ640642	0	6796	6974	6667	6569	6980	6463
GQ866112	6796	0	6786	6840	6687	7016	6570
JF340052	6974	6786	0	6784	6733	7015	6596
EU135614	6667	6840	6784	0	6785	6891	6695
EF520007	6569	6687	6733	6785	0	6810	6696
JX624252	6980	7016	7015	6891	6810	0	6665
HG008896	6463	6570	6596	6695	6696	6665	0
