DQ979342	0	6779	6855	6851	6838	6657	6871
KC005304	6779	0	6798	7056	6681	6857	6912
AM229316	6855	6798	0	6956	6757	6666	6971
KT343976	6851	7056	6956	0	6739	6953	7283
KM200719	6838	6681	6757	6739	0	6636	6822
KF898345	6657	6857	6666	6953	6636	0	6818
AJ427626	6871	6912	6971	7283	6822	6818	0
