AE006468	0	7033	6612	7231	7145	6892	6745	7009
EU014684	7033	0	6507	6947	7067	6949	6697	6790
AY373829	6612	6507	0	6599	6582	6372	6407	6413
AF008580	7231	6947	6599	0	7084	6892	6666	6910
EU014685	7145	7067	6582	7084	0	6927	6766	6870
EU014680	6892	6949	6372	6892	6927	0	6662	6830
EU014688	6745	6697	6407	6666	6766	6662	0	6598
AF029227	7009	6790	6413	6910	6870	6830	6598	0
