AF287803	0	6924	6703	6371	6319	5752	6131	6850	6066	7005
AF287799	6924	0	6901	6453	6462	5833	6194	6893	6120	7094
GQ422716	6703	6901	0	6513	6425	5967	6128	6786	6128	7105
EF139191	6371	6453	6513	0	6641	6617	6640	6436	6688	6604
AF287793	6319	6462	6425	6641	0	5961	6268	6411	6311	6496
AF001901	5752	5833	5967	6617	5961	0	6016	5805	6073	6067
M62702	6131	6194	6128	6640	6268	6016	0	6213	6718	6277
AF287801	6850	6893	6786	6436	6411	5805	6213	0	6180	7153
AB003379	6066	6120	6128	6688	6311	6073	6718	6180	0	6218
AF287802	7005	7094	7105	6604	6496	6067	6277	7153	6218	0
