GQ161989	0	6788	6445	6605	6482	6821	6627	6833	6463	6755	6803	6635	7002	6869	6672	6110	6622	6334	6607	6746	6400	6192	6797	6517	6740	6795	6544	6537	6607	6707	6437	6332	6934	6608	6594	6668	6783	6670	6390	6403	6282	6752	6759	6635	6781	6676	6858	6626	6516	6796	6720	6596	6311	6229	6498	6788	6528	6661	6426	6626	6588	6570	6684	6697	6763	6470	6550	6782	6503	6881	6551	6704	6447	6303	6534	6173	6327	6493	6579	6708	6349	6939	6641	6694	6534	6567	6417	6388	6768	6503	6758	6706
AY453855	6788	0	6863	6529	6634	6728	6550	6811	6453	6787	6781	6586	6887	6813	6765	6108	6662	6509	6622	6826	6597	6271	6895	6602	6611	6718	6511	6549	6589	6672	6405	6555	6857	6621	6676	6470	6865	6573	6597	6490	6495	6867	6797	6424	6945	6728	6811	6592	6598	6733	6856	6803	6451	6285	6524	6676	6438	6695	6736	6499	6513	6922	6795	6699	6749	7018	6613	6577	6597	6846	6624	6796	6267	6233	6694	6415	6133	6494	6669	6702	6352	6743	6887	6675	6506	6525	6277	6330	6845	6561	6677	6813
AY894691	6445	6863	0	6564	6524	6584	6386	6700	6415	6702	6650	6432	6569	6702	6724	6121	6639	6517	6552	6719	6562	6298	6621	6621	6462	6458	6495	6436	6580	6443	6392	6563	6568	6473	6572	6507	6744	6379	6581	6484	6455	6649	6692	6351	6748	6580	6700	6485	6546	6435	6712	6638	6475	6252	6428	6345	6359	6689	6582	6371	6527	6861	6697	6465	6478	6690	6576	6531	6646	6562	6590	6716	6140	6173	6601	6374	6125	6504	6643	6465	6409	6446	6660	6486	6477	6570	6274	6326	6735	6440	6528	6686
HE974351	6605	6529	6564	0	6368	6627	6428	6585	6333	6692	6573	6412	6524	6648	6640	6129	6597	6334	6577	6718	6418	6243	6508	6495	6501	6415	6513	6454	6550	6401	6407	6380	6610	6441	6454	6594	6638	6459	6382	6370	6344	6575	6605	6446	6600	6430	6636	6445	6516	6426	6593	6450	6311	6219	6426	6439	6548	6554	6470	6473	6560	6609	6569	6475	6463	6369	6524	6598	6575	6555	6562	6608	6315	6273	6401	6222	6211	6394	6485	6495	6410	6548	6541	6436	6489	6499	6339	6351	6637	6406	6481	6613
KJ934256	6482	6634	6524	6368	0	6594	6427	6513	6324	6510	6589	6563	6596	6479	6544	6108	6532	6395	6667	6514	6494	6020	6628	6466	6455	6493	6371	6532	6454	6481	6398	6376	6611	6647	6466	6297	6511	6425	6440	6296	6149	6609	6459	6318	6594	6576	6495	6461	6425	6578	6510	6671	6690	6131	6525	6496	6308	6503	6523	6402	6359	6633	6605	6552	6692	6370	6501	6395	6409	6562	6463	6727	6282	6082	6799	6235	5892	6342	6605	6704	6442	6473	6719	6523	6519	6426	6187	6246	6520	6505	6536	6564
KP172592	6821	6728	6584	6627	6594	0	6569	6698	6458	6763	6732	6593	6628	6696	6707	6161	6624	6431	6693	6727	6539	6235	6650	6498	6587	6537	6554	6612	6568	6509	6466	6418	7105	6731	6585	6473	6664	6582	6515	6487	6300	6708	6598	6627	6836	6645	6678	6603	6661	6605	6683	6678	6457	6231	6575	6602	6573	6596	6580	6560	6541	6675	6664	6577	6666	6468	6504	6594	6554	6748	6582	6750	6399	6208	6612	6284	6113	6481	6573	6631	6418	6580	6687	6551	6612	6600	6355	6348	6657	6499	6709	6656
KF214258	6627	6550	6386	6428	6427	6569	0	6552	6378	6566	6618	6456	6590	6577	6543	6041	6482	6263	6524	6562	6321	6084	6587	6362	6785	6595	6892	6488	6467	6525	6392	6230	6613	6524	6499	6444	6572	6754	6252	6329	6157	6550	6498	6507	6621	6573	6593	6403	6348	6479	6570	6489	6314	6403	6386	6550	6503	6452	6347	6844	6414	6511	6609	6464	6486	6364	6404	6485	6390	6735	6428	6593	6347	6461	6514	6090	6053	6360	6560	6471	6249	6551	6585	6535	6474	6427	6474	6759	6581	6691	6639	6524
Y09639	6833	6811	6700	6585	6513	6698	6552	0	6560	6957	6926	6573	6866	7111	6796	6219	6760	6472	6683	6919	6475	6426	6793	6623	6613	6733	6511	6584	6815	6669	6449	6524	6777	6577	6744	6607	6952	6506	6507	6542	6457	6724	6936	6533	6883	6858	7109	6638	6627	6655	6864	6689	6434	6311	6531	6580	6466	6878	6461	6511	6568	6814	6697	6587	6635	6664	6606	6613	6657	6699	6733	6776	6245	6256	6638	6329	6315	6597	6606	6582	6398	6742	6671	6698	6570	6656	6342	6349	6928	6413	6671	6747
KF915801	6463	6453	6415	6333	6324	6458	6378	6560	0	6580	6706	6329	6535	6538	6481	6223	6544	6368	6431	6421	6464	6236	6530	6411	6418	6620	6415	6327	6481	6598	6432	6444	6457	6330	6524	6474	6533	6412	6402	6479	6291	6431	6499	6293	6548	6573	6537	6745	6553	6353	6538	6461	6226	6261	6425	6276	6223	6540	6313	6397	6336	6476	6462	6281	6392	6279	6552	6502	6501	6435	6442	6507	6200	6213	6363	6318	6154	6522	6399	6288	6350	6425	6423	6620	6327	6434	6319	6320	6524	6340	6312	6437
AF131296	6755	6787	6702	6692	6510	6763	6566	6957	6580	0	6889	6512	6805	6972	6818	6267	6741	6425	6678	6914	6506	6345	6814	6578	6598	6692	6554	6652	6755	6684	6502	6510	6799	6602	6818	6600	6883	6511	6463	6521	6419	6752	6846	6537	6846	6728	6952	6654	6627	6595	6871	6658	6408	6312	6580	6635	6503	6740	6528	6537	6555	6812	6743	6559	6684	6640	6613	6614	6710	6715	6668	6775	6294	6239	6645	6334	6260	6572	6569	6611	6462	6718	6686	6704	6536	6602	6334	6377	6859	6374	6573	6783
DQ178975	6803	6781	6650	6573	6589	6732	6618	6926	6706	6889	0	6548	6811	6896	6857	6201	6724	6482	6686	6796	6529	6323	6785	6612	6669	6732	6549	6602	6695	6684	6501	6479	6809	6572	6802	6597	6926	6574	6467	6588	6412	6809	6881	6468	6852	6710	6903	6791	6605	6624	6893	6657	6470	6302	6521	6544	6448	6824	6518	6606	6591	6732	6687	6605	6699	6625	6662	6581	6688	6745	6573	6785	6266	6311	6612	6305	6199	6544	6660	6564	6460	6723	6724	6688	6538	6639	6384	6413	6920	6465	6610	6841
KF876174	6635	6586	6432	6412	6563	6593	6456	6573	6329	6512	6548	0	6570	6558	6497	6048	6471	6333	6689	6541	6355	6054	6580	6466	6515	6567	6424	6731	6458	6520	6650	6310	6611	6767	6471	6402	6619	6509	6373	6257	6166	6511	6607	6464	6618	6584	6547	6389	6399	7214	6536	6580	6332	6104	6463	6496	6418	6531	6358	6481	6569	6495	6643	6891	6812	6331	6490	6539	6388	6590	6512	6607	6362	6175	6593	6129	6015	6311	6524	6876	6541	6522	6595	6564	6700	6365	6221	6270	6610	6462	6636	6466
GQ253122	7002	6887	6569	6524	6596	6628	6590	6866	6535	6805	6811	6570	0	6885	6666	6057	6705	6438	6595	6791	6479	6303	6895	6570	6616	6885	6493	6529	6675	6829	6404	6435	6802	6521	6722	6714	6903	6550	6462	6426	6380	6779	6868	6462	6846	6830	6909	6666	6497	6730	6824	6701	6309	6199	6446	6698	6393	6727	6520	6550	6444	6745	6778	6631	6766	6570	6752	6820	6669	6839	6591	6752	6296	6211	6588	6316	6275	6634	6602	6719	6355	7039	6716	6793	6454	6617	6300	6361	6897	6458	6676	6748
Y09638	6869	6813	6702	6648	6479	6696	6577	7111	6538	6972	6896	6558	6885	0	6823	6164	6737	6451	6644	6964	6453	6384	6763	6677	6649	6743	6554	6562	6740	6688	6419	6511	6757	6540	6756	6652	7006	6552	6493	6519	6507	6750	6948	6579	6853	6766	7156	6616	6588	6639	6871	6668	6400	6352	6469	6616	6512	6826	6481	6557	6579	6791	6744	6611	6606	6666	6663	6658	6673	6734	6649	6809	6287	6284	6595	6316	6367	6593	6629	6593	6371	6770	6725	6708	6482	6641	6394	6376	6982	6451	6598	6774
AJ243751	6672	6765	6724	6640	6544	6707	6543	6796	6481	6818	6857	6497	6666	6823	0	6136	6750	6487	6561	6896	6609	6259	6801	6597	6563	6664	6500	6539	6531	6609	6351	6534	6764	6606	6794	6516	6851	6451	6517	6502	6307	7117	6782	6437	6752	6653	6830	6536	6685	6578	6819	6716	6473	6283	6466	6466	6516	6728	6622	6532	6477	6732	6728	6622	6676	6609	6507	6539	6627	6736	6731	6793	6206	6226	6553	6315	6110	6475	6718	6601	6443	6587	6733	6620	6442	6567	6334	6345	6836	6418	6580	7160
HQ224549	6110	6108	6121	6129	6108	6161	6041	6219	6223	6267	6201	6048	6057	6164	6136	0	6089	5999	6134	6121	6136	6101	6154	6084	6153	6022	6087	6095	6101	6006	6137	6150	6143	6103	6085	6030	6062	6147	6080	6214	5970	6069	6093	6079	6229	6086	6146	6186	6260	6048	6171	6117	6041	6041	6681	6088	6084	6123	6052	5992	6039	6158	6082	5990	6148	6101	6072	6033	6177	6196	6093	6138	6038	6007	6003	5975	5852	6014	6142	6067	6145	5999	6161	6050	6105	6075	6068	6058	6053	6095	6006	6107
KC735149	6622	6662	6639	6597	6532	6624	6482	6760	6544	6741	6724	6471	6705	6737	6750	6089	0	6456	6595	6754	6525	6325	6661	6557	6500	6595	6514	6511	6778	6539	6411	6523	6614	6578	6649	6553	6731	6435	6495	6436	6338	6706	6686	6368	6746	6731	6728	6581	6656	6486	6641	6642	6420	6201	6439	6408	6418	6714	6521	6472	6503	6717	6650	6522	6567	6481	6592	6584	6579	6562	6843	6677	6227	6182	6551	6361	6181	6624	6637	6502	6426	6621	6586	6583	6461	6529	6246	6316	6722	6411	6548	6706
D84520	6334	6509	6517	6334	6395	6431	6263	6472	6368	6425	6482	6333	6438	6451	6487	5999	6456	0	6439	6430	6728	6103	6469	6438	6298	6408	6314	6328	6345	6352	6397	6644	6458	6401	6425	6264	6543	6272	6687	6468	6275	6495	6472	6167	6641	6427	6442	6429	6436	6362	6540	6855	6310	6160	6304	6206	6162	6495	6462	6270	6352	6529	6490	6316	6423	6322	6468	6335	6525	6362	6406	6517	6118	6060	6398	6459	5983	6385	6546	6324	6358	6336	6484	6359	6295	6449	6154	6230	6536	6265	6382	6490
KU312690	6607	6622	6552	6577	6667	6693	6524	6683	6431	6678	6686	6689	6595	6644	6561	6134	6595	6439	0	6581	6480	6133	6609	6480	6500	6526	6506	6798	6581	6513	6703	6419	6681	6746	6598	6553	6631	6496	6443	6429	6268	6568	6582	6523	6698	6596	6660	6531	6462	6705	6619	6612	6542	6285	6484	6557	6406	6594	6456	6510	6609	6691	6591	6692	6810	6441	6552	6605	6545	6506	6539	6735	6320	6216	6683	6287	6083	6491	6555	6741	6642	6588	6619	6548	6713	6495	6330	6395	6640	6456	6686	6564
AJ227812	6746	6826	6719	6718	6514	6727	6562	6919	6421	6914	6796	6541	6791	6964	6896	6121	6754	6430	6581	0	6481	6339	6721	6713	6583	6684	6521	6518	6639	6635	6367	6501	6805	6570	6749	6550	7018	6496	6503	6482	6485	6833	6872	6545	6832	6674	6971	6478	6718	6623	6842	6675	6394	6298	6451	6665	6565	6768	6550	6542	6502	6814	6735	6612	6586	6652	6657	6565	6623	6761	6708	6737	6307	6276	6566	6313	6238	6518	6654	6633	6347	6672	6711	6655	6438	6592	6346	6366	6994	6411	6586	6847
U37337	6400	6597	6562	6418	6494	6539	6321	6475	6464	6506	6529	6355	6479	6453	6609	6136	6525	6728	6480	6481	0	6110	6556	6464	6341	6438	6389	6408	6404	6443	6410	6764	6528	6451	6504	6315	6491	6316	6763	6454	6292	6582	6448	6206	6635	6459	6452	6539	6569	6367	6541	6843	6352	6155	6464	6307	6196	6469	6528	6320	6360	6637	6511	6378	6515	6380	6479	6407	6569	6445	6467	6673	6182	6125	6436	6659	6014	6393	6582	6394	6415	6437	6550	6486	6356	6400	6193	6271	6484	6337	6364	6585
EF660755	6192	6271	6298	6243	6020	6235	6084	6426	6236	6345	6323	6054	6303	6384	6259	6101	6325	6103	6133	6339	6110	0	6336	6200	6066	6166	6080	6006	6344	6116	6067	6201	6219	6020	6179	6227	6365	6048	6141	6234	6196	6193	6381	6121	6357	6361	6367	6292	6314	6061	6349	6163	6072	6078	6166	6041	6050	6372	6114	6026	6187	6300	6203	6051	6037	6287	6277	6233	6345	6136	6304	6251	5999	5985	6108	5979	5925	6239	6139	5981	6030	6165	6139	6145	6122	6310	6062	6033	6356	6070	6158	6224
AB428568	6797	6895	6621	6508	6628	6650	6587	6793	6530	6814	6785	6580	6895	6763	6801	6154	6661	6469	6609	6721	6556	6336	0	6532	6594	6839	6549	6562	6660	6762	6453	6413	6808	6588	6728	6500	6780	6534	6460	6499	6280	6942	6784	6349	6787	6819	6752	6601	6641	6736	6728	6737	6391	6339	6569	6683	6351	6645	6619	6603	6484	6773	6686	6598	6789	6566	6620	6607	6559	6834	6691	6879	6254	6240	6620	6257	6080	6463	6675	6704	6376	6718	6782	6755	6557	6560	6354	6356	6756	6435	6707	6913
AJ575817	6517	6602	6621	6495	6466	6498	6362	6623	6411	6578	6612	6466	6570	6677	6597	6084	6557	6438	6480	6713	6464	6200	6532	0	6414	6542	6453	6304	6530	6513	6304	6443	6470	6345	6547	6504	6787	6395	6405	6441	6457	6538	6666	6375	6593	6531	6684	6486	6517	6482	6599	6527	6428	6207	6379	6335	6290	6651	6550	6389	6463	6647	6644	6433	6381	6434	6637	6509	6534	6465	6506	6708	6151	6238	6435	6230	6104	6378	6593	6408	6318	6426	6753	6555	6292	6476	6314	6349	6796	6413	6351	6553
AB258386	6740	6611	6462	6501	6455	6587	6785	6613	6418	6598	6669	6515	6616	6649	6563	6153	6500	6298	6500	6583	6341	6066	6594	6414	0	6585	6734	6458	6465	6545	6372	6264	6592	6495	6480	6437	6657	6894	6279	6375	6242	6533	6606	6530	6691	6518	6637	6436	6383	6537	6588	6481	6310	6352	6499	6546	6511	6504	6352	6783	6445	6529	6577	6510	6444	6405	6461	6484	6417	6746	6452	6572	6290	6571	6544	6133	6161	6322	6540	6469	6238	6550	6616	6582	6486	6440	6583	6544	6656	6771	6601	6513
AJ429240	6795	6718	6458	6415	6493	6537	6595	6733	6620	6692	6732	6567	6885	6743	6664	6022	6595	6408	6526	6684	6438	6166	6839	6542	6585	0	6508	6472	6506	7128	6414	6379	6655	6458	6772	6526	6806	6521	6350	6368	6297	6724	6755	6461	6682	6801	6749	6592	6463	6702	6738	6654	6286	6220	6407	6606	6396	6659	6421	6601	6391	6629	6720	6594	6636	6462	6606	6624	6533	6786	6600	6661	6229	6208	6551	6210	6099	6474	6537	6626	6288	6779	6651	7095	6468	6443	6310	6395	6782	6430	6548	6683
AY769083	6544	6511	6495	6513	6371	6554	6892	6511	6415	6554	6549	6424	6493	6554	6500	6087	6514	6314	6506	6521	6389	6080	6549	6453	6734	6508	0	6433	6504	6461	6410	6285	6530	6482	6463	6510	6546	6743	6300	6333	6253	6480	6490	6421	6547	6539	6534	6425	6416	6441	6502	6418	6318	6430	6439	6481	6426	6441	6410	6753	6443	6541	6529	6406	6421	6288	6463	6559	6454	6632	6455	6575	6308	6452	6477	6150	6134	6402	6561	6413	6286	6478	6537	6499	6512	6450	6508	6766	6537	6705	6546	6470
X94101	6537	6549	6436	6454	6532	6612	6488	6584	6327	6652	6602	6731	6529	6562	6539	6095	6511	6328	6798	6518	6408	6006	6562	6304	6458	6472	6433	0	6478	6457	6791	6324	6687	6749	6615	6386	6542	6401	6341	6293	6098	6540	6496	6382	6599	6499	6552	6383	6354	6777	6571	6557	6414	6116	6437	6515	6364	6437	6308	6511	6532	6557	6480	6822	6880	6358	6379	6447	6419	6547	6456	6570	6340	6092	6564	6207	5933	6317	6470	6796	6642	6538	6479	6481	6624	6380	6162	6312	6542	6317	6668	6548
AB166883	6607	6589	6580	6550	6454	6568	6467	6815	6481	6755	6695	6458	6675	6740	6531	6101	6778	6345	6581	6639	6404	6344	6660	6530	6465	6506	6504	6478	0	6501	6441	6373	6543	6452	6565	6564	6691	6444	6361	6357	6324	6500	6662	6366	6643	6729	6738	6557	6506	6477	6589	6477	6363	6200	6432	6431	6344	6681	6380	6425	6546	6702	6564	6471	6452	6413	6593	6581	6553	6472	6684	6652	6241	6179	6539	6238	6160	6501	6523	6477	6332	6576	6541	6536	6529	6512	6254	6323	6700	6329	6545	6497
AJ429236	6707	6672	6443	6401	6481	6509	6525	6669	6598	6684	6684	6520	6829	6688	6609	6006	6539	6352	6513	6635	6443	6116	6762	6513	6545	7128	6461	6457	6501	0	6390	6364	6555	6418	6728	6535	6765	6491	6338	6317	6263	6641	6707	6402	6654	6737	6695	6598	6437	6605	6689	6632	6243	6179	6388	6547	6327	6612	6411	6520	6346	6622	6716	6506	6567	6432	6619	6640	6522	6648	6529	6682	6196	6161	6520	6230	6082	6424	6487	6580	6271	6707	6623	7149	6420	6392	6271	6334	6749	6397	6471	6583
HM159118	6437	6405	6392	6407	6398	6466	6392	6449	6432	6502	6501	6650	6404	6419	6351	6137	6411	6397	6703	6367	6410	6067	6453	6304	6372	6414	6410	6791	6441	6390	0	6388	6499	6644	6443	6398	6425	6407	6380	6368	6142	6352	6381	6324	6517	6432	6410	6493	6340	6669	6459	6472	6343	6173	6418	6362	6235	6369	6284	6374	6555	6452	6373	6623	6725	6211	6461	6473	6422	6410	6360	6451	6349	6181	6506	6232	6018	6345	6373	6595	6681	6359	6349	6409	6562	6370	6243	6346	6416	6327	6558	6360
AM412238	6332	6555	6563	6380	6376	6418	6230	6524	6444	6510	6479	6310	6435	6511	6534	6150	6523	6644	6419	6501	6764	6201	6413	6443	6264	6379	6285	6324	6373	6364	6388	0	6403	6390	6430	6307	6529	6240	6702	6494	6340	6477	6452	6252	6625	6433	6501	6505	6506	6319	6562	6840	6323	6157	6351	6215	6209	6504	6386	6218	6340	6560	6450	6315	6412	6412	6486	6331	6547	6341	6454	6531	6104	6092	6388	6611	6110	6412	6506	6305	6426	6328	6399	6409	6271	6427	6172	6238	6520	6268	6293	6482
DQ789172	6934	6857	6568	6610	6611	7105	6613	6777	6457	6799	6809	6611	6802	6757	6764	6143	6614	6458	6681	6805	6528	6219	6808	6470	6592	6655	6530	6687	6543	6555	6499	6403	0	6737	6641	6459	6733	6557	6542	6494	6284	6861	6675	6569	6859	6639	6757	6575	6624	6773	6775	6719	6447	6246	6557	6731	6523	6598	6585	6572	6531	6692	6631	6732	6852	6531	6512	6567	6552	6927	6559	6723	6424	6209	6605	6285	6080	6495	6562	6812	6417	6707	6687	6572	6607	6594	6321	6367	6711	6491	6756	6832
JN591314	6608	6621	6473	6441	6647	6731	6524	6577	6330	6602	6572	6767	6521	6540	6606	6103	6578	6401	6746	6570	6451	6020	6588	6345	6495	6458	6482	6749	6452	6418	6644	6390	6737	0	6468	6382	6534	6520	6456	6307	6158	6607	6472	6451	6679	6546	6536	6421	6477	6796	6528	6668	6465	6192	6515	6549	6413	6463	6471	6469	6493	6563	6610	6763	6923	6358	6389	6505	6383	6579	6549	6642	6426	6159	6662	6246	5945	6348	6511	6833	6684	6452	6572	6470	6683	6354	6225	6328	6525	6484	6699	6563
FJ754464	6594	6676	6572	6454	6466	6585	6499	6744	6524	6818	6802	6471	6722	6756	6794	6085	6649	6425	6598	6749	6504	6179	6728	6547	6480	6772	6463	6615	6565	6728	6443	6430	6641	6468	0	6483	6814	6389	6370	6439	6278	6766	6716	6395	6657	6732	6757	6560	6522	6527	6759	6622	6376	6250	6398	6475	6314	6630	6497	6521	6477	6668	6616	6540	6631	6507	6539	6512	6586	6634	6640	6651	6126	6150	6528	6257	6046	6509	6597	6518	6391	6625	6637	6687	6480	6460	6269	6361	6809	6319	6558	6791
KF551120	6668	6470	6507	6594	6297	6473	6444	6607	6474	6600	6597	6402	6714	6652	6516	6030	6553	6264	6553	6550	6315	6227	6500	6504	6437	6526	6510	6386	6564	6535	6398	6307	6459	6382	6483	0	6653	6435	6272	6320	6277	6454	6594	6435	6522	6545	6677	6500	6365	6420	6534	6369	6234	6207	6309	6492	6327	6569	6359	6410	6551	6563	6556	6403	6446	6319	6537	6979	6518	6382	6468	6585	6258	6232	6356	6126	6227	6443	6421	6439	6397	6580	6486	6567	6404	6501	6323	6373	6662	6381	6447	6482
AF131295	6783	6865	6744	6638	6511	6664	6572	6952	6533	6883	6926	6619	6903	7006	6851	6062	6731	6543	6631	7018	6491	6365	6780	6787	6657	6806	6546	6542	6691	6765	6425	6529	6733	6534	6814	6653	0	6569	6492	6527	6567	6796	7021	6517	6877	6770	6995	6607	6554	6702	6927	6714	6401	6311	6383	6608	6475	6853	6503	6594	6589	6807	6796	6653	6589	6709	6801	6668	6716	6698	6639	6774	6246	6326	6610	6341	6266	6592	6671	6615	6379	6770	6743	6760	6472	6635	6410	6387	7186	6475	6639	6803
JQ772481	6670	6573	6379	6459	6425	6582	6754	6506	6412	6511	6574	6509	6550	6552	6451	6147	6435	6272	6496	6496	6316	6048	6534	6395	6894	6521	6743	6401	6444	6491	6407	6240	6557	6520	6389	6435	6569	0	6297	6313	6198	6462	6485	6537	6621	6481	6540	6457	6367	6520	6492	6442	6292	6383	6562	6538	6444	6436	6382	6815	6427	6429	6559	6441	6457	6314	6482	6540	6389	6611	6399	6558	6347	6595	6518	6076	6102	6303	6480	6437	6256	6468	6565	6527	6452	6410	6630	6588	6568	6814	6589	6401
D13724	6390	6597	6581	6382	6440	6515	6252	6507	6402	6463	6467	6373	6462	6493	6517	6080	6495	6687	6443	6503	6763	6141	6460	6405	6279	6350	6300	6341	6361	6338	6380	6702	6542	6456	6370	6272	6492	6297	0	6407	6286	6540	6444	6241	6684	6428	6487	6462	6557	6382	6515	6826	6275	6095	6408	6259	6195	6486	6427	6220	6362	6555	6512	6346	6489	6344	6470	6409	6494	6435	6428	6594	6207	6028	6464	6560	6064	6416	6493	6392	6373	6330	6455	6381	6324	6374	6119	6169	6485	6284	6363	6484
AB248285	6403	6490	6484	6370	6296	6487	6329	6542	6479	6521	6588	6257	6426	6519	6502	6214	6436	6468	6429	6482	6454	6234	6499	6441	6375	6368	6333	6293	6357	6317	6368	6494	6494	6307	6439	6320	6527	6313	6407	0	6314	6490	6469	6196	6764	6408	6510	6567	6581	6267	6628	6539	6343	6335	6381	6211	6164	6461	6446	6325	6395	6466	6395	6254	6333	6385	6477	6332	6586	6421	6370	6492	6126	6215	6328	6244	6108	6418	6556	6197	6332	6283	6501	6330	6227	6524	6302	6326	6518	6285	6338	6520
EU707561	6282	6495	6455	6344	6149	6300	6157	6457	6291	6419	6412	6166	6380	6507	6307	5970	6338	6275	6268	6485	6292	6196	6280	6457	6242	6297	6253	6098	6324	6263	6142	6340	6284	6158	6278	6277	6567	6198	6286	6314	0	6244	6509	6127	6430	6351	6496	6388	6320	6176	6433	6307	6173	6246	6091	6122	6121	6474	6304	6162	6258	6464	6420	6183	6097	6414	6472	6298	6374	6230	6263	6429	6017	6203	6251	6193	6042	6362	6297	6154	6122	6316	6444	6283	6134	6323	6216	6252	6558	6201	6200	6273
AB033947	6752	6867	6649	6575	6609	6708	6550	6724	6431	6752	6809	6511	6779	6750	7117	6069	6706	6495	6568	6833	6582	6193	6942	6538	6533	6724	6480	6540	6500	6641	6352	6477	6861	6607	6766	6454	6796	6462	6540	6490	6244	0	6711	6371	6756	6663	6758	6546	6670	6651	6776	6783	6467	6289	6467	6555	6449	6647	6711	6534	6443	6710	6729	6677	6802	6580	6587	6533	6562	6848	6676	6784	6248	6161	6532	6303	6060	6455	6726	6680	6420	6671	6805	6641	6479	6553	6266	6317	6781	6413	6623	7207
EF363714	6759	6797	6692	6605	6459	6598	6498	6936	6499	6846	6881	6607	6868	6948	6782	6093	6686	6472	6582	6872	6448	6381	6784	6666	6606	6755	6490	6496	6662	6707	6381	6452	6675	6472	6716	6594	7021	6485	6444	6469	6509	6711	0	6436	6799	6728	6929	6583	6537	6690	6875	6627	6357	6268	6414	6542	6420	6908	6452	6518	6541	6779	6758	6607	6559	6650	6734	6625	6688	6656	6598	6729	6187	6260	6566	6265	6252	6573	6622	6548	6336	6737	6711	6691	6474	6601	6305	6327	6997	6398	6598	6745
HF544321	6635	6424	6351	6446	6318	6627	6507	6533	6293	6537	6468	6464	6462	6579	6437	6079	6368	6167	6523	6545	6206	6121	6349	6375	6530	6461	6421	6382	6366	6402	6324	6252	6569	6451	6395	6435	6517	6537	6241	6196	6127	6371	6436	0	6471	6423	6586	6290	6242	6480	6469	6386	6258	6193	6376	6501	6772	6447	6155	6548	6425	6395	6501	6477	6404	6277	6314	6458	6346	6512	6403	6412	6477	6297	6383	6040	6059	6181	6406	6513	6265	6441	6396	6446	6441	6389	6363	6357	6526	6404	6510	6386
AJ871435	6781	6945	6748	6600	6594	6836	6621	6883	6548	6846	6852	6618	6846	6853	6752	6229	6746	6641	6698	6832	6635	6357	6787	6593	6691	6682	6547	6599	6643	6654	6517	6625	6859	6679	6657	6522	6877	6621	6684	6764	6430	6756	6799	6471	0	6776	6851	6711	6710	6647	6947	6895	6424	6275	6647	6623	6431	6767	6642	6554	6580	6812	6800	6575	6688	6679	6660	6628	6774	6760	6658	6827	6315	6289	6729	6420	6242	6575	6739	6583	6424	6658	6758	6678	6544	6676	6348	6375	6868	6541	6712	6703
KC118516	6676	6728	6580	6430	6576	6645	6573	6858	6573	6728	6710	6584	6830	6766	6653	6086	6731	6427	6596	6674	6459	6361	6819	6531	6518	6801	6539	6499	6729	6737	6432	6433	6639	6546	6732	6545	6770	6481	6428	6408	6351	6663	6728	6423	6776	0	6772	6672	6579	6598	6761	6683	6343	6201	6500	6522	6303	6791	6471	6495	6480	6734	6701	6438	6576	6477	6638	6669	6619	6642	6767	6738	6220	6175	6682	6253	6165	6586	6534	6499	6305	6699	6659	6755	6586	6633	6269	6379	6761	6446	6667	6611
Y09637	6858	6811	6700	6636	6495	6678	6593	7109	6537	6952	6903	6547	6909	7156	6830	6146	6728	6442	6660	6971	6452	6367	6752	6684	6637	6749	6534	6552	6738	6695	6410	6501	6757	6536	6757	6677	6995	6540	6487	6510	6496	6758	6929	6586	6851	6772	0	6606	6570	6628	6868	6668	6407	6343	6458	6605	6519	6841	6477	6545	6559	6816	6758	6603	6603	6664	6665	6665	6661	6723	6647	6825	6278	6289	6611	6308	6340	6583	6638	6616	6366	6776	6732	6714	6479	6648	6374	6392	6989	6442	6604	6781
AM229669	6626	6592	6485	6445	6461	6603	6403	6638	6745	6654	6791	6389	6666	6616	6536	6186	6581	6429	6531	6478	6539	6292	6601	6486	6436	6592	6425	6383	6557	6598	6493	6505	6575	6421	6560	6500	6607	6457	6462	6567	6388	6546	6583	6290	6711	6672	6606	0	6655	6406	6666	6573	6323	6253	6479	6366	6172	6630	6462	6375	6430	6569	6545	6345	6498	6346	6684	6605	6609	6493	6461	6695	6244	6224	6488	6344	6199	6607	6489	6380	6391	6556	6583	6619	6439	6516	6299	6324	6598	6418	6435	6514
KC252615	6516	6598	6546	6516	6425	6661	6348	6627	6553	6627	6605	6399	6497	6588	6685	6260	6656	6436	6462	6718	6569	6314	6641	6517	6383	6463	6416	6354	6506	6437	6340	6506	6624	6477	6522	6365	6554	6367	6557	6581	6320	6670	6537	6242	6710	6579	6570	6655	0	6419	6547	6618	6307	6269	6545	6383	6264	6564	6583	6340	6371	6632	6536	6322	6459	6336	6550	6462	6503	6569	6607	6670	6292	6140	6412	6355	6145	6529	6551	6397	6342	6384	6611	6482	6392	6483	6254	6244	6545	6369	6407	6632
KU535675	6796	6733	6435	6426	6578	6605	6479	6655	6353	6595	6624	7214	6730	6639	6578	6048	6486	6362	6705	6623	6367	6061	6736	6482	6537	6702	6441	6777	6477	6605	6669	6319	6773	6796	6527	6420	6702	6520	6382	6267	6176	6651	6690	6480	6647	6598	6628	6406	6419	0	6612	6634	6341	6114	6465	6633	6432	6550	6351	6509	6579	6524	6647	7027	6972	6418	6509	6553	6407	6741	6527	6626	6362	6178	6617	6138	6024	6328	6544	7033	6559	6655	6603	6626	6707	6383	6232	6280	6678	6478	6655	6617
FJ194436	6720	6856	6712	6593	6510	6683	6570	6864	6538	6871	6893	6536	6824	6871	6819	6171	6641	6540	6619	6842	6541	6349	6728	6599	6588	6738	6502	6571	6589	6689	6459	6562	6775	6528	6759	6534	6927	6492	6515	6628	6433	6776	6875	6469	6947	6761	6868	6666	6547	6612	0	6753	6464	6292	6495	6565	6408	6875	6594	6549	6527	6710	6690	6647	6639	6699	6615	6549	6917	6695	6583	6742	6228	6237	6593	6311	6210	6547	6698	6575	6386	6736	6719	6668	6451	6678	6344	6401	6903	6417	6618	6792
AB071955	6596	6803	6638	6450	6671	6678	6489	6689	6461	6658	6657	6580	6701	6668	6716	6117	6642	6855	6612	6675	6843	6163	6737	6527	6481	6654	6418	6557	6477	6632	6472	6840	6719	6668	6622	6369	6714	6442	6826	6539	6307	6783	6627	6386	6895	6683	6668	6573	6618	6634	6753	0	6443	6205	6538	6489	6362	6627	6611	6475	6444	6761	6679	6545	6700	6542	6595	6475	6606	6637	6594	6772	6214	6109	6625	6603	6075	6456	6739	6592	6449	6556	6723	6664	6484	6567	6184	6318	6707	6415	6584	6713
FJ434127	6311	6451	6475	6311	6690	6457	6314	6434	6226	6408	6470	6332	6309	6400	6473	6041	6420	6310	6542	6394	6352	6072	6391	6428	6310	6286	6318	6414	6363	6243	6343	6323	6447	6465	6376	6234	6401	6292	6275	6343	6173	6467	6357	6258	6424	6343	6407	6323	6307	6341	6464	6443	0	6228	6292	6175	6220	6387	6382	6326	6347	6439	6341	6449	6420	6331	6325	6237	6401	6327	6396	6522	6159	6113	6659	6095	5881	6291	6555	6378	6359	6296	6516	6285	6365	6410	6220	6311	6410	6368	6363	6500
EU707560	6229	6285	6252	6219	6131	6231	6403	6311	6261	6312	6302	6104	6199	6352	6283	6041	6201	6160	6285	6298	6155	6078	6339	6207	6352	6220	6430	6116	6200	6179	6173	6157	6246	6192	6250	6207	6311	6383	6095	6335	6246	6289	6268	6193	6275	6201	6343	6253	6269	6114	6292	6205	6228	0	6129	6132	6216	6229	6230	6398	6210	6246	6255	6092	6130	6232	6296	6221	6265	6269	6222	6303	6108	6325	6250	5966	5904	6280	6285	6117	6116	6132	6306	6207	6149	6230	6442	6455	6302	6292	6279	6301
JQ608327	6498	6524	6428	6426	6525	6575	6386	6531	6425	6580	6521	6463	6446	6469	6466	6681	6439	6304	6484	6451	6464	6166	6569	6379	6499	6407	6439	6437	6432	6388	6418	6351	6557	6515	6398	6309	6383	6562	6408	6381	6091	6467	6414	6376	6647	6500	6458	6479	6545	6465	6495	6538	6292	6129	0	6504	6343	6438	6488	6330	6326	6520	6489	6340	6565	6259	6385	6407	6443	6602	6438	6555	6321	6174	6418	6162	5996	6245	6494	6475	6380	6355	6570	6433	6505	6347	6216	6260	6374	6476	6401	6422
AB024289	6788	6676	6345	6439	6496	6602	6550	6580	6276	6635	6544	6496	6698	6616	6466	6088	6408	6206	6557	6665	6307	6041	6683	6335	6546	6606	6481	6515	6431	6547	6362	6215	6731	6549	6475	6492	6608	6538	6259	6211	6122	6555	6542	6501	6623	6522	6605	6366	6383	6633	6565	6489	6175	6132	6504	0	6455	6423	6331	6492	6379	6534	6562	6550	6679	6356	6410	6600	6379	6668	6348	6595	6510	6184	6454	6067	6019	6234	6403	6705	6274	6627	6510	6559	6488	6369	6283	6325	6584	6447	6522	6502
LN864675	6528	6438	6359	6548	6308	6573	6503	6466	6223	6503	6448	6418	6393	6512	6516	6084	6418	6162	6406	6565	6196	6050	6351	6290	6511	6396	6426	6364	6344	6327	6235	6209	6523	6413	6314	6327	6475	6444	6195	6164	6121	6449	6420	6772	6431	6303	6519	6172	6264	6432	6408	6362	6220	6216	6343	6455	0	6415	6195	6510	6287	6428	6495	6414	6394	6338	6259	6317	6294	6551	6413	6357	6391	6230	6355	6015	5950	6129	6385	6540	6267	6399	6396	6371	6368	6311	6297	6347	6484	6347	6483	6473
HQ439186	6661	6695	6689	6554	6503	6596	6452	6878	6540	6740	6824	6531	6727	6826	6728	6123	6714	6495	6594	6768	6469	6372	6645	6651	6504	6659	6441	6437	6681	6612	6369	6504	6598	6463	6630	6569	6853	6436	6486	6461	6474	6647	6908	6447	6767	6791	6841	6630	6564	6550	6875	6627	6387	6229	6438	6423	6415	0	6512	6444	6462	6724	6753	6491	6497	6550	6626	6575	6735	6544	6636	6744	6175	6193	6614	6307	6230	6603	6627	6497	6367	6655	6698	6638	6471	6631	6284	6303	6862	6349	6558	6681
JQ608326	6426	6736	6582	6470	6523	6580	6347	6461	6313	6528	6518	6358	6520	6481	6622	6052	6521	6462	6456	6550	6528	6114	6619	6550	6352	6421	6410	6308	6380	6411	6284	6386	6585	6471	6497	6359	6503	6382	6427	6446	6304	6711	6452	6155	6642	6471	6477	6462	6583	6351	6594	6611	6382	6230	6488	6331	6195	6512	0	6334	6334	6647	6615	6357	6493	6449	6490	6466	6499	6507	6495	6674	6159	6114	6474	6247	5951	6377	6564	6373	6314	6411	6838	6444	6333	6406	6181	6252	6494	6400	6400	6656
AB245347	6626	6499	6371	6473	6402	6560	6844	6511	6397	6537	6606	6481	6550	6557	6532	5992	6472	6270	6510	6542	6320	6026	6603	6389	6783	6601	6753	6511	6425	6520	6374	6218	6572	6469	6521	6410	6594	6815	6220	6325	6162	6534	6518	6548	6554	6495	6545	6375	6340	6509	6549	6475	6326	6398	6330	6492	6510	6444	6334	0	6452	6479	6560	6485	6451	6314	6415	6451	6400	6650	6458	6518	6324	6568	6502	6072	6075	6361	6528	6446	6257	6567	6568	6515	6406	6452	6579	6671	6593	6628	6655	6524
KU179043	6588	6513	6527	6560	6359	6541	6414	6568	6336	6555	6591	6569	6444	6579	6477	6039	6503	6352	6609	6502	6360	6187	6484	6463	6445	6391	6443	6532	6546	6346	6555	6340	6531	6493	6477	6551	6589	6427	6362	6395	6258	6443	6541	6425	6580	6480	6559	6430	6371	6579	6527	6444	6347	6210	6326	6379	6287	6462	6334	6452	0	6517	6518	6583	6509	6352	6463	6590	6477	6414	6468	6501	6342	6218	6441	6138	6103	6370	6417	6463	6443	6429	6464	6381	6476	6504	6294	6320	6580	6370	6517	6475
HM204925	6570	6922	6861	6609	6633	6675	6511	6814	6476	6812	6732	6495	6745	6791	6732	6158	6717	6529	6691	6814	6637	6300	6773	6647	6529	6629	6541	6557	6702	6622	6452	6560	6692	6563	6668	6563	6807	6429	6555	6466	6464	6710	6779	6395	6812	6734	6816	6569	6632	6524	6710	6761	6439	6246	6520	6534	6428	6724	6647	6479	6517	0	6729	6538	6582	6704	6647	6591	6601	6655	6655	6847	6230	6180	6696	6453	6146	6523	6686	6583	6397	6626	6778	6655	6527	6566	6261	6363	6816	6438	6604	6714
FJ834325	6684	6795	6697	6569	6605	6664	6609	6697	6462	6743	6687	6643	6778	6744	6728	6082	6650	6490	6591	6735	6511	6203	6686	6644	6577	6720	6529	6480	6564	6716	6373	6450	6631	6610	6616	6556	6796	6559	6512	6395	6420	6729	6758	6501	6800	6701	6758	6545	6536	6647	6690	6679	6341	6255	6489	6562	6495	6753	6615	6560	6518	6729	0	6536	6606	6535	6674	6670	6577	6701	6638	6785	6372	6242	6670	6310	6144	6523	6618	6649	6382	6660	6863	6750	6532	6499	6280	6370	6805	6544	6599	6695
AJ009706	6697	6699	6465	6475	6552	6577	6464	6587	6281	6559	6605	6891	6631	6611	6622	5990	6522	6316	6692	6612	6378	6051	6598	6433	6510	6594	6406	6822	6471	6506	6623	6315	6732	6763	6540	6403	6653	6441	6346	6254	6183	6677	6607	6477	6575	6438	6603	6345	6322	7027	6647	6545	6449	6092	6340	6550	6414	6491	6357	6485	6583	6538	6536	0	6866	6462	6414	6470	6383	6662	6472	6547	6401	6142	6518	6181	5993	6279	6547	6929	6540	6631	6590	6526	6634	6373	6202	6268	6638	6441	6611	6663
AB021492	6763	6749	6478	6463	6692	6666	6486	6635	6392	6684	6699	6812	6766	6606	6676	6148	6567	6423	6810	6586	6515	6037	6789	6381	6444	6636	6421	6880	6452	6567	6725	6412	6852	6923	6631	6446	6589	6457	6489	6333	6097	6802	6559	6404	6688	6576	6603	6498	6459	6972	6639	6700	6420	6130	6565	6679	6394	6497	6493	6451	6509	6582	6606	6866	0	6419	6468	6568	6478	6753	6530	6686	6330	6059	6590	6273	5948	6331	6514	6968	6896	6646	6623	6555	6670	6402	6169	6271	6574	6459	6698	6771
HM629444	6470	7018	6690	6369	6370	6468	6364	6664	6279	6640	6625	6331	6570	6666	6609	6101	6481	6322	6441	6652	6380	6287	6566	6434	6405	6462	6288	6358	6413	6432	6211	6412	6531	6358	6507	6319	6709	6314	6344	6385	6414	6580	6650	6277	6679	6477	6664	6346	6336	6418	6699	6542	6331	6232	6259	6356	6338	6550	6449	6314	6352	6704	6535	6462	6419	0	6371	6326	6472	6520	6425	6527	6027	6156	6443	6228	5985	6294	6460	6401	6215	6495	6605	6435	6256	6370	6196	6225	6685	6296	6427	6587
JN196137	6550	6613	6576	6524	6501	6504	6404	6606	6552	6613	6662	6490	6752	6663	6507	6072	6592	6468	6552	6657	6479	6277	6620	6637	6461	6606	6463	6379	6593	6619	6461	6486	6512	6389	6539	6537	6801	6482	6470	6477	6472	6587	6734	6314	6660	6638	6665	6684	6550	6509	6615	6595	6325	6296	6385	6410	6259	6626	6490	6415	6463	6647	6674	6414	6468	6371	0	6612	6622	6508	6469	6675	6266	6271	6478	6346	6205	6613	6530	6450	6378	6607	6661	6645	6426	6556	6302	6351	6810	6420	6485	6533
KT000387	6782	6577	6531	6598	6395	6594	6485	6613	6502	6614	6581	6539	6820	6658	6539	6033	6584	6335	6605	6565	6407	6233	6607	6509	6484	6624	6559	6447	6581	6640	6473	6331	6567	6505	6512	6979	6668	6540	6409	6332	6298	6533	6625	6458	6628	6669	6665	6605	6462	6553	6549	6475	6237	6221	6407	6600	6317	6575	6466	6451	6590	6591	6670	6470	6568	6326	6612	0	6549	6484	6523	6699	6373	6235	6474	6173	6237	6534	6445	6548	6412	6639	6566	6673	6514	6490	6345	6379	6659	6470	6561	6503
AJ575818	6503	6597	6646	6575	6409	6554	6390	6657	6501	6710	6688	6388	6669	6673	6627	6177	6579	6525	6545	6623	6569	6345	6559	6534	6417	6533	6454	6419	6553	6522	6422	6547	6552	6383	6586	6518	6716	6389	6494	6586	6374	6562	6688	6346	6774	6619	6661	6609	6503	6407	6917	6606	6401	6265	6443	6379	6294	6735	6499	6400	6477	6601	6577	6383	6478	6472	6622	6549	0	6484	6520	6675	6165	6179	6481	6312	6185	6503	6586	6395	6404	6570	6545	6524	6387	6610	6328	6361	6707	6349	6450	6615
EU682685	6881	6846	6562	6555	6562	6748	6735	6699	6435	6715	6745	6590	6839	6734	6736	6196	6562	6362	6506	6761	6445	6136	6834	6465	6746	6786	6632	6547	6472	6648	6410	6341	6927	6579	6634	6382	6698	6611	6435	6421	6230	6848	6656	6512	6760	6642	6723	6493	6569	6741	6695	6637	6327	6269	6602	6668	6551	6544	6507	6650	6414	6655	6701	6662	6753	6520	6508	6484	6484	0	6527	6645	6366	6255	6520	6219	6137	6378	6627	6734	6337	6737	6725	6638	6557	6465	6362	6452	6674	6560	6638	6802
KF551181	6551	6624	6590	6562	6463	6582	6428	6733	6442	6668	6573	6512	6591	6649	6731	6093	6843	6406	6539	6708	6467	6304	6691	6506	6452	6600	6455	6456	6684	6529	6360	6454	6559	6549	6640	6468	6639	6399	6428	6370	6263	6676	6598	6403	6658	6767	6647	6461	6607	6527	6583	6594	6396	6222	6438	6348	6413	6636	6495	6458	6468	6655	6638	6472	6530	6425	6469	6523	6520	6527	0	6611	6158	6180	6537	6279	6089	6461	6563	6472	6392	6523	6584	6590	6475	6432	6252	6297	6630	6368	6525	6670
JX566547	6704	6796	6716	6608	6727	6750	6593	6776	6507	6775	6785	6607	6752	6809	6793	6138	6677	6517	6735	6737	6673	6251	6879	6708	6572	6661	6575	6570	6652	6682	6451	6531	6723	6642	6651	6585	6774	6558	6594	6492	6429	6784	6729	6412	6827	6738	6825	6695	6670	6626	6742	6772	6522	6303	6555	6595	6357	6744	6674	6518	6501	6847	6785	6547	6686	6527	6675	6699	6675	6645	6611	0	6297	6260	6712	6378	6175	6541	6719	6617	6438	6635	6820	6724	6574	6583	6353	6404	6783	6514	6602	6756
D13722	6447	6267	6140	6315	6282	6399	6347	6245	6200	6294	6266	6362	6296	6287	6206	6038	6227	6118	6320	6307	6182	5999	6254	6151	6290	6229	6308	6340	6241	6196	6349	6104	6424	6426	6126	6258	6246	6347	6207	6126	6017	6248	6187	6477	6315	6220	6278	6244	6292	6362	6228	6214	6159	6108	6321	6510	6391	6175	6159	6324	6342	6230	6372	6401	6330	6027	6266	6373	6165	6366	6158	6297	0	6114	6254	6001	5933	6194	6249	6436	6215	6292	6270	6219	6332	6244	6204	6235	6246	6372	6329	6203
KM658502	6303	6233	6173	6273	6082	6208	6461	6256	6213	6239	6311	6175	6211	6284	6226	6007	6182	6060	6216	6276	6125	5985	6240	6238	6571	6208	6452	6092	6179	6161	6181	6092	6209	6159	6150	6232	6326	6595	6028	6215	6203	6161	6260	6297	6289	6175	6289	6224	6140	6178	6237	6109	6113	6325	6174	6184	6230	6193	6114	6568	6218	6180	6242	6142	6059	6156	6271	6235	6179	6255	6180	6260	6114	0	6193	5918	5928	6142	6200	6098	6053	6194	6286	6203	6169	6206	6559	6478	6325	6446	6267	6181
EF467848	6534	6694	6601	6401	6799	6612	6514	6638	6363	6645	6612	6593	6588	6595	6553	6003	6551	6398	6683	6566	6436	6108	6620	6435	6544	6551	6477	6564	6539	6520	6506	6388	6605	6662	6528	6356	6610	6518	6464	6328	6251	6532	6566	6383	6729	6682	6611	6488	6412	6617	6593	6625	6659	6250	6418	6454	6355	6614	6474	6502	6441	6696	6670	6518	6590	6443	6478	6474	6481	6520	6537	6712	6254	6193	0	6218	6003	6448	6545	6632	6353	6492	6630	6558	6589	6464	6289	6332	6619	6471	6610	6503
D84529	6173	6415	6374	6222	6235	6284	6090	6329	6318	6334	6305	6129	6316	6316	6315	5975	6361	6459	6287	6313	6659	5979	6257	6230	6133	6210	6150	6207	6238	6230	6232	6611	6285	6246	6257	6126	6341	6076	6560	6244	6193	6303	6265	6040	6420	6253	6308	6344	6355	6138	6311	6603	6095	5966	6162	6067	6015	6307	6247	6072	6138	6453	6310	6181	6273	6228	6346	6173	6312	6219	6279	6378	6001	5918	6218	0	6065	6304	6287	6181	6223	6268	6288	6273	6152	6208	5978	6036	6334	6105	6156	6295
AB018439	6327	6133	6125	6211	5892	6113	6053	6315	6154	6260	6199	6015	6275	6367	6110	5852	6181	5983	6083	6238	6014	5925	6080	6104	6161	6099	6134	5933	6160	6082	6018	6110	6080	5945	6046	6227	6266	6102	6064	6108	6042	6060	6252	6059	6242	6165	6340	6199	6145	6024	6210	6075	5881	5904	5996	6019	5950	6230	5951	6075	6103	6146	6144	5993	5948	5985	6205	6237	6185	6137	6089	6175	5933	5928	6003	6065	0	6245	6095	5947	5935	6276	6063	6102	5972	6240	6046	6009	6257	6037	6055	6068
KM819014	6493	6494	6504	6394	6342	6481	6360	6597	6522	6572	6544	6311	6634	6593	6475	6014	6624	6385	6491	6518	6393	6239	6463	6378	6322	6474	6402	6317	6501	6424	6345	6412	6495	6348	6509	6443	6592	6303	6416	6418	6362	6455	6573	6181	6575	6586	6583	6607	6529	6328	6547	6456	6291	6280	6245	6234	6129	6603	6377	6361	6370	6523	6523	6279	6331	6294	6613	6534	6503	6378	6461	6541	6194	6142	6448	6304	6245	0	6415	6282	6271	6607	6441	6422	6304	6538	6226	6303	6583	6292	6470	6458
KC735148	6579	6669	6643	6485	6605	6573	6560	6606	6399	6569	6660	6524	6602	6629	6718	6142	6637	6546	6555	6654	6582	6139	6675	6593	6540	6537	6561	6470	6523	6487	6373	6506	6562	6511	6597	6421	6671	6480	6493	6556	6297	6726	6622	6406	6739	6534	6638	6489	6551	6544	6698	6739	6555	6285	6494	6403	6385	6627	6564	6528	6417	6686	6618	6547	6514	6460	6530	6445	6586	6627	6563	6719	6249	6200	6545	6287	6095	6415	0	6556	6339	6506	6740	6502	6407	6559	6290	6411	6680	6446	6522	6735
HM193517	6708	6702	6465	6495	6704	6631	6471	6582	6288	6611	6564	6876	6719	6593	6601	6067	6502	6324	6741	6633	6394	5981	6704	6408	6469	6626	6413	6796	6477	6580	6595	6305	6812	6833	6518	6439	6615	6437	6392	6197	6154	6680	6548	6513	6583	6499	6616	6380	6397	7033	6575	6592	6378	6117	6475	6705	6540	6497	6373	6446	6463	6583	6649	6929	6968	6401	6450	6548	6395	6734	6472	6617	6436	6098	6632	6181	5947	6282	6556	0	6570	6638	6606	6608	6662	6328	6178	6269	6609	6432	6633	6652
EF530202	6349	6352	6409	6410	6442	6418	6249	6398	6350	6462	6460	6541	6355	6371	6443	6145	6426	6358	6642	6347	6415	6030	6376	6318	6238	6288	6286	6642	6332	6271	6681	6426	6417	6684	6391	6397	6379	6256	6373	6332	6122	6420	6336	6265	6424	6305	6366	6391	6342	6559	6386	6449	6359	6116	6380	6274	6267	6367	6314	6257	6443	6397	6382	6540	6896	6215	6378	6412	6404	6337	6392	6438	6215	6053	6353	6223	5935	6271	6339	6570	0	6304	6387	6290	6475	6327	6147	6241	6379	6295	6441	6449
AB021370	6939	6743	6446	6548	6473	6580	6551	6742	6425	6718	6723	6522	7039	6770	6587	5999	6621	6336	6588	6672	6437	6165	6718	6426	6550	6779	6478	6538	6576	6707	6359	6328	6707	6452	6625	6580	6770	6468	6330	6283	6316	6671	6737	6441	6658	6699	6776	6556	6384	6655	6736	6556	6296	6132	6355	6627	6399	6655	6411	6567	6429	6626	6660	6631	6646	6495	6607	6639	6570	6737	6523	6635	6292	6194	6492	6268	6276	6607	6506	6638	6304	0	6641	6671	6469	6586	6285	6346	6764	6423	6646	6644
KU053645	6641	6887	6660	6541	6719	6687	6585	6671	6423	6686	6724	6595	6716	6725	6733	6161	6586	6484	6619	6711	6550	6139	6782	6753	6616	6651	6537	6479	6541	6623	6349	6399	6687	6572	6637	6486	6743	6565	6455	6501	6444	6805	6711	6396	6758	6659	6732	6583	6611	6603	6719	6723	6516	6306	6570	6510	6396	6698	6838	6568	6464	6778	6863	6590	6623	6605	6661	6566	6545	6725	6584	6820	6270	6286	6630	6288	6063	6441	6740	6606	6387	6641	0	6654	6492	6502	6314	6375	6752	6550	6551	6759
AJ429239	6694	6675	6486	6436	6523	6551	6535	6698	6620	6704	6688	6564	6793	6708	6620	6050	6583	6359	6548	6655	6486	6145	6755	6555	6582	7095	6499	6481	6536	7149	6409	6409	6572	6470	6687	6567	6760	6527	6381	6330	6283	6641	6691	6446	6678	6755	6714	6619	6482	6626	6668	6664	6285	6207	6433	6559	6371	6638	6444	6515	6381	6655	6750	6526	6555	6435	6645	6673	6524	6638	6590	6724	6219	6203	6558	6273	6102	6422	6502	6608	6290	6671	6654	0	6467	6410	6309	6345	6751	6433	6463	6583
KP859572	6534	6506	6477	6489	6519	6612	6474	6570	6327	6536	6538	6700	6454	6482	6442	6105	6461	6295	6713	6438	6356	6122	6557	6292	6486	6468	6512	6624	6529	6420	6562	6271	6607	6683	6480	6404	6472	6452	6324	6227	6134	6479	6474	6441	6544	6586	6479	6439	6392	6707	6451	6484	6365	6149	6505	6488	6368	6471	6333	6406	6476	6527	6532	6634	6670	6256	6426	6514	6387	6557	6475	6574	6332	6169	6589	6152	5972	6304	6407	6662	6475	6469	6492	6467	0	6361	6235	6296	6463	6499	6677	6442
