KJ155688	0	6419	5681	6213	6231	6219	6327	6131	6345	6160	6265	6180	6361	6121	6326	6326	6393
JX089325	6419	0	5812	6257	6233	6275	6384	6235	6515	6332	6377	6336	6384	6490	6460	6313	6994
EF451725	5681	5812	0	5839	5949	5516	5941	6227	5856	5917	5982	5955	5741	5861	5942	5720	5843
KT347096	6213	6257	5839	0	6267	6132	6282	6267	6269	6196	6239	6302	6404	6213	6291	6355	6259
EF507900	6231	6233	5949	6267	0	6070	6498	6366	6468	6436	6507	6447	6273	6185	6430	6259	6267
JQ958375	6219	6275	5516	6132	6070	0	6243	5910	6236	6057	6175	6126	6379	6035	6186	6319	6316
AM000023	6327	6384	5941	6282	6498	6243	0	6365	6793	6792	6952	6647	6452	6204	6897	6452	6425
EF451726	6131	6235	6227	6267	6366	5910	6365	0	6317	6341	6442	6401	6092	6228	6386	6119	6241
KF303585	6345	6515	5856	6269	6468	6236	6793	6317	0	6629	6788	6610	6401	6189	6761	6347	6453
KP974819	6160	6332	5917	6196	6436	6057	6792	6341	6629	0	6749	6638	6345	6190	6788	6350	6356
LC019141	6265	6377	5982	6239	6507	6175	6952	6442	6788	6749	0	6615	6402	6183	6861	6399	6451
GQ342559	6180	6336	5955	6302	6447	6126	6647	6401	6610	6638	6615	0	6340	6184	6650	6395	6379
LC148303	6361	6384	5741	6404	6273	6379	6452	6092	6401	6345	6402	6340	0	6129	6447	7003	6403
KU865688	6121	6490	5861	6213	6185	6035	6204	6228	6189	6190	6183	6184	6129	0	6232	6121	6564
KR024033	6326	6460	5942	6291	6430	6186	6897	6386	6761	6788	6861	6650	6447	6232	0	6457	6502
LC148305	6326	6313	5720	6355	6259	6319	6452	6119	6347	6350	6399	6395	7003	6121	6457	0	6357
EU370956	6393	6994	5843	6259	6267	6316	6425	6241	6453	6356	6451	6379	6403	6564	6502	6357	0
