DQ904547	0	6755	6557	6559	6680	6535	6415	6689	6741	6503
AB249949	6755	0	6808	6941	7097	6906	6664	6819	6961	6691
JX484798	6557	6808	0	7037	6769	7037	6525	6620	6790	6923
AF074412	6559	6941	7037	0	6895	7425	6842	6598	6841	6878
AB249948	6680	7097	6769	6895	0	6876	6628	6870	6962	6652
AF074415	6535	6906	7037	7425	6876	0	6808	6602	6833	6888
DQ208700	6415	6664	6525	6842	6628	6808	0	6464	6493	6529
DQ904546	6689	6819	6620	6598	6870	6602	6464	0	6849	6548
DQ994689	6741	6961	6790	6841	6962	6833	6493	6849	0	6695
KC111778	6503	6691	6923	6878	6652	6888	6529	6548	6695	0
