AF191734	0	6895	6888	6760	6700	6785	6881	6885	6768	6940	6767	6673	6829	6820	6894	6784	6937	6913	6856	6755	6863	6883	6798	6525	6581	6891	6723	6887	6884	6899
X89947	6895	0	7113	6811	6729	6989	7148	7103	6997	7149	6959	6873	6892	6873	7103	7018	7134	6996	7086	6944	7138	7229	7036	6564	6712	7151	6795	7095	7084	7239
KF146932	6888	7113	0	6765	6699	7035	7466	7428	6932	7134	6987	6842	7023	6906	7437	7236	7171	7032	7033	6920	7450	7093	7097	6549	6699	7476	6831	7084	7400	7197
U48992	6760	6811	6765	0	6739	6845	6779	6752	6866	6836	6785	6801	6722	6683	6753	6813	6841	6805	6847	6824	6772	6808	6784	6590	6676	6782	6618	6774	6749	6817
U48997	6700	6729	6699	6739	0	6798	6710	6689	6748	6768	6799	6676	6653	6619	6698	6856	6795	6732	6802	6704	6709	6733	6724	6473	6644	6718	6567	6732	6670	6736
JX082289	6785	6989	7035	6845	6798	0	7050	7025	7014	7016	7094	6937	6806	6747	7032	7116	7096	6846	7074	6982	7033	6986	7011	6620	6748	7063	6645	6954	7020	7047
KM000840	6881	7148	7466	6779	6710	7050	0	7420	6952	7134	6984	6865	6998	6892	7428	7252	7189	7015	7066	6915	7511	7127	7092	6535	6706	7476	6814	7137	7391	7231
KF982694	6885	7103	7428	6752	6689	7025	7420	0	6906	7080	6970	6841	6978	6862	7544	7206	7134	6968	7011	6894	7466	7109	7087	6514	6660	7431	6767	7082	7496	7186
X89946	6768	6997	6932	6866	6748	7014	6952	6906	0	7021	6931	6932	6792	6718	6921	6986	7014	6813	7036	7107	6941	6993	7085	6745	6734	6967	6630	6954	6909	6996
X89935	6940	7149	7134	6836	6768	7016	7134	7080	7021	0	6978	6898	6979	6892	7089	7038	7212	7015	7109	6977	7101	7128	7021	6597	6720	7179	6814	7143	7070	7146
KT581983	6767	6959	6987	6785	6799	7094	6984	6970	6931	6978	0	6885	6724	6746	6977	7099	7050	6840	6986	6919	6967	6955	6969	6559	6743	7007	6639	6915	6941	6991
KU593506	6673	6873	6842	6801	6676	6937	6865	6841	6932	6898	6885	0	6678	6628	6848	6926	6911	6735	6883	6930	6848	6861	6911	6662	6634	6884	6552	6839	6811	6896
AB594818	6829	6892	7023	6722	6653	6806	6998	6978	6792	6979	6724	6678	0	6780	6987	6886	6946	6905	6859	6762	6981	6871	6849	6572	6703	7027	6699	6927	6966	6957
AF191735	6820	6873	6906	6683	6619	6747	6892	6862	6718	6892	6746	6628	6780	0	6862	6730	6888	6932	6808	6714	6885	6862	6796	6475	6537	6900	6758	6851	6824	6870
KF956806	6894	7103	7437	6753	6698	7032	7428	7544	6921	7089	6977	6848	6987	6862	0	7206	7143	6977	7003	6909	7474	7102	7094	6529	6660	7433	6776	7090	7497	7186
KP974644	6784	7018	7236	6813	6856	7116	7252	7206	6986	7038	7099	6926	6886	6730	7206	0	7100	6842	7064	6951	7225	7005	7062	6571	6916	7247	6668	6993	7171	7111
AB537172	6937	7134	7171	6841	6795	7096	7189	7134	7014	7212	7050	6911	6946	6888	7143	7100	0	6996	7094	6966	7164	7121	7055	6586	6712	7224	6795	7128	7125	7163
U48999	6913	6996	7032	6805	6732	6846	7015	6968	6813	7015	6840	6735	6905	6932	6977	6842	6996	0	6904	6821	6998	6975	6884	6587	6651	7017	6884	6972	6940	6993
X89938	6856	7086	7033	6847	6802	7074	7066	7011	7036	7109	6986	6883	6859	6808	7003	7064	7094	6904	0	6967	7045	7074	7011	6587	6746	7043	6703	7073	7000	7076
X89945	6755	6944	6920	6824	6704	6982	6915	6894	7107	6977	6919	6930	6762	6714	6909	6951	6966	6821	6967	0	6920	6940	7076	6788	6699	6923	6638	6933	6881	6943
KC513503	6863	7138	7450	6772	6709	7033	7511	7466	6941	7101	6967	6848	6981	6885	7474	7225	7164	6998	7045	6920	0	7126	7112	6540	6679	7443	6797	7171	7436	7221
X89934	6883	7229	7093	6808	6733	6986	7127	7109	6993	7128	6955	6861	6871	6862	7102	7005	7121	6975	7074	6940	7126	0	7032	6560	6699	7139	6774	7074	7088	7218
HQ157194	6798	7036	7097	6784	6724	7011	7092	7087	7085	7021	6969	6911	6849	6796	7094	7062	7055	6884	7011	7076	7112	7032	0	6696	6706	7101	6701	6993	7083	7095
JX977118	6525	6564	6549	6590	6473	6620	6535	6514	6745	6597	6559	6662	6572	6475	6529	6571	6586	6587	6587	6788	6540	6560	6696	0	6509	6543	6399	6553	6501	6563
JQ922513	6581	6712	6699	6676	6644	6748	6706	6660	6734	6720	6743	6634	6703	6537	6660	6916	6712	6651	6746	6699	6679	6699	6706	6509	0	6701	6472	6675	6625	6755
KM000836	6891	7151	7476	6782	6718	7063	7476	7431	6967	7179	7007	6884	7027	6900	7433	7247	7224	7017	7043	6923	7443	7139	7101	6543	6701	0	6816	7077	7422	7233
AF191733	6723	6795	6831	6618	6567	6645	6814	6767	6630	6814	6639	6552	6699	6758	6776	6668	6795	6884	6703	6638	6797	6774	6701	6399	6472	6816	0	6771	6739	6792
X89944	6887	7095	7084	6774	6732	6954	7137	7082	6954	7143	6915	6839	6927	6851	7090	6993	7128	6972	7073	6933	7171	7074	6993	6553	6675	7077	6771	0	7035	7093
KF887910	6884	7084	7400	6749	6670	7020	7391	7496	6909	7070	6941	6811	6966	6824	7497	7171	7125	6940	7000	6881	7436	7088	7083	6501	6625	7422	6739	7035	0	7167
AY996844	6899	7239	7197	6817	6736	7047	7231	7186	6996	7146	6991	6896	6957	6870	7186	7111	7163	6993	7076	6943	7221	7218	7095	6563	6755	7233	6792	7093	7167	0
