AY188353	0	6612	6943	6962	6874	6506	6529	7009	6802	6610	6657	6972	6402	6371	6911	6519	7218	6882	6349	6846	6790	7643	6519	7009	7206	6421	6809	6401	6874	6751	7035	6052	6734	6858	6657	6957	6395	6959	6709	6582	6804	6896	7085	7070	7013	6755	6331	6839	6584	6484	7017	7040	6923	6979	6831	6015	7167	7192	6833	6793	6934	7306	7129	7056	7045	7000	6497	6789	6875	7057	6898	6834	6490	6840	6822	6918	7013	7024	6911	7080	7196	6598	6853	7051	7077	6764	6889	6853	6981	7679	6231	6489	6763	6537	6666	7032	6557	7009	7033	6930	7340	7036	7037	7074	7053	6810	6898
HG793791	6612	0	6350	6599	6670	6347	6521	6699	6561	6656	6535	6435	6515	6213	6514	6507	6665	6514	6217	6619	6566	6587	6523	6606	6700	6518	6404	6478	6522	6576	6434	5946	6620	6679	6662	6663	6370	6522	6369	6525	6536	6589	6663	6514	6638	6600	6263	6564	6550	6342	6642	6670	6459	6353	6332	6093	6637	6641	6431	6403	6644	6659	6543	6622	6610	6395	6366	6494	6507	6530	6613	6537	6472	6606	6502	6537	6796	6592	6611	6610	6613	6477	6492	6525	6541	6221	6521	6531	6684	6611	6309	6424	6470	6365	6369	6337	6513	6759	6422	6543	6687	6658	6586	6619	6427	6363	6653
AB668377	6943	6350	0	6816	6666	6582	6558	6991	6655	6417	6580	7268	6328	6279	6852	6592	6949	6835	5951	6588	6556	6949	6348	6925	6988	6383	6604	6507	6681	6635	7017	6045	6694	6536	6584	6609	6245	6771	6584	6500	6753	6605	6812	7075	6803	6517	6462	6636	6407	6371	6821	6939	6845	7167	6926	5987	7010	6994	6858	6813	6722	7080	7026	7048	7010	6990	6508	6784	6768	7189	6525	6623	6377	6632	6682	6806	6799	6806	6644	6814	6944	6592	6775	7107	6988	6933	6906	6882	6847	6977	6217	6732	6793	6702	6661	7028	6331	6769	7041	6876	7055	6998	6824	6804	7001	6597	6679
LC002970	6962	6599	6816	0	6775	6534	6511	6965	6826	6665	6716	6898	6458	6204	6835	6527	7082	6887	6269	6955	6637	6944	6525	6906	7014	6526	6672	6456	6779	6926	6842	5975	6823	6827	6744	6869	6336	6953	6630	6613	6716	6853	7029	6881	6894	6621	6334	6899	6687	6346	6921	6953	6748	6782	6664	6086	7042	6951	6842	6800	6864	7005	6941	7021	6931	6845	6486	6885	6779	6896	6770	6764	6476	6879	6671	6881	7043	6976	6810	6998	7026	6561	6769	6807	6946	6586	6891	6737	7085	6969	6298	6493	6671	6540	6548	6843	6499	6994	6814	6818	7047	6951	6980	6967	6801	6677	6834
AF003928	6874	6670	6666	6775	0	6537	6453	6786	6787	6745	6633	6701	6509	6325	6760	6594	6983	6704	6396	6961	6852	6872	6583	6704	6864	6657	6577	6541	6553	6767	6703	6049	6869	6943	6795	6972	6346	6684	6363	6626	6792	6969	6937	6669	6796	6766	6350	6880	6656	6468	6879	6970	6693	6581	6494	6153	6929	6847	6591	6671	6769	6789	6759	6958	6843	6674	6489	6644	6737	6693	6903	6699	6512	6996	6717	6783	6985	7061	7115	7058	7078	6552	6463	6684	6809	6551	6685	6779	6799	6881	6368	6506	6659	6596	6477	6661	6556	6866	6706	6660	6811	6767	6728	7010	6688	6451	6737
AB679299	6506	6347	6582	6534	6537	0	6402	6518	6434	6388	6372	6601	6249	6140	6460	6404	6477	6450	6030	6494	6443	6510	6323	6469	6462	6307	6322	6411	6361	6575	6688	5865	6482	6451	6490	6460	6046	6510	6296	6378	6487	6480	6482	6564	6547	6405	6504	6539	6418	6181	6468	6650	6378	6624	6531	5940	6567	6553	6414	6608	6547	6477	6561	6514	6471	6620	6357	6497	6433	6633	6523	6499	6368	6513	6420	6438	6466	6501	6479	6505	6485	6515	6417	6634	6484	6447	6411	6487	6423	6511	6147	6654	6584	6574	6364	6931	6277	6451	6635	6517	6486	6513	6528	6588	6512	6271	6526
FN813250	6529	6521	6558	6511	6453	6402	0	6765	6542	6404	6485	6609	6454	6315	6485	6653	6572	6577	5974	6472	6396	6499	6391	6736	6693	6367	6363	6525	6534	6597	6589	5976	6545	6520	6529	6527	6421	6624	6544	6603	6539	6451	6521	6631	6592	6466	6400	6526	6540	6316	6589	6626	6384	6427	6383	6112	6602	6589	6450	6589	6596	6628	6580	6547	6655	6494	6405	6483	6540	6658	6454	6598	6418	6474	6433	6478	6551	6475	6464	6490	6478	6516	6596	6666	6573	6293	6457	6737	6642	6527	6299	6474	6571	6489	6460	6498	6472	6513	6547	6685	6642	6755	6572	6565	6473	6417	6608
KF999654	7009	6699	6991	6965	6786	6518	6765	0	6835	6606	6721	7043	6472	6426	6829	6714	7049	6968	6114	6789	6679	6989	6507	7263	7123	6430	6666	6561	6804	6753	7029	6039	6759	6748	6736	6814	6446	6904	6795	6688	6757	6800	6934	7061	6934	6668	6396	6789	6540	6398	6988	7011	6779	6911	6758	6070	6998	6982	6848	6902	6847	7110	6973	6997	7232	6992	6444	6887	6838	7098	6648	6794	6433	6741	6697	6920	6996	6884	6762	6934	6970	6711	6887	7055	7009	6751	6858	7002	7062	7015	6453	6587	6714	6608	6565	6875	6466	6925	7031	6951	7127	7346	6951	6950	6954	6710	6815
AY584477	6802	6561	6655	6826	6787	6434	6542	6835	0	6503	6917	6674	6526	6234	6991	6668	6801	6987	6148	6886	6648	6775	6811	6764	6882	6487	6620	6484	6685	6759	6686	6024	6782	6759	6755	6809	6352	6942	6494	6608	6988	6851	6849	6645	6900	6641	6316	6764	6624	6513	6811	6768	6915	6650	6481	6162	6797	6867	6919	6776	6909	6906	6701	6833	6881	6686	6576	6798	6929	6665	6668	7111	6397	6827	6947	7039	6899	6800	6773	6850	6842	6480	6594	6663	7131	6530	6897	6873	6892	6802	6268	6474	6804	6471	6610	6587	6486	6838	6680	6736	6963	6863	7056	6782	6631	6561	6826
GQ456229	6610	6656	6417	6665	6745	6388	6404	6606	6503	0	6513	6575	6502	6136	6481	6486	6660	6472	6233	6595	6732	6614	6476	6497	6567	6490	6377	6474	6522	6600	6489	6006	6592	6657	6597	6651	6271	6555	6278	6570	6487	6612	6589	6526	6637	6559	6332	6604	6633	6331	6621	6656	6466	6393	6306	6125	6643	6625	6437	6500	6645	6595	6491	6594	6510	6545	6406	6485	6488	6500	6642	6478	6439	6602	6413	6499	6654	6596	6660	6618	6635	6467	6377	6435	6486	6279	6457	6427	6550	6623	6277	6466	6524	6494	6377	6457	6535	6574	6491	6452	6574	6547	6523	6721	6503	6432	6629
DQ303209	6657	6535	6580	6716	6633	6372	6485	6721	6917	6513	0	6627	6457	6096	6872	6602	6688	6935	6098	6742	6500	6646	6823	6661	6812	6408	6537	6499	6621	6652	6605	6035	6671	6676	6622	6688	6384	6900	6432	6551	6868	6705	6762	6577	6748	6497	6327	6732	6598	6462	6700	6677	6851	6620	6457	6076	6685	6744	6922	6684	6760	6765	6575	6691	6701	6574	6631	6705	6862	6600	6566	6901	6352	6712	6848	7011	6768	6693	6644	6734	6721	6394	6550	6619	6978	6490	6917	6734	6731	6664	6299	6432	6817	6436	6676	6501	6487	6725	6541	6606	6800	6718	7029	6680	6572	6535	6757
AB501126	6972	6435	7268	6898	6701	6601	6609	7043	6674	6575	6627	0	6403	6275	6842	6593	6972	6896	6013	6641	6737	6964	6425	6969	6989	6404	6685	6480	6785	6767	7107	6090	6722	6552	6666	6614	6274	6881	6568	6547	6787	6636	6850	7118	6917	6580	6645	6691	6466	6422	6944	6971	6831	7147	6942	6063	7113	7119	6878	6910	6825	7069	7142	7076	6944	7147	6549	6764	6830	7142	6583	6657	6486	6656	6695	6838	6848	6842	6662	6853	6959	6619	6812	7223	7007	6974	6915	6821	6854	7001	6299	6770	6822	7106	6659	7183	6418	6798	7065	6912	7113	7012	6886	6884	7174	6752	6792
AM941160	6402	6515	6328	6458	6509	6249	6454	6472	6526	6502	6457	6403	0	6019	6473	6567	6463	6516	6058	6472	6449	6390	6493	6430	6601	6457	6222	6516	6508	6393	6363	5895	6462	6447	6740	6445	6362	6491	6370	6518	6512	6451	6427	6347	6521	6482	6301	6437	6475	6423	6448	6472	6377	6359	6198	6158	6450	6473	6408	6371	6510	6469	6342	6464	6434	6350	6377	6358	6457	6351	6466	6514	6384	6458	6447	6476	6473	6444	6463	6475	6449	6326	6298	6314	6468	6182	6422	6414	6474	6409	6264	6346	6398	6359	6356	6268	6549	6475	6329	6356	6480	6474	6473	6450	6309	6384	6477
Y17358	6371	6213	6279	6204	6325	6140	6315	6426	6234	6136	6096	6275	6019	0	6176	6213	6290	6216	6117	6243	6407	6354	6024	6370	6386	6121	6095	6253	6093	6279	6312	6131	6292	6261	6277	6288	5930	6322	5997	6274	6197	6238	6251	6360	6293	6368	6081	6292	6239	6156	6391	6334	6206	6159	6054	5919	6414	6319	6074	6286	6273	6353	6363	6334	6506	6306	6013	6190	6224	6372	6257	6289	6177	6220	6216	6230	6283	6218	6260	6239	6237	6371	6194	6391	6249	5984	6157	6507	6380	6378	6055	6302	6243	6328	6058	6172	6062	6268	6362	6317	6367	6596	6298	6366	6192	5991	6260
AB002485	6911	6514	6852	6835	6760	6460	6485	6829	6991	6481	6872	6842	6473	6176	0	6580	6952	7067	6079	6859	6610	6898	6763	6789	6935	6426	6719	6504	6665	6662	6816	5979	6735	6761	6745	6797	6284	6991	6522	6538	7322	6841	7013	6828	6920	6639	6289	6716	6540	6641	6850	6855	7115	6776	6649	5992	6885	6941	7023	6758	6830	6999	6793	6919	6901	6816	6561	6754	7013	6817	6623	7030	6327	6830	7029	7078	6975	6975	6853	7002	7011	6466	6656	6795	7198	6687	6949	6850	6849	6925	6198	6452	6776	6492	6691	6777	6423	6916	6825	6839	6998	6834	7047	6913	6780	6548	6812
EF364097	6519	6507	6592	6527	6594	6404	6653	6714	6668	6486	6602	6593	6567	6213	6580	0	6555	6704	6073	6582	6543	6508	6597	6621	6645	6496	6442	6506	6636	6537	6586	6070	6611	6558	6619	6538	6351	6695	6560	6739	6657	6539	6541	6553	6687	6490	6428	6517	6487	6421	6617	6605	6539	6542	6426	6109	6595	6672	6534	6629	6693	6622	6548	6613	6720	6533	6448	6621	6603	6583	6526	6647	6480	6561	6581	6598	6529	6539	6569	6573	6557	6475	6512	6633	6641	6393	6616	6691	6634	6527	6314	6488	6627	6462	6535	6454	6517	6507	6559	6599	6655	6791	6653	6597	6415	6520	6662
AY188347	7218	6665	6949	7082	6983	6477	6572	7049	6801	6660	6688	6972	6463	6290	6952	6555	0	6954	6371	7007	6751	7189	6562	6994	7225	6530	6755	6407	6804	6813	7062	6014	6844	7061	6696	7102	6467	6916	6729	6584	6880	7048	7237	7030	6935	6826	6247	6910	6616	6459	7204	7170	6836	6894	6796	6048	7216	7134	6903	6760	6863	7185	7086	7166	7058	7006	6449	6816	6848	7043	6893	6841	6445	7036	6811	6903	7159	7214	7119	7286	7397	6570	6852	6997	7128	6782	6913	6875	7028	7225	6283	6434	6689	6482	6573	6976	6519	7075	7044	6969	7208	7063	6980	7219	7015	6697	6835
AB023574	6882	6514	6835	6887	6704	6450	6577	6968	6987	6472	6935	6896	6516	6216	7067	6704	6954	0	6101	6889	6646	6871	6735	6930	7045	6454	6719	6534	6851	6697	6884	6087	6769	6768	6741	6821	6362	7121	6684	6615	7023	6847	6998	6780	6975	6667	6339	6740	6553	6558	6858	6777	6929	6787	6658	6075	6941	7014	7089	6725	6930	7006	6875	6961	6978	6877	6558	6833	6950	6813	6646	7023	6424	6831	6961	7044	6895	6920	6775	6984	6999	6482	6717	6884	7193	6712	6974	6847	7011	6888	6258	6498	6766	6557	6662	6771	6489	6836	6854	6745	7066	6994	7084	6926	6824	6769	6880
AB008314	6349	6217	5951	6269	6396	6030	5974	6114	6148	6233	6098	6013	6058	6117	6079	6073	6371	6101	0	6419	6286	6337	6057	6118	6260	6138	6021	6038	6157	6185	6052	6014	6240	6412	6180	6398	5873	6183	5929	6131	6118	6425	6282	6112	6279	6292	5965	6349	6256	6096	6249	6322	6007	5988	5889	5780	6307	6265	5998	6057	6301	6205	6131	6242	6146	6041	5991	6094	6105	6083	6531	6163	6080	6452	6093	6114	6262	6435	6405	6462	6476	6087	5987	6046	6087	5832	6095	6048	6206	6364	5956	6038	6146	6052	6045	6020	6117	6197	6019	6050	6236	6137	6190	6355	6088	6054	6261
AY485602	6846	6619	6588	6955	6961	6494	6472	6789	6886	6595	6742	6641	6472	6243	6859	6582	7007	6889	6419	0	6683	6810	6622	6750	6930	6602	6632	6484	6641	6763	6738	6006	6899	7066	6719	7105	6400	6821	6515	6610	6871	7160	7102	6680	6846	6641	6313	6945	6667	6365	6918	6901	6712	6541	6434	6111	6899	6899	6737	6635	6861	6817	6734	6941	6861	6714	6463	6730	6726	6655	6915	6879	6447	7199	6850	6840	7032	7186	7107	7257	7168	6496	6582	6685	6892	6491	6744	6787	6974	6846	6320	6434	6675	6489	6505	6656	6537	6965	6712	6697	6870	6817	6834	7044	6600	6525	6833
AF201899	6790	6566	6556	6637	6852	6443	6396	6679	6648	6732	6500	6737	6449	6407	6610	6543	6751	6646	6286	6683	0	6778	6472	6590	6722	6476	6665	6489	6622	6649	6655	6165	6630	6698	6749	6719	6257	6708	6274	6566	6669	6728	6700	6597	6871	6804	6318	6670	6583	6462	6747	6732	6597	6511	6382	6173	6727	6928	6504	6582	6842	6748	6686	6694	6734	6659	6456	6483	6615	6594	6740	6629	6515	6707	6612	6648	6716	6743	6769	6764	6763	6586	6437	6606	6651	6411	6547	6672	6676	6796	6321	6530	6626	6692	6423	6514	6495	6630	6626	6602	6783	6738	6647	6775	6630	6541	6838
AY188354	7643	6587	6949	6944	6872	6510	6499	6989	6775	6614	6646	6964	6390	6354	6898	6508	7189	6871	6337	6810	6778	0	6526	6989	7186	6409	6791	6385	6853	6736	7035	6050	6713	6832	6647	6922	6375	6940	6697	6587	6783	6869	7055	7066	6991	6749	6337	6826	6573	6490	6989	7011	6913	6979	6835	5996	7137	7182	6809	6782	6913	7293	7119	7035	7028	6988	6484	6762	6863	7060	6877	6807	6480	6806	6803	6906	6992	7003	6899	7046	7167	6593	6841	7049	7049	6766	6862	6833	6960	7659	6219	6486	6744	6536	6647	7023	6545	6987	7023	6925	7312	7015	7009	7063	7065	6798	6877
HQ335006	6519	6523	6348	6525	6583	6323	6391	6507	6811	6476	6823	6425	6493	6024	6763	6597	6562	6735	6057	6622	6472	6526	0	6465	6585	6438	6345	6390	6533	6460	6451	5945	6494	6564	6585	6577	6268	6653	6379	6534	6757	6608	6604	6367	6593	6459	6262	6497	6521	6458	6521	6480	6666	6333	6219	6093	6481	6579	6698	6454	6606	6607	6411	6505	6530	6435	6505	6526	6632	6389	6510	6783	6381	6571	6762	6750	6571	6566	6594	6610	6575	6308	6325	6403	6871	6241	6696	6576	6558	6534	6265	6338	6553	6343	6475	6365	6505	6522	6425	6416	6641	6527	6783	6523	6347	6423	6574
KF999655	7009	6606	6925	6906	6704	6469	6736	7263	6764	6497	6661	6969	6430	6370	6789	6621	6994	6930	6118	6750	6590	6989	6465	0	7050	6405	6650	6517	6784	6750	6975	6025	6697	6696	6640	6760	6434	6916	6704	6595	6693	6716	6912	7072	6883	6633	6370	6785	6495	6408	6923	6938	6768	6824	6779	6070	6998	6956	6793	6831	6814	7066	6943	6934	7139	6949	6477	6839	6800	7083	6632	6780	6428	6712	6696	6792	6893	6835	6692	6868	6926	6752	6806	7087	6955	6758	6827	6941	7024	7015	6466	6539	6711	6622	6605	6831	6467	6891	6999	6852	7080	7162	6972	6912	6935	6677	6793
AF009477	7206	6700	6988	7014	6864	6462	6693	7123	6882	6567	6812	6989	6601	6386	6935	6645	7225	7045	6260	6930	6722	7186	6585	7050	0	6501	6806	6534	6894	6784	7005	6075	6806	6889	6932	6953	6694	7079	6793	6628	6878	6855	7166	7078	7030	6776	6292	6870	6644	6488	7096	7015	6898	6866	6852	6158	7170	7162	6901	6743	6956	7244	7129	7138	7085	6973	6502	6831	6873	7079	6815	6884	6491	6838	6857	6962	7157	7023	6881	7075	7198	6610	6902	7098	7152	6805	6961	6944	7176	7221	6294	6431	6697	6520	6613	6924	6648	7108	6994	6948	7327	7116	7041	7090	6975	6776	6898
JN787160	6421	6518	6383	6526	6657	6307	6367	6430	6487	6490	6408	6404	6457	6121	6426	6496	6530	6454	6138	6602	6476	6409	6438	6405	6501	0	6275	6442	6447	6466	6414	5887	6993	6575	6485	6550	6270	6412	6353	6481	6470	6537	6540	6423	6492	6447	6337	6475	6478	6279	6629	6656	6361	6297	6216	6121	6840	6485	6398	6351	6489	6512	6549	7004	6564	6420	6397	6502	6355	6401	6476	6402	6602	6604	6442	6384	6601	6571	6565	6569	6567	6379	6328	6389	6457	6204	6414	6485	6560	6427	6299	6374	6460	6408	6409	6371	6437	6520	6425	6374	6496	6496	6394	6578	6359	6349	6496
X94337	6809	6404	6604	6672	6577	6322	6363	6666	6620	6377	6537	6685	6222	6095	6719	6442	6755	6719	6021	6632	6665	6791	6345	6650	6806	6275	0	6299	6789	6516	6713	5907	6563	6574	6557	6612	6236	6798	6333	6458	6669	6604	6801	6642	7010	6494	6177	6574	6400	6269	6743	6785	6655	6557	6473	5894	6747	7081	6585	6531	6939	6885	6789	6726	6727	6660	6398	6563	6683	6674	6591	6644	6372	6594	6640	6682	6754	6712	6622	6751	6748	6397	6539	6768	6761	6458	6578	6704	6715	6817	6063	6350	6609	6411	6504	6607	6364	6709	6655	6636	6889	6739	6763	6793	6600	6675	7042
LN833583	6401	6478	6507	6456	6541	6411	6525	6561	6484	6474	6499	6480	6516	6253	6504	6506	6407	6534	6038	6484	6489	6385	6390	6517	6534	6442	6299	0	6441	6374	6438	6038	6530	6494	6605	6477	6240	6487	6326	6550	6522	6510	6507	6498	6549	6434	6417	6444	6498	6349	6451	6518	6442	6373	6237	6188	6475	6493	6460	6419	6538	6490	6422	6532	6585	6410	6292	6489	6383	6499	6457	6436	6378	6480	6485	6489	6469	6451	6478	6486	6488	6489	6429	6462	6501	6304	6468	6593	6553	6407	6301	6520	6442	6490	6326	6364	6434	6476	6443	6462	6484	6550	6444	6502	6331	6332	6554
AJ297215	6874	6522	6681	6779	6553	6361	6534	6804	6685	6522	6621	6785	6508	6093	6665	6636	6804	6851	6157	6641	6622	6853	6533	6784	6894	6447	6789	6441	0	6553	6734	5991	6597	6605	6580	6661	6464	6893	6699	6623	6609	6645	6815	6732	7159	6477	6361	6630	6506	6392	6715	6755	6617	6633	6547	6155	6799	7086	6742	6535	7124	6981	6829	6792	6823	6728	6625	6686	6664	6726	6641	6663	6513	6588	6581	6684	6702	6694	6573	6750	6812	6388	6682	6830	6850	6562	6763	6669	6838	6880	6269	6408	6678	6419	6698	6706	6625	6653	6703	6589	6980	6851	6828	6748	6691	7099	7000
AY769997	6751	6576	6635	6926	6767	6575	6597	6753	6759	6600	6652	6767	6393	6279	6662	6537	6813	6697	6185	6763	6649	6736	6460	6750	6784	6466	6516	6374	6553	0	6762	6061	6788	6704	6667	6786	6318	6841	6433	6569	6684	6724	6726	6698	6754	6599	6316	6820	6601	6312	6803	6869	6675	6632	6578	6126	6933	6755	6625	6823	6766	6767	6832	6821	6748	6697	6554	6658	6766	6736	6688	6761	6543	6785	6591	6737	6830	6772	6704	6758	6767	6600	6525	6672	6755	6464	6718	6708	6805	6757	6243	6528	6733	6588	6522	6707	6466	6786	6742	6673	6795	6793	6800	6903	6690	6450	6730
AY188350	7035	6434	7017	6842	6703	6688	6589	7029	6686	6489	6605	7107	6363	6312	6816	6586	7062	6884	6052	6738	6655	7035	6451	6975	7005	6414	6713	6438	6734	6762	0	6081	6706	6645	6617	6713	6261	6951	6773	6609	6784	6722	6888	7108	6852	6640	6387	6684	6482	6426	6894	6997	6784	7076	6961	6002	7079	7114	6868	6873	6772	7072	7063	7023	7007	7374	6446	6886	6883	7170	6572	6812	6462	6718	6755	6783	6887	6922	6737	6957	7013	6653	6843	7140	7056	6862	6768	6854	6823	7042	6279	6627	6726	6652	6577	7084	6431	6883	7580	6935	7090	7067	6888	6976	7073	6653	6796
AF124350	6052	5946	6045	5975	6049	5865	5976	6039	6024	6006	6035	6090	5895	6131	5979	6070	6014	6087	6014	6006	6165	6050	5945	6025	6075	5887	5907	6038	5991	6061	6081	0	6022	6016	6040	6024	5759	6146	5774	6200	6035	6013	6015	5972	6122	6103	5893	5995	6002	6052	6079	6045	6017	6022	5818	5637	6092	6102	5994	6069	6135	6099	6071	6024	6090	6023	5929	5930	6092	6016	6101	6122	5995	5999	6013	6047	5965	5982	6044	6019	6010	6034	5916	6079	6026	5811	5965	6100	5995	6059	5840	6023	6126	6193	5993	5922	6045	5908	6092	5980	6092	6096	6130	6138	5943	5918	6126
AY309095	6734	6620	6694	6823	6869	6482	6545	6759	6782	6592	6671	6722	6462	6292	6735	6611	6844	6769	6240	6899	6630	6713	6494	6697	6806	6993	6563	6530	6597	6788	6706	6022	0	6862	6660	6868	6414	6721	6496	6587	6764	6851	6837	6716	6786	6610	6392	6794	6553	6317	6959	6991	6668	6608	6492	6121	7179	6769	6683	6674	6787	6798	6879	7334	6886	6709	6516	6769	6665	6706	6697	6711	6611	6911	6680	6717	6898	6878	6822	6877	6874	6533	6614	6693	6752	6514	6712	6799	6856	6740	6308	6535	6773	6585	6568	6661	6487	6817	6723	6682	6808	6820	6711	6901	6666	6499	6778
JX861483	6858	6679	6536	6827	6943	6451	6520	6748	6759	6657	6676	6552	6447	6261	6761	6558	7061	6768	6412	7066	6698	6832	6564	6696	6889	6575	6574	6494	6605	6704	6645	6016	6862	0	6640	7209	6470	6699	6517	6609	6781	7068	7071	6648	6799	6707	6255	6879	6629	6301	6850	6844	6611	6478	6359	6080	6850	6765	6675	6580	6805	6779	6711	6864	6855	6624	6453	6621	6617	6656	6899	6751	6438	7085	6717	6750	6954	7038	7048	7107	7088	6513	6586	6624	6775	6388	6674	6757	6892	6868	6337	6408	6642	6447	6473	6567	6535	6851	6641	6670	6815	6786	6743	6967	6618	6496	6768
AM774228	6657	6662	6584	6744	6795	6490	6529	6736	6755	6597	6622	6666	6740	6277	6745	6619	6696	6741	6180	6719	6749	6647	6585	6640	6932	6485	6557	6605	6580	6667	6617	6040	6660	6640	0	6663	6382	6763	6388	6543	6789	6647	6737	6637	6834	6663	6314	6649	6589	6512	6733	6730	6677	6543	6481	6200	6710	6785	6579	6631	6793	6737	6652	6723	6678	6585	6445	6566	6700	6642	6689	6755	6458	6664	6728	6717	6829	6691	6707	6702	6708	6566	6447	6590	6777	6413	6658	6661	6748	6664	6216	6488	6567	6536	6416	6527	6578	6739	6586	6611	6763	6706	6699	6751	6518	6466	6741
AY485604	6957	6663	6609	6869	6972	6460	6527	6814	6809	6651	6688	6614	6445	6288	6797	6538	7102	6821	6398	7105	6719	6922	6577	6760	6953	6550	6612	6477	6661	6786	6713	6024	6868	7209	6663	0	6476	6759	6562	6601	6782	7131	7095	6695	6876	6758	6260	6946	6597	6350	6912	6896	6691	6566	6423	6098	6885	6828	6704	6623	6881	6866	6775	6901	6908	6709	6471	6668	6709	6728	6938	6826	6443	7123	6757	6811	6999	7110	7057	7148	7142	6518	6589	6679	6837	6455	6711	6801	6967	6958	6344	6413	6696	6467	6532	6647	6560	6932	6703	6697	6902	6838	6808	7027	6688	6552	6816
AB936273	6395	6370	6245	6336	6346	6046	6421	6446	6352	6271	6384	6274	6362	5930	6284	6351	6467	6362	5873	6400	6257	6375	6268	6434	6694	6270	6236	6240	6464	6318	6261	5759	6414	6470	6382	6476	0	6397	6316	6341	6335	6393	6456	6291	6460	6268	6045	6394	6261	6102	6506	6434	6253	6109	6053	5995	6398	6403	6237	6247	6466	6463	6348	6416	6447	6252	6269	6274	6278	6324	6358	6372	6221	6386	6307	6385	6443	6373	6384	6408	6410	6183	6238	6337	6345	6077	6316	6430	6461	6402	6128	6073	6308	6137	6274	6209	6487	6402	6248	6298	6452	6466	6399	6440	6208	6431	6465
AJ131965	6959	6522	6771	6953	6684	6510	6624	6904	6942	6555	6900	6881	6491	6322	6991	6695	6916	7121	6183	6821	6708	6940	6653	6916	7079	6412	6798	6487	6893	6841	6951	6146	6721	6699	6763	6759	6397	0	6647	6660	6948	6753	6942	6876	7039	6696	6351	6823	6659	6557	6866	6848	6893	6797	6725	6101	7004	7082	6949	6815	6979	7077	6884	6913	6939	6897	6604	6828	7025	6874	6683	7055	6428	6746	6863	6971	6887	6860	6690	6904	6903	6553	6796	6933	7151	6698	6917	6820	7000	6967	6292	6542	6829	6588	6715	6786	6623	6896	6884	6811	7118	6998	7159	6939	6821	6790	6958
Y07601	6709	6369	6584	6630	6363	6296	6544	6795	6494	6278	6432	6568	6370	5997	6522	6560	6729	6684	5929	6515	6274	6697	6379	6704	6793	6353	6333	6326	6699	6433	6773	5774	6496	6517	6388	6562	6316	6647	0	6411	6479	6499	6692	6665	6590	6352	6162	6387	6306	6183	6600	6574	6418	6560	6386	6058	6674	6642	6603	6452	6550	6689	6633	6697	6778	6707	6286	6608	6474	6682	6366	6534	6307	6465	6443	6488	6594	6571	6429	6618	6678	6323	6833	6614	6704	6370	6589	6582	6721	6716	6209	6266	6396	6172	6432	6596	6368	6568	6763	6808	6743	6819	6577	6606	6525	6623	6534
EF364098	6582	6525	6500	6613	6626	6378	6603	6688	6608	6570	6551	6547	6518	6274	6538	6739	6584	6615	6131	6610	6566	6587	6534	6595	6628	6481	6458	6550	6623	6569	6609	6200	6587	6609	6543	6601	6341	6660	6411	0	6573	6584	6568	6549	6668	6573	6426	6601	6609	6449	6600	6630	6467	6511	6325	6063	6633	6669	6527	6598	6680	6720	6557	6589	6675	6525	6486	6534	6599	6574	6616	6642	6516	6555	6528	6590	6604	6545	6610	6597	6580	6485	6478	6658	6562	6284	6477	6636	6625	6596	6262	6504	6615	6561	6527	6490	6605	6578	6608	6494	6704	6718	6615	6680	6482	6540	6670
DQ232540	6804	6536	6753	6716	6792	6487	6539	6757	6988	6487	6868	6787	6512	6197	7322	6657	6880	7023	6118	6871	6669	6783	6757	6693	6878	6470	6669	6522	6609	6684	6784	6035	6764	6781	6789	6782	6335	6948	6479	6573	0	6832	6938	6721	6864	6679	6307	6696	6581	6675	6817	6790	6987	6703	6563	6062	6829	6933	6955	6730	6824	6943	6735	6863	6828	6747	6565	6688	6996	6738	6642	7026	6364	6838	7086	7006	6912	6898	6879	6944	6939	6489	6599	6766	7114	6624	6849	6829	6768	6810	6246	6477	6794	6536	6643	6713	6474	6870	6768	6763	6948	6791	6956	6846	6719	6493	6811
AY485603	6896	6589	6605	6853	6969	6480	6451	6800	6851	6612	6705	6636	6451	6238	6841	6539	7048	6847	6425	7160	6728	6869	6608	6716	6855	6537	6604	6510	6645	6724	6722	6013	6851	7068	6647	7131	6393	6753	6499	6584	6832	0	7004	6691	6852	6674	6291	6960	6633	6381	6840	6862	6725	6564	6439	6110	6851	6842	6716	6680	6860	6815	6708	6893	6911	6726	6471	6739	6721	6671	6948	6841	6421	7160	6802	6838	6941	7147	7147	7202	7208	6509	6542	6630	6866	6480	6751	6781	6893	6905	6310	6423	6684	6486	6505	6630	6498	6846	6728	6672	6843	6802	6821	6990	6647	6542	6841
AF003933	7085	6663	6812	7029	6937	6482	6521	6934	6849	6589	6762	6850	6427	6251	7013	6541	7237	6998	6282	7102	6700	7055	6604	6912	7166	6540	6801	6507	6815	6726	6888	6015	6837	7071	6737	7095	6456	6942	6692	6568	6938	7004	0	6897	6981	6693	6285	6830	6617	6405	7085	7020	6872	6745	6681	6050	7060	7047	6879	6693	6927	7062	6975	7070	7021	6855	6470	6818	6838	6882	6932	6843	6440	7010	6854	6936	7212	7158	7044	7240	7233	6541	6768	6945	7067	6703	6896	6922	7101	7091	6327	6431	6671	6505	6580	6872	6523	7100	6893	6886	7118	6928	6984	7107	6796	6713	6903
AB827327	7070	6514	7075	6881	6669	6564	6631	7061	6645	6526	6577	7118	6347	6360	6828	6553	7030	6780	6112	6680	6597	7066	6367	7072	7078	6423	6642	6498	6732	6698	7108	5972	6716	6648	6637	6695	6291	6876	6665	6549	6721	6691	6897	0	6834	6587	6406	6771	6521	6432	6913	6999	6816	7061	7021	6010	7135	7050	6826	6840	6761	7174	7094	7070	6961	7142	6531	6773	6815	7479	6594	6692	6448	6634	6727	6772	6943	6817	6654	6857	7004	7079	6857	7201	6967	6835	6780	6840	6988	7090	6312	6589	6752	6631	6630	6973	6399	6894	7121	6927	7190	7027	6860	6948	7213	6627	6730
AF177729	7013	6638	6803	6894	6796	6547	6592	6934	6900	6637	6748	6917	6521	6293	6920	6687	6935	6975	6279	6846	6871	6991	6593	6883	7030	6492	7010	6549	7159	6754	6852	6122	6786	6799	6834	6876	6460	7039	6590	6668	6864	6852	6981	6834	0	6717	6420	6838	6610	6503	6946	6984	6850	6752	6669	6142	6924	7226	6813	6760	7325	7114	6935	6915	6952	6847	6622	6770	6893	6837	6871	6874	6535	6795	6822	6916	6918	6887	6815	6940	6943	6576	6758	6944	6993	6671	6831	6894	6968	7019	6256	6562	6840	6637	6725	6831	6622	6869	6826	6815	7114	6971	6964	6976	6839	6980	7180
AF201898	6755	6600	6517	6621	6766	6405	6466	6668	6641	6559	6497	6580	6482	6368	6639	6490	6826	6667	6292	6641	6804	6749	6459	6633	6776	6447	6494	6434	6477	6599	6640	6103	6610	6707	6663	6758	6268	6696	6352	6573	6679	6674	6693	6587	6717	0	6307	6703	6522	6539	6718	6717	6583	6489	6361	6084	6737	6743	6558	6542	6696	6757	6644	6684	6711	6638	6377	6399	6695	6611	6680	6701	6453	6675	6632	6691	6790	6709	6741	6738	6721	6585	6485	6607	6683	6343	6555	6669	6708	6766	6359	6453	6570	6572	6395	6475	6456	6735	6609	6617	6787	6747	6738	6728	6634	6381	6646
LT546457	6331	6263	6462	6334	6350	6504	6400	6396	6316	6332	6327	6645	6301	6081	6289	6428	6247	6339	5965	6313	6318	6337	6262	6370	6292	6337	6177	6417	6361	6316	6387	5893	6392	6255	6314	6260	6045	6351	6162	6426	6307	6291	6285	6406	6420	6307	0	6374	6402	6228	6354	6440	6228	6454	6317	5980	6402	6405	6272	6473	6420	6383	6442	6394	6332	6370	6449	6363	6311	6441	6372	6318	6424	6289	6276	6330	6262	6278	6270	6290	6258	6358	6296	6586	6311	6264	6323	6410	6306	6346	6185	6700	6568	6608	6431	6502	6228	6256	6380	6348	6383	6382	6393	6366	6432	6270	6394
LC012889	6839	6564	6636	6899	6880	6539	6526	6789	6764	6604	6732	6691	6437	6292	6716	6517	6910	6740	6349	6945	6670	6826	6497	6785	6870	6475	6574	6444	6630	6820	6684	5995	6794	6879	6649	6946	6394	6823	6387	6601	6696	6960	6830	6771	6838	6703	6374	0	6615	6395	6841	6906	6633	6629	6521	6022	6890	6817	6656	6781	6845	6782	6749	6834	6773	6694	6529	6650	6799	6763	6875	6843	6472	6929	6685	6787	6874	6923	6880	6968	6955	6589	6533	6709	6781	6481	6720	6750	6870	6853	6309	6503	6730	6576	6530	6642	6530	6827	6684	6623	6799	6797	6889	6929	6721	6509	6777
LN624399	6584	6550	6407	6687	6656	6418	6540	6540	6624	6633	6598	6466	6475	6239	6540	6487	6616	6553	6256	6667	6583	6573	6521	6495	6644	6478	6400	6498	6506	6601	6482	6002	6553	6629	6589	6597	6261	6659	6306	6609	6581	6633	6617	6521	6610	6522	6402	6615	0	6434	6568	6594	6444	6406	6324	6149	6649	6639	6524	6521	6624	6678	6545	6555	6516	6453	6489	6491	6621	6547	6621	6633	6506	6586	6495	6598	6631	6589	6618	6625	6624	6518	6415	6480	6586	6227	6521	6552	6569	6591	6276	6467	6578	6488	6468	6461	6520	6541	6476	6533	6732	6535	6644	6694	6430	6413	6643
AB002521	6484	6342	6371	6346	6468	6181	6316	6398	6513	6331	6462	6422	6423	6156	6641	6421	6459	6558	6096	6365	6462	6490	6458	6408	6488	6279	6269	6349	6392	6312	6426	6052	6317	6301	6512	6350	6102	6557	6183	6449	6675	6381	6405	6432	6503	6539	6228	6395	6434	0	6460	6423	6524	6396	6247	6049	6475	6534	6484	6389	6458	6588	6370	6408	6379	6417	6344	6285	6646	6453	6375	6621	6274	6341	6622	6562	6481	6411	6429	6462	6449	6359	6201	6370	6591	6237	6413	6381	6340	6499	6240	6308	6452	6377	6394	6321	6403	6441	6439	6334	6591	6394	6566	6468	6400	6315	6423
AF432856	7017	6642	6821	6921	6879	6468	6589	6988	6811	6621	6700	6944	6448	6391	6850	6617	7204	6858	6249	6918	6747	6989	6521	6923	7096	6629	6743	6451	6715	6803	6894	6079	6959	6850	6733	6912	6506	6866	6600	6600	6817	6840	7085	6913	6946	6718	6354	6841	6568	6460	0	7078	6825	6740	6677	6114	7194	6982	6672	6847	6869	6994	7043	7135	6953	6889	6456	6844	6845	6877	6836	6792	6548	6830	6801	6893	7097	6973	6890	7040	7023	6590	6770	6953	6919	6721	6760	6966	6910	7025	6286	6528	6756	6610	6591	6831	6545	7006	6907	6979	7007	6988	6867	7161	6829	6632	6843
JF414111	7040	6670	6939	6953	6970	6650	6626	7011	6768	6656	6677	6971	6472	6334	6855	6605	7170	6777	6322	6901	6732	7011	6480	6938	7015	6656	6785	6518	6755	6869	6997	6045	6991	6844	6730	6896	6434	6848	6574	6630	6790	6862	7020	6999	6984	6717	6440	6906	6594	6423	7078	0	6823	6924	6785	6062	7202	7052	6682	6891	6904	7082	7105	7178	6984	6888	6533	6832	6848	7030	6838	6737	6619	6939	6729	6848	7092	7071	6947	7087	7095	6671	6691	6962	6906	6766	6764	6890	6936	7047	6349	6605	6804	6648	6647	6953	6513	7069	6983	6895	7094	6994	6863	7149	6942	6636	6893
AF176103	6923	6459	6845	6748	6693	6378	6384	6779	6915	6466	6851	6831	6377	6206	7115	6539	6836	6929	6007	6712	6597	6913	6666	6768	6898	6361	6655	6442	6617	6675	6784	6017	6668	6611	6677	6691	6253	6893	6418	6467	6987	6725	6872	6816	6850	6583	6228	6633	6444	6524	6825	6823	0	6825	6616	6038	6855	6904	6931	6750	6760	6944	6818	6857	6905	6810	6564	6719	6924	6827	6554	6856	6343	6703	6958	7058	6873	6823	6708	6858	6888	6520	6613	6755	7083	6670	6894	6815	6773	6930	6156	6435	6789	6492	6707	6688	6368	6863	6777	6765	6973	6850	7033	6861	6777	6520	6750
AB469560	6979	6353	7167	6782	6581	6624	6427	6911	6650	6393	6620	7147	6359	6159	6776	6542	6894	6787	5988	6541	6511	6979	6333	6824	6866	6297	6557	6373	6633	6632	7076	6022	6608	6478	6543	6566	6109	6797	6560	6511	6703	6564	6745	7061	6752	6489	6454	6629	6406	6396	6740	6924	6825	0	7055	5888	6987	7000	6847	6882	6672	7036	7060	6965	6867	7077	6488	6729	6828	7176	6535	6669	6408	6580	6638	6814	6759	6758	6580	6775	6887	6585	6811	7071	6945	6926	6787	6727	6696	7011	6179	6590	6807	6625	6666	7007	6288	6765	7071	6893	7048	6917	6860	6760	7074	6565	6650
AY188351	6831	6332	6926	6664	6494	6531	6383	6758	6481	6306	6457	6942	6198	6054	6649	6426	6796	6658	5889	6434	6382	6835	6219	6779	6852	6216	6473	6237	6547	6578	6961	5818	6492	6359	6481	6423	6053	6725	6386	6325	6563	6439	6681	7021	6669	6361	6317	6521	6324	6247	6677	6785	6616	7055	0	5806	6877	6894	6640	6730	6580	6919	6943	6837	6676	6821	6369	6629	6645	7024	6448	6510	6314	6455	6498	6572	6703	6639	6465	6633	6761	6503	6621	7049	6789	6881	6743	6620	6654	6868	6079	6495	6598	6423	6465	6953	6214	6670	6954	6688	6947	6713	6717	6683	6962	6458	6561
AJ409287	6015	6093	5987	6086	6153	5940	6112	6070	6162	6125	6076	6063	6158	5919	5992	6109	6048	6075	5780	6111	6173	5996	6093	6070	6158	6121	5894	6188	6155	6126	6002	5637	6121	6080	6200	6098	5995	6101	6058	6063	6062	6110	6050	6010	6142	6084	5980	6022	6149	6049	6114	6062	6038	5888	5806	0	6116	6103	5997	6030	6148	6068	6053	6123	6148	6044	6036	6094	5985	6044	6034	6034	6094	6086	6028	6051	6171	6081	6092	6103	6083	6047	5991	5984	6175	5857	6055	6169	6162	6022	6079	6005	6039	6015	6009	5954	6148	6120	5981	6072	6068	6150	6055	6088	5915	6129	6121
AF104671	7167	6637	7010	7042	6929	6567	6602	6998	6797	6643	6685	7113	6450	6414	6885	6595	7216	6941	6307	6899	6727	7137	6481	6998	7170	6840	6747	6475	6799	6933	7079	6092	7179	6850	6710	6885	6398	7004	6674	6633	6829	6851	7060	7135	6924	6737	6402	6890	6649	6475	7194	7202	6855	6987	6877	6116	0	7115	6892	6874	6848	7184	7405	7610	7045	7081	6558	6899	6923	7108	6781	6828	6691	6939	6753	6876	7083	7087	6894	7080	7201	6656	6865	7069	7041	6806	6901	6849	6979	7194	6276	6554	6828	6686	6673	6996	6538	7001	7107	6901	7187	7063	7000	7204	7090	6719	6834
Z94012	7192	6641	6994	6951	6847	6553	6589	6982	6867	6625	6744	7119	6473	6319	6941	6672	7134	7014	6265	6899	6928	7182	6579	6956	7162	6485	7081	6493	7086	6755	7114	6102	6769	6765	6785	6828	6403	7082	6642	6669	6933	6842	7047	7050	7226	6743	6405	6817	6639	6534	6982	7052	6904	7000	6894	6103	7115	0	6931	6782	7164	7300	7184	7100	7039	7009	6608	6835	6930	7089	6829	6879	6584	6851	6859	6919	7003	7012	6873	7070	7166	6615	6854	7188	7142	6847	6932	6906	6979	7212	6292	6603	6846	6657	6732	7003	6581	6982	7050	6901	7344	7065	7046	7002	7040	6962	7211
AJ606046	6833	6431	6858	6842	6591	6414	6450	6848	6919	6437	6922	6878	6408	6074	7023	6534	6903	7089	5998	6737	6504	6809	6698	6793	6901	6398	6585	6460	6742	6625	6868	5994	6683	6675	6579	6704	6237	6949	6603	6527	6955	6716	6879	6826	6813	6558	6272	6656	6524	6484	6672	6682	6931	6847	6640	5997	6892	6931	0	6669	6760	6972	6806	6910	6859	6892	6589	6785	6945	6853	6477	6938	6317	6722	6888	7033	6821	6804	6633	6827	6946	6443	6723	6816	7168	6713	7111	6716	6846	6834	6220	6450	6820	6496	6718	6751	6354	6763	6854	6648	7010	6881	7052	6767	6839	6653	6756
AY058218	6793	6403	6813	6800	6671	6608	6589	6902	6776	6500	6684	6910	6371	6286	6758	6629	6760	6725	6057	6635	6582	6782	6454	6831	6743	6351	6531	6419	6535	6823	6873	6069	6674	6580	6631	6623	6247	6815	6452	6598	6730	6680	6693	6840	6760	6542	6473	6781	6521	6389	6847	6891	6750	6882	6730	6030	6874	6782	6669	0	6716	6776	6807	6777	6813	6866	6514	6769	6832	6860	6610	6785	6439	6658	6615	6888	6741	6717	6653	6757	6724	6618	6597	6801	6864	6619	6735	6855	6676	6800	6238	6681	6798	6649	6625	6783	6385	6730	6866	6770	6799	6839	6848	6823	6830	6462	6713
AF429763	6934	6644	6722	6864	6769	6547	6596	6847	6909	6645	6760	6825	6510	6273	6830	6693	6863	6930	6301	6861	6842	6913	6606	6814	6956	6489	6939	6538	7124	6766	6772	6135	6787	6805	6793	6881	6466	6979	6550	6680	6824	6860	6927	6761	7325	6696	6420	6845	6624	6458	6869	6904	6760	6672	6580	6148	6848	7164	6760	6716	0	7034	6866	6839	6868	6763	6632	6726	6825	6762	6861	6881	6538	6804	6775	6848	6852	6816	6789	6876	6872	6573	6704	6864	6919	6597	6786	6849	6933	6940	6262	6568	6846	6615	6691	6739	6627	6803	6735	6734	7042	6890	6921	6897	6742	6936	7176
AB828326	7306	6659	7080	7005	6789	6477	6628	7110	6906	6595	6765	7069	6469	6353	6999	6622	7185	7006	6205	6817	6748	7293	6607	7066	7244	6512	6885	6490	6981	6767	7072	6099	6798	6779	6737	6866	6463	7077	6689	6720	6943	6815	7062	7174	7114	6757	6383	6782	6678	6588	6994	7082	6944	7036	6919	6068	7184	7300	6972	6776	7034	0	7202	7152	7093	7041	6598	6839	6993	7209	6762	6886	6531	6756	6929	7012	7032	6947	6817	7003	7141	6696	6941	7245	7215	6813	6974	6976	7070	7341	6309	6583	6824	6545	6752	6991	6590	7039	7036	6980	7582	7140	7081	7007	7109	6862	6979
AF104678	7129	6543	7026	6941	6759	6561	6580	6973	6701	6491	6575	7142	6342	6363	6793	6548	7086	6875	6131	6734	6686	7119	6411	6943	7129	6549	6789	6422	6829	6832	7063	6071	6879	6711	6652	6775	6348	6884	6633	6557	6735	6708	6975	7094	6935	6644	6442	6749	6545	6370	7043	7105	6818	7060	6943	6053	7405	7184	6806	6807	6866	7202	0	7295	7032	7013	6565	6811	6802	7123	6718	6684	6934	6739	6699	6773	7003	6921	6730	6932	7039	6648	6856	7171	7009	6794	6840	6863	6925	7158	6241	6565	6807	6637	6640	7017	6418	6920	7065	6915	7248	7044	6856	7060	7006	6763	6893
AF104676	7056	6622	7048	7021	6958	6514	6547	6997	6833	6594	6691	7076	6464	6334	6919	6613	7166	6961	6242	6941	6694	7035	6505	6934	7138	7004	6726	6532	6792	6821	7023	6024	7334	6864	6723	6901	6416	6913	6697	6589	6863	6893	7070	7070	6915	6684	6394	6834	6555	6408	7135	7178	6857	6965	6837	6123	7610	7100	6910	6777	6839	7152	7295	0	7124	7026	6518	6940	6834	7063	6735	6752	6613	6953	6788	6871	7102	7108	6921	7100	7206	6575	6840	7047	7073	6846	6942	6905	7047	7083	6310	6537	6790	6627	6650	6983	6489	7021	7045	6877	7155	7057	6903	7088	7020	6704	6825
KF999657	7045	6610	7010	6931	6843	6471	6655	7232	6881	6510	6701	6944	6434	6506	6901	6720	7058	6978	6146	6861	6734	7028	6530	7139	7085	6564	6727	6585	6823	6748	7007	6090	6886	6855	6678	6908	6447	6939	6778	6675	6828	6911	7021	6961	6952	6711	6332	6773	6516	6379	6953	6984	6905	6867	6676	6148	7045	7039	6859	6813	6868	7093	7032	7124	0	6977	6486	6943	6793	7029	6691	6784	6488	6852	6763	6906	7008	6968	6840	7024	7071	6635	6880	6995	7077	6775	6939	7119	7157	7046	6399	6599	6760	6578	6638	6831	6450	6980	7006	6899	7127	7338	6954	6940	6881	6731	6885
AY188349	7000	6395	6990	6845	6674	6620	6494	6992	6686	6545	6574	7147	6350	6306	6816	6533	7006	6877	6041	6714	6659	6988	6435	6949	6973	6420	6660	6410	6728	6697	7374	6023	6709	6624	6585	6709	6252	6897	6707	6525	6747	6726	6855	7142	6847	6638	6370	6694	6453	6417	6889	6888	6810	7077	6821	6044	7081	7009	6892	6866	6763	7041	7013	7026	6977	0	6475	6825	6836	7165	6531	6771	6442	6679	6749	6782	6818	6875	6706	6896	6998	6695	6814	7012	7025	6816	6781	6805	6834	7013	6261	6589	6739	6670	6598	7052	6404	6824	7346	6854	7045	7035	6881	6954	7101	6663	6748
AJ605748	6497	6366	6508	6486	6489	6357	6405	6444	6576	6406	6631	6549	6377	6013	6561	6448	6449	6558	5991	6463	6456	6484	6505	6477	6502	6397	6398	6292	6625	6554	6446	5929	6516	6453	6445	6471	6269	6604	6286	6486	6565	6471	6470	6531	6622	6377	6449	6529	6489	6344	6456	6533	6564	6488	6369	6036	6558	6608	6589	6514	6632	6598	6565	6518	6486	6475	0	6463	6598	6557	6466	6569	6495	6490	6518	6617	6514	6466	6455	6465	6468	6403	6373	6528	6581	6309	6598	6516	6487	6510	6231	6477	6871	6424	6793	6448	6435	6458	6455	6387	6612	6484	6654	6501	6454	6546	6626
AJ634751	6789	6494	6784	6885	6644	6497	6483	6887	6798	6485	6705	6764	6358	6190	6754	6621	6816	6833	6094	6730	6483	6762	6526	6839	6831	6502	6563	6489	6686	6658	6886	5930	6769	6621	6566	6668	6274	6828	6608	6534	6688	6739	6818	6773	6770	6399	6363	6650	6491	6285	6844	6832	6719	6729	6629	6094	6899	6835	6785	6769	6726	6839	6811	6940	6943	6825	6463	0	6665	6778	6572	6660	6399	6736	6698	6763	6835	6835	6676	6853	6903	6441	6805	6849	6887	6677	6861	6743	6828	6797	6250	6589	6708	6400	6577	6756	6394	6851	6890	6781	6821	6865	6842	6808	6632	6583	6755
AB002483	6875	6507	6768	6779	6737	6433	6540	6838	6929	6488	6862	6830	6457	6224	7013	6603	6848	6950	6105	6726	6615	6863	6632	6800	6873	6355	6683	6383	6664	6766	6883	6092	6665	6617	6700	6709	6278	7025	6474	6599	6996	6721	6838	6815	6893	6695	6311	6799	6621	6646	6845	6848	6924	6828	6645	5985	6923	6930	6945	6832	6825	6993	6802	6834	6793	6836	6598	6665	0	6878	6637	7056	6386	6706	6880	7096	6895	6834	6715	6856	6833	6561	6598	6833	7044	6625	6821	6773	6767	6881	6236	6475	6829	6572	6749	6704	6488	6863	6862	6774	7002	6856	7080	6883	6777	6576	6801
AB182324	7057	6530	7189	6896	6693	6633	6658	7098	6665	6500	6600	7142	6351	6372	6817	6583	7043	6813	6083	6655	6594	7060	6389	7083	7079	6401	6674	6499	6726	6736	7170	6016	6706	6656	6642	6728	6324	6874	6682	6574	6738	6671	6882	7479	6837	6611	6441	6763	6547	6453	6877	7030	6827	7176	7024	6044	7108	7089	6853	6860	6762	7209	7123	7063	7029	7165	6557	6778	6878	0	6603	6700	6435	6644	6698	6825	6954	6826	6688	6870	6996	7014	6844	7196	6976	6863	6809	6897	6915	7087	6324	6661	6850	6626	6709	7021	6423	6888	7158	6962	7217	7099	6900	6926	7178	6632	6765
GU045364	6898	6613	6525	6770	6903	6523	6454	6648	6668	6642	6566	6583	6466	6257	6623	6526	6893	6646	6531	6915	6740	6877	6510	6632	6815	6476	6591	6457	6641	6688	6572	6101	6697	6899	6689	6938	6358	6683	6366	6616	6642	6948	6932	6594	6871	6680	6372	6875	6621	6375	6836	6838	6554	6535	6448	6034	6781	6829	6477	6610	6861	6762	6718	6735	6691	6531	6466	6572	6637	6603	0	6692	6533	6896	6642	6679	6766	6899	6955	6964	6942	6526	6504	6647	6647	6372	6607	6643	6719	6904	6194	6523	6655	6546	6475	6621	6593	6690	6577	6618	6782	6659	6731	6863	6577	6541	6805
DQ462421	6834	6537	6623	6764	6699	6499	6598	6794	7111	6478	6901	6657	6514	6289	7030	6647	6841	7023	6163	6879	6629	6807	6783	6780	6884	6402	6644	6436	6663	6761	6812	6122	6711	6751	6755	6826	6372	7055	6534	6642	7026	6841	6843	6692	6874	6701	6318	6843	6633	6621	6792	6737	6856	6669	6510	6034	6828	6879	6938	6785	6881	6886	6684	6752	6784	6771	6569	6660	7056	6700	6692	0	6393	6798	6914	6974	6808	6787	6769	6848	6833	6530	6579	6705	7128	6476	6827	6792	6780	6834	6237	6465	6787	6531	6617	6654	6574	6780	6794	6691	6939	6841	7141	6900	6619	6559	6831
JN787193	6490	6472	6377	6476	6512	6368	6418	6433	6397	6439	6352	6486	6384	6177	6327	6480	6445	6424	6080	6447	6515	6480	6381	6428	6491	6602	6372	6378	6513	6543	6462	5995	6611	6438	6458	6443	6221	6428	6307	6516	6364	6421	6440	6448	6535	6453	6424	6472	6506	6274	6548	6619	6343	6408	6314	6094	6691	6584	6317	6439	6538	6531	6934	6613	6488	6442	6495	6399	6386	6435	6533	6393	0	6434	6350	6346	6495	6423	6422	6434	6422	6473	6338	6487	6390	6152	6368	6464	6471	6498	6247	6443	6528	6481	6450	6384	6402	6421	6473	6399	6562	6494	6405	6583	6336	6446	6596
