AB192292	0	6207	6286	6682	6571	6394	6459	6397
FJ347757	6207	0	6448	6353	6366	6470	6900	6702
KJ631121	6286	6448	0	6402	6557	6739	6546	6514
JF834159	6682	6353	6402	0	6720	6506	6543	6438
FJ772030	6571	6366	6557	6720	0	6578	6429	6495
KX139009	6394	6470	6739	6506	6578	0	6572	6435
AM230484	6459	6900	6546	6543	6429	6572	0	6793
JF803808	6397	6702	6514	6438	6495	6435	6793	0
