GU111566	0	6609	6772	6516	6477	6623	6635	6764	6643
KF668596	6609	0	6718	6543	6872	6657	6483	6644	6594
KC295452	6772	6718	0	6711	6726	6835	6736	6956	6802
FM178840	6516	6543	6711	0	6491	6430	6624	6548	6679
KU671050	6477	6872	6726	6491	0	6665	6406	6639	6558
AF038504	6623	6657	6835	6430	6665	0	6476	6835	6672
KP265298	6635	6483	6736	6624	6406	6476	0	6609	6637
KT215777	6764	6644	6956	6548	6639	6835	6609	0	6761
AM393882	6643	6594	6802	6679	6558	6672	6637	6761	0
