DQ007320	0	6676	6790	6739	6828	6867	6720	6865
AF125092	6676	0	6913	6766	6709	6671	6884	6745
AB537173	6790	6913	0	6803	6832	6766	6875	6819
AB030911	6739	6766	6803	0	6787	6713	6960	6815
Y14595	6828	6709	6832	6787	0	6855	6798	6916
DQ007321	6867	6671	6766	6713	6855	0	6694	6870
AB072496	6720	6884	6875	6960	6798	6694	0	6917
AF125091	6865	6745	6819	6815	6916	6870	6917	0
