EU522083	0	6475	6535	6469	6509	6680
AJ301840	6475	0	7028	6640	7205	6611
AY690334	6535	7028	0	6719	7170	6634
EU522087	6469	6640	6719	0	6886	6457
D88668	6509	7205	7170	6886	0	6646
D88824	6680	6611	6634	6457	6646	0
