KJ729030	0	6678	6512	6741	6338	6450	6546
LC057677	6678	0	6662	6737	6406	6518	6619
KP410684	6512	6662	0	6667	6393	6598	6566
AY442178	6741	6737	6667	0	6434	6565	6637
D88523	6338	6406	6393	6434	0	6439	6487
HM748766	6450	6518	6598	6565	6439	0	6481
AJ878874	6546	6619	6566	6637	6487	6481	0
