AY099173	0	6798	7133	6736	6178	7082	6999	7066	6941	7220	7153	7059	6928	7131	6767	7107	6945	7118	6550	7079	6152	7047	7115	6862	6729	7138	6824	7128	7158	7154	7106	6487	6978
AB055121	6798	0	6768	6511	6357	6727	6831	6746	6678	6792	6753	6734	6846	6761	6566	6801	7064	6742	6387	6714	6274	6761	6759	6615	6504	6792	6504	6754	6768	6765	6738	6648	6765
AY099183	7133	6768	0	6718	6140	7024	7027	7122	6962	7145	7086	7113	6920	7100	6805	7167	6888	7043	6559	7110	6157	7065	7092	6883	6698	7087	6812	7116	7225	7072	7154	6447	6991
AJ310754	6736	6511	6718	0	5883	6850	6805	6670	6568	6855	6847	6642	6603	6678	6345	6696	6601	6857	6474	6822	5831	6604	6705	6471	6479	6710	6703	6845	6893	6677	6692	6145	6659
AJ238992	6178	6357	6140	5883	0	6085	6236	6122	6127	6170	6164	6124	6221	6155	6108	6161	6383	6128	5770	6094	6160	6149	6118	6089	5968	6160	5871	6162	6170	6143	6113	6367	6156
AF394925	7082	6727	7024	6850	6085	0	6982	7000	6834	7216	7146	6929	6789	7012	6663	7008	6826	7111	6520	7074	6074	6933	7044	6755	6743	7020	6815	7148	7154	7057	7040	6370	6912
CP006965	6999	6831	7027	6805	6236	6982	0	6970	6895	7177	7189	7005	7122	6979	6641	7019	7014	7140	6543	7188	6156	6942	6941	6881	6574	6946	6707	7182	7237	6919	6967	6562	6905
AY099176	7066	6746	7122	6670	6122	7000	6970	0	6969	7069	7064	7060	6868	7084	6766	7142	6854	6995	6518	7044	6132	7040	7089	6890	6682	7035	6782	7102	7122	7046	7106	6412	7036
AY099187	6941	6678	6962	6568	6127	6834	6895	6969	0	6936	6936	6925	6797	6993	6584	6986	6783	6905	6421	6903	6013	6879	6940	7100	6536	6891	6654	6965	6987	6900	6954	6382	6942
AB107767	7220	6792	7145	6855	6170	7216	7177	7069	6936	0	7333	7062	6921	7121	6779	7110	6984	7298	6540	7277	6146	7050	7118	6922	6734	7123	6838	7327	7365	7139	7109	6531	6963
CP015520	7153	6753	7086	6847	6164	7146	7189	7064	6936	7333	0	7039	6882	7109	6711	7088	6945	7268	6541	7282	6134	7019	7060	6922	6685	7057	6802	7332	7342	7081	7034	6491	6976
AY099161	7059	6734	7113	6642	6124	6929	7005	7060	6925	7062	7039	0	6942	7031	6789	7101	6847	6969	6565	7127	6122	7089	7003	6861	6646	7028	6727	7059	7133	7008	7051	6433	6947
AY099172	6928	6846	6920	6603	6221	6789	7122	6868	6797	6921	6882	6942	0	6859	6627	6909	6950	6857	6500	6901	6142	6871	6864	6724	6524	6916	6591	6886	6940	6878	6886	6500	6823
AY099184	7131	6761	7100	6678	6155	7012	6979	7084	6993	7121	7109	7031	6859	0	6730	7114	6895	7064	6490	7052	6106	7045	7062	6919	6660	7040	6791	7119	7130	7058	7076	6447	7014
AF479014	6767	6566	6805	6345	6108	6663	6641	6766	6584	6779	6711	6789	6627	6730	0	6761	6584	6668	6240	6736	6129	6815	6718	6530	6548	6761	6451	6723	6805	6731	6748	6415	6635
AY099177	7107	6801	7167	6696	6161	7008	7019	7142	6986	7110	7088	7101	6909	7114	6761	0	6928	7034	6551	7094	6190	7087	7067	6907	6673	7052	6790	7116	7172	7052	7106	6462	7000
AY099171	6945	7064	6888	6601	6383	6826	7014	6854	6783	6984	6945	6847	6950	6895	6584	6928	0	6934	6490	6897	6283	6843	6876	6757	6531	6880	6612	6946	6958	6880	6853	6723	6845
AB107768	7118	6742	7043	6857	6128	7111	7140	6995	6905	7298	7268	6969	6857	7064	6668	7034	6934	0	6456	7184	6105	6974	7107	6890	6631	7039	6732	7287	7263	7047	7017	6473	6943
AY099175	6550	6387	6559	6474	5770	6520	6543	6518	6421	6540	6541	6565	6500	6490	6240	6551	6490	6456	0	6576	5786	6491	6475	6343	6299	6537	6533	6538	6559	6512	6510	6050	6486
CP008887	7079	6714	7110	6822	6094	7074	7188	7044	6903	7277	7282	7127	6901	7052	6736	7094	6897	7184	6576	0	6098	7043	7013	6889	6620	6987	6741	7275	7370	6998	7049	6453	6920
Y08384	6152	6274	6157	5831	6160	6074	6156	6132	6013	6146	6134	6122	6142	6106	6129	6190	6283	6105	5786	6098	0	6163	6095	5986	5937	6152	5866	6117	6157	6117	6124	6250	6097
AY099178	7047	6761	7065	6604	6149	6933	6942	7040	6879	7050	7019	7089	6871	7045	6815	7087	6843	6974	6491	7043	6163	0	6992	6825	6673	7007	6688	7047	7085	6997	7013	6450	6918
AY099185	7115	6759	7092	6705	6118	7044	6941	7089	6940	7118	7060	7003	6864	7062	6718	7067	6876	7107	6475	7013	6095	6992	0	6861	6716	7053	6738	7134	7092	7095	7106	6417	7019
U76534	6862	6615	6883	6471	6089	6755	6881	6890	7100	6922	6922	6861	6724	6919	6530	6907	6757	6890	6343	6889	5986	6825	6861	0	6482	6826	6575	6951	6973	6826	6875	6395	6868
FN396976	6729	6504	6698	6479	5968	6743	6574	6682	6536	6734	6685	6646	6524	6660	6548	6673	6531	6631	6299	6620	5937	6673	6716	6482	0	6703	6550	6687	6698	6729	6690	6266	6596
AY099174	7138	6792	7087	6710	6160	7020	6946	7035	6891	7123	7057	7028	6916	7040	6761	7052	6880	7039	6537	6987	6152	7007	7053	6826	6703	0	6788	7032	7087	7102	7071	6451	6967
AY099170	6824	6504	6812	6703	5871	6815	6707	6782	6654	6838	6802	6727	6591	6791	6451	6790	6612	6732	6533	6741	5866	6688	6738	6575	6550	6788	0	6781	6837	6763	6796	6171	6753
CP003651	7128	6754	7116	6845	6162	7148	7182	7102	6965	7327	7332	7059	6886	7119	6723	7116	6946	7287	6538	7275	6117	7047	7134	6951	6687	7032	6781	0	7336	7065	7072	6493	7032
D38650	7158	6768	7225	6893	6170	7154	7237	7122	6987	7365	7342	7133	6940	7130	6805	7172	6958	7263	6559	7370	6157	7085	7092	6973	6698	7087	6837	7336	0	7077	7154	6522	6991
AY099179	7154	6765	7072	6677	6143	7057	6919	7046	6900	7139	7081	7008	6878	7058	6731	7052	6880	7047	6512	6998	6117	6997	7095	6826	6729	7102	6763	7065	7077	0	7081	6433	6980
AY099186	7106	6738	7154	6692	6113	7040	6967	7106	6954	7109	7034	7051	6886	7076	6748	7106	6853	7017	6510	7049	6124	7013	7106	6875	6690	7071	6796	7072	7154	7081	0	6403	7011
FR749899	6487	6648	6447	6145	6367	6370	6562	6412	6382	6531	6491	6433	6500	6447	6415	6462	6723	6473	6050	6453	6250	6450	6417	6395	6266	6451	6171	6493	6522	6433	6403	0	6440
AY099182	6978	6765	6991	6659	6156	6912	6905	7036	6942	6963	6976	6947	6823	7014	6635	7000	6845	6943	6486	6920	6097	6918	7019	6868	6596	6967	6753	7032	6991	6980	7011	6440	0
