AJ577471	0	6363	7160	6552	6791	6911	6820	6739
DQ647057	6363	0	6453	6908	6422	6784	6490	6329
AJ272022	7160	6453	0	6623	6845	6996	6817	6863
AB257289	6552	6908	6623	0	6638	6980	6679	6516
Z70248	6791	6422	6845	6638	0	6942	6663	6943
AB024932	6911	6784	6996	6980	6942	0	6793	6897
KF931642	6820	6490	6817	6679	6663	6793	0	6657
GQ292553	6739	6329	6863	6516	6943	6897	6657	0
