AJ519989	0	7126	7118	6826	7196	7138
DQ154906	7126	0	7126	6750	6953	6939
AJ519986	7118	7126	0	6706	6944	6909
AF542054	6826	6750	6706	0	6913	6735
AJ300185	7196	6953	6944	6913	0	7010
KF923805	7138	6939	6909	6735	7010	0
