GU269554	0	6071	5994	6211	5868	6694	6689	6358	6063
AB042545	6071	0	5438	6166	6502	5921	6017	6068	6118
L79961	5994	5438	0	5742	5312	5824	5788	5899	5595
AB042819	6211	6166	5742	0	5984	6059	6165	6198	6471
AF127020	5868	6502	5312	5984	0	5822	5943	5916	6010
EU642573	6694	5921	5824	6059	5822	0	6638	6296	5915
EU642572	6689	6017	5788	6165	5943	6638	0	6452	6025
L40993	6358	6068	5899	6198	5916	6296	6452	0	6058
AB042532	6063	6118	5595	6471	6010	5915	6025	6058	0
