AY360060	0	6511	6730	6412	6418	5945	6415	6212	6498	6897
AF126547	6511	0	6288	6765	6452	6206	6855	6534	6563	6572
EU709878	6730	6288	0	6317	6235	5945	6207	6177	6253	6725
AF126546	6412	6765	6317	0	6377	6139	6829	6498	6481	6553
AY079010	6418	6452	6235	6377	0	6083	6373	6305	6748	6378
AY346464	5945	6206	5945	6139	6083	0	6186	6121	6027	6003
AF329083	6415	6855	6207	6829	6373	6186	0	6457	6496	6471
AF302081	6212	6534	6177	6498	6305	6121	6457	0	6304	6279
AF151432	6498	6563	6253	6481	6748	6027	6496	6304	0	6479
AF126545	6897	6572	6725	6553	6378	6003	6471	6279	6479	0
