LC010781	0	6223	6114	6264	5892	6176	6096
L40809	6223	0	6665	7006	6314	6833	6726
AF126548	6114	6665	0	6686	6440	7031	6889
AF016046	6264	7006	6686	0	6398	6761	6660
DQ900623	5892	6314	6440	6398	0	6492	6391
AF126549	6176	6833	7031	6761	6492	0	7218
AF329082	6096	6726	6889	6660	6391	7218	0
