AJ224438	0	6297	6149	6389	6355	6411
Y12372	6297	0	6796	6699	6975	6671
Y11315	6149	6796	0	6511	6745	6488
AM086641	6389	6699	6511	0	6624	6764
Y11317	6355	6975	6745	6624	0	6709
AM086640	6411	6671	6488	6764	6709	0
