FR749929	0	6483	6587	5747	5691	6245	5365	6542	6069	5582	5806	5745	5003	5733	5965	6047	5765	6087	6163	6235	5982	5725	5756	6140	6098
FR733664	6483	0	6176	5818	5649	6130	5499	6933	6339	5671	6121	5883	5182	5727	5696	6324	5876	5778	5980	5998	5888	5856	5704	5935	5715
AF139203	6587	6176	0	5689	5540	6079	5248	6242	5874	5611	5574	5735	4952	5660	5948	5936	5757	6879	6033	6129	5934	5766	5729	6030	6552
AY230217	5747	5818	5689	0	5545	5983	5315	5766	5526	5793	5250	5731	5237	5976	5321	5599	5687	5603	5932	5948	5879	5679	6051	5863	5408
M71238	5691	5649	5540	5545	0	5572	5450	5716	5455	5500	5224	5497	5170	5396	5307	5494	5603	5367	5446	5491	5594	5501	5722	5519	5473
FR749895	6245	6130	6079	5983	5572	0	5648	6254	5756	5954	5459	5919	5209	6122	5458	5764	5902	5626	6099	6101	6217	5880	6021	6056	5591
M57738	5365	5499	5248	5315	5450	5648	0	5572	5360	5443	5065	5630	5242	5407	4987	5266	5723	5067	5264	5203	5519	5624	5266	5250	5076
EU580141	6542	6933	6242	5766	5716	6254	5572	0	6364	5690	6028	5904	5204	5799	5686	6378	5946	5795	6109	6033	5903	5889	5735	5986	5752
AF320287	6069	6339	5874	5526	5455	5756	5360	6364	0	5529	6152	5622	5111	5542	5486	6414	5603	5673	5734	5791	5695	5588	5528	5754	5650
Y09959	5582	5671	5611	5793	5500	5954	5443	5690	5529	0	5182	5849	5254	5874	5386	5570	5841	5494	5816	5762	6096	5851	5906	5731	5520
AF093252	5806	6121	5574	5250	5224	5459	5065	6028	6152	5182	0	5303	5083	5147	5574	5993	5306	5398	5429	5510	5379	5303	5377	5512	5434
AF033307	5745	5883	5735	5731	5497	5919	5630	5904	5622	5849	5303	0	5221	5815	5347	5707	7238	5507	5694	5801	6123	7197	5758	5787	5451
GU566698	5003	5182	4952	5237	5170	5209	5242	5204	5111	5254	5083	5221	0	5362	4986	5071	5228	4975	5066	4927	5186	5207	5114	4970	4879
AY518274	5733	5727	5660	5976	5396	6122	5407	5799	5542	5874	5147	5815	5362	0	5148	5549	5756	5524	5903	5741	5977	5782	5680	5654	5396
D85437	5965	5696	5948	5321	5307	5458	4987	5686	5486	5386	5574	5347	4986	5148	0	5576	5362	5797	5645	5698	5522	5376	5608	5690	5931
AM182455	6047	6324	5936	5599	5494	5764	5266	6378	6414	5570	5993	5707	5071	5549	5576	0	5718	5736	5786	5825	5769	5706	5564	5833	5667
AF033306	5765	5876	5757	5687	5603	5902	5723	5946	5603	5841	5306	7238	5228	5756	5362	5718	0	5522	5682	5773	6072	7231	5702	5759	5451
AJ543428	6087	5778	6879	5603	5367	5626	5067	5795	5673	5494	5398	5507	4975	5524	5797	5736	5522	0	5774	5808	5668	5539	5528	5765	6496
Y16568	6163	5980	6033	5932	5446	6099	5264	6109	5734	5816	5429	5694	5066	5903	5645	5786	5682	5774	0	6241	6121	5679	5926	6205	5742
X87140	6235	5998	6129	5948	5491	6101	5203	6033	5791	5762	5510	5801	4927	5741	5698	5825	5773	5808	6241	0	6171	5797	5949	6973	5749
AF302937	5982	5888	5934	5879	5594	6217	5519	5903	5695	6096	5379	6123	5186	5977	5522	5769	6072	5668	6121	6171	0	6081	6075	6132	5663
AF033305	5725	5856	5766	5679	5501	5880	5624	5889	5588	5851	5303	7197	5207	5782	5376	5706	7231	5539	5679	5797	6081	0	5727	5788	5484
GU562449	5756	5704	5729	6051	5722	6021	5266	5735	5528	5906	5377	5758	5114	5680	5608	5564	5702	5528	5926	5949	6075	5727	0	5897	5619
X87139	6140	5935	6030	5863	5519	6056	5250	5986	5754	5731	5512	5787	4970	5654	5690	5833	5759	5765	6205	6973	6132	5788	5897	0	5734
EF061268	6098	5715	6552	5408	5473	5591	5076	5752	5650	5520	5434	5451	4879	5396	5931	5667	5451	6496	5742	5749	5663	5484	5619	5734	0
