X87150	0	7182	7158	7582	7299	7497
AF394926	7182	0	7059	7200	7112	7125
AJ306611	7158	7059	0	7140	7109	7083
AJ306612	7582	7200	7140	0	7317	7490
FJ374769	7299	7112	7109	7317	0	7261
AJ296179	7497	7125	7083	7490	7261	0
