KP050358	0	7114	6722	6736	6371	6673	6543
JX233496	7114	0	6937	6932	6425	6771	6626
JQ421297	6722	6937	0	6899	6672	6676	6522
AB245375	6736	6932	6899	0	6520	6851	6623
DQ444975	6371	6425	6672	6520	0	6420	6322
KC462738	6673	6771	6676	6851	6420	0	6847
JX110710	6543	6626	6522	6623	6322	6847	0
