JQ417431	0	6766	6788	6896	6777	6684	6923	6924	6862	6952	6557
KU189201	6766	0	6706	6690	6664	6589	6758	6623	6557	6728	6517
AM397630	6788	6706	0	6814	6719	6687	6843	6841	6734	6775	6568
AM397629	6896	6690	6814	0	6753	6677	6875	6711	6630	6905	6548
KC735151	6777	6664	6719	6753	0	6844	6816	6702	6602	6856	6687
KU695571	6684	6589	6687	6677	6844	0	6722	6838	6721	6742	6957
KC735150	6923	6758	6843	6875	6816	6722	0	6761	6695	7013	6589
GQ379228	6924	6623	6841	6711	6702	6838	6761	0	7175	6844	6695
HE648174	6862	6557	6734	6630	6602	6721	6695	7175	0	6716	6626
KM035973	6952	6728	6775	6905	6856	6742	7013	6844	6716	0	6607
JQ029110	6557	6517	6568	6548	6687	6957	6589	6695	6626	6607	0
