AF439639	0	6723	6711	6542	6335	6220	6735	6366	6766	6773	6343	6340	6336
EF185167	6723	0	6855	6557	6933	6207	6792	6738	7319	7064	6429	6431	6503
AF439641	6711	6855	0	6567	6514	6268	6707	6503	6870	6833	6336	6467	6492
EF108443	6542	6557	6567	0	6169	6076	6547	6201	6659	6624	6357	6178	6216
AF186072	6335	6933	6514	6169	0	6594	6470	6882	6886	6616	5970	6822	6329
AY211542	6220	6207	6268	6076	6594	0	6236	6444	6216	6194	5978	6706	6073
AY355140	6735	6792	6707	6547	6470	6236	0	6512	6825	6825	6297	6413	6398
EU096495	6366	6738	6503	6201	6882	6444	6512	0	6705	6593	6034	6669	6337
AB679109	6766	7319	6870	6659	6886	6216	6825	6705	0	7101	6351	6440	6488
AY995767	6773	7064	6833	6624	6616	6194	6825	6593	7101	0	6348	6417	6443
AY514996	6343	6429	6336	6357	5970	5978	6297	6034	6351	6348	0	5969	6056
AY355138	6340	6431	6467	6178	6822	6706	6413	6669	6440	6417	5969	0	6279
AF473836	6336	6503	6492	6216	6329	6073	6398	6337	6488	6443	6056	6279	0
