EF191199	0	6841	6757	6791	6924	6737	6942	6919	6917
EU427445	6841	0	6987	6707	6970	6723	6998	6897	6833
KT633950	6757	6987	0	6580	6863	6782	6933	6953	6706
JQ423921	6791	6707	6580	0	6968	6617	6887	6800	7007
Y15523	6924	6970	6863	6968	0	6909	7170	7083	7115
JX524154	6737	6723	6782	6617	6909	0	6948	6928	6743
HQ123435	6942	6998	6933	6887	7170	6948	0	7195	7013
EU870859	6919	6897	6953	6800	7083	6928	7195	0	6926
AY528866	6917	6833	6706	7007	7115	6743	7013	6926	0
