X74719	0	6736	6910	6979	6968	6932	6529	6930	6612	6882	6845	6838	6796	6914	6670	6797	7065	6940	7015	6252	6656	6939	6853	6281	6694	6922	6682	6758	6703	6977	6743	6757	6635	6364	6877	6930	6973	6503	6682	6687	6688	6788	6666	6622	6737	6942	6368	6276	6569	5699	6977	6873	6362	6575	6916	6981	7026	6763	6980	7038	6928	6951	7061	6467	7082	6602	6568	7139	6780	6391	6968	6942	6903	6645	6936	6697	6958	6727	6532	6805	6796	6581	6918	6723	6914	7071	6452	7074	6849	6713	6747	6866	6799	6937	6796	6945	6676	6110	6952	6984	6662	6661	6940	6736	5977	6778	7014	6958	6800	6858	6884	6878	6651	5538	6878	7034
DQ922915	6736	0	6722	6784	6723	6782	6547	6740	6794	6777	6661	6515	7007	6696	6545	7031	6799	6796	6771	6227	6555	6780	6794	6245	6484	6795	6648	6722	6442	6759	6744	6715	6493	6327	6720	6754	6720	6477	6724	7025	6620	6600	6455	6678	6660	6750	6111	6227	6577	5705	6643	6770	6362	6617	6796	6728	6815	6564	6687	6740	6572	6743	6837	6544	6769	6675	6877	6773	6702	6285	6773	6771	6742	6619	6752	6524	6797	6698	6485	6731	6706	6549	6810	6702	6752	6773	6324	6722	6722	6957	6652	6772	6751	6735	6505	6767	6472	6070	6789	6685	6575	6598	6759	6931	6026	6755	6657	6792	6545	6802	6868	6645	6544	5486	6936	6756
AJ440005	6910	6722	0	6859	6869	6879	6535	6919	6667	6843	6788	6726	6708	6882	6640	6904	7040	6966	6914	6180	6668	6974	6838	6185	6635	7007	6696	6691	6534	6921	6700	6857	6586	6301	6885	6868	6882	6427	6661	6682	6692	6707	6526	6674	6643	7072	6239	6206	6605	5717	6802	6843	6406	6600	6852	6887	6999	6666	6962	6877	6794	6825	6954	6501	7071	6636	6530	6991	6725	6262	7182	6853	6972	6685	6935	6582	6997	6762	6492	6795	6793	6571	6947	6716	6800	6995	6382	6885	6817	6805	6722	6745	6776	6940	6579	6832	6568	6217	6896	6798	6617	6600	6858	6746	5971	6829	6858	7018	6726	6816	6868	6795	6520	5527	6946	6957
EF599164	6979	6784	6859	0	6927	7100	6875	7304	6597	7468	6850	6666	6817	6732	6725	7032	6944	7015	6865	6204	6658	6960	7031	6499	6563	7229	7005	6773	6674	7207	7382	6956	6508	6220	6926	7433	6923	6740	6640	6748	6964	6680	6647	6798	6700	6880	6344	6205	6699	5642	6932	7443	6363	6722	7213	6861	7154	6992	7118	6935	6715	7657	7225	6670	7020	6897	6580	7189	6977	6364	6942	7462	6896	6836	7068	6669	7128	7089	6448	6724	6727	6510	7028	6842	7537	7330	6474	6982	6968	6724	6637	7467	6778	7235	6809	7602	6730	6312	7341	7115	7015	6631	7087	7129	5975	6735	7256	7074	6620	7134	7091	7020	6630	5511	7195	7163
X56576	6968	6723	6869	6927	0	6907	6545	7025	6673	6853	6861	6864	6795	6900	6672	6840	7027	7168	7109	6393	6615	7158	6851	6258	6638	6983	6818	6743	6665	6964	6712	6815	6702	6296	6950	6878	7370	6441	6656	6729	6820	6790	6648	6645	6827	6975	6382	6355	6597	5793	6868	6821	6403	6733	6934	7000	6982	6806	7016	7176	6924	6897	6999	6516	7028	6592	6573	7112	6742	6381	6918	6888	6993	6646	6918	6666	6994	6801	6436	6750	6741	6517	7004	6686	6901	7048	6480	6977	6889	6755	6739	6822	6958	7004	6788	6924	6703	6134	7022	6910	6688	6802	6974	6751	6036	6978	7033	6948	6834	6776	6930	6797	6646	5532	6999	7181
Y08430	6932	6782	6879	7100	6907	0	6740	7000	6606	7075	6848	6645	6812	6786	6756	6949	6959	7002	6823	6229	6742	6976	6934	6390	6577	7054	6932	6701	6633	7030	6944	6924	6537	6292	6895	7085	6905	6605	6638	6741	6886	6672	6631	6692	6655	6923	6276	6230	6742	5662	6954	7066	6395	6769	6983	6891	7078	6899	6973	6886	6686	7077	6996	6572	6985	6864	6584	7084	6927	6365	6982	7105	6933	6761	7043	6666	6959	6912	6528	6750	6730	6607	6953	6915	7061	7125	6503	6976	6907	6746	6689	7020	6758	6984	6769	7091	6665	6198	6946	7006	6776	6628	7011	6878	6067	6759	6998	6939	6639	6981	7109	6867	6625	5485	6994	7018
AM162657	6529	6547	6535	6875	6545	6740	0	6589	6378	6934	6483	6243	6442	6392	6442	6594	6548	6662	6467	6161	6335	6617	6662	6583	6180	6668	6546	6545	6267	6536	6773	6672	6291	6253	6534	6876	6546	6757	6368	6516	6502	6287	6249	6460	6494	6521	5976	6155	6354	5617	6561	6845	6312	6527	6594	6511	6669	6494	6540	6520	6277	6866	6527	6316	6578	6626	6321	6678	6676	6002	6585	6894	6504	6428	6646	6292	6579	6620	6373	6486	6524	6341	6625	6698	6924	6665	6188	6554	6515	6527	6521	6760	6586	6583	6410	6943	6363	6074	6634	6568	6379	6515	6597	6582	5974	6502	6549	6497	6241	6615	6558	6678	6257	5459	6558	6595
AJ293802	6930	6740	6919	7304	7025	7000	6589	0	6703	7126	6760	6802	6785	6814	6547	7024	6977	7057	6981	6216	6720	7047	6913	6239	6594	7381	6969	6655	6665	7217	7103	6845	6625	6193	6922	7100	7021	6505	6709	6726	6953	6673	6572	6854	6705	7054	6294	6199	6651	5686	6844	7151	6282	6683	7151	6939	7069	6919	7072	7014	6792	7278	7271	6608	7127	6761	6568	7178	6865	6348	6980	7098	7041	6821	6957	6650	7195	6977	6458	6691	6650	6570	6998	6690	7291	7274	6372	6944	7041	6806	6686	7154	6821	7192	6724	7240	6650	6376	7297	7025	6974	6655	7007	7115	5985	6888	7249	7216	6784	6979	7140	6904	6608	5462	7268	7243
AY426979	6612	6794	6667	6597	6673	6606	6378	6703	0	6567	6493	6573	6803	6729	6447	6846	6713	6752	6740	6241	6441	6735	6696	6179	6428	6743	6520	6584	6463	6617	6552	6544	6566	6269	6587	6600	6670	6394	6615	6844	6490	6566	6389	6580	6672	6694	6034	6223	6386	5705	6536	6606	6288	6486	6612	6667	6694	6409	6559	6719	6580	6552	6647	6359	6690	6544	6806	6709	6560	6180	6665	6580	6685	6474	6641	6444	6679	6548	6394	6626	6620	6458	6677	6590	6531	6655	6287	6636	6596	6911	6708	6509	6745	6571	6442	6558	6393	5955	6702	6570	6385	6639	6554	6703	6042	6720	6539	6725	6549	6597	6703	6642	6391	5472	6982	6719
AJ316192	6882	6777	6843	7468	6853	7075	6934	7126	6567	0	6758	6567	6772	6722	6717	7027	6917	7006	6790	6187	6632	6961	7001	6556	6459	7198	7012	6755	6568	7018	7257	6939	6489	6248	6916	7361	6858	6786	6620	6731	6971	6626	6530	6789	6700	6880	6251	6177	6683	5635	6837	7420	6346	6723	7104	6847	7135	6905	7037	6861	6618	7441	7035	6680	6931	6918	6552	7117	6960	6276	6929	7379	6893	6796	7049	6563	7125	7034	6416	6695	6735	6498	7021	6829	7442	7211	6441	6890	6906	6719	6627	7264	6780	7054	6691	7518	6637	6298	7188	6990	6849	6632	7040	7040	5979	6736	7099	7047	6552	7096	7030	6995	6531	5477	7091	7064
X74701	6845	6661	6788	6850	6861	6848	6483	6760	6493	6758	0	6661	6727	6700	6829	6694	6791	6856	6910	6194	6598	6801	6685	6251	6630	6725	6647	6609	6572	6974	6688	6931	6434	6260	6772	6783	6844	6456	6464	6602	6640	6740	6764	6447	6612	6755	6495	6202	6668	5724	6868	6726	6640	6542	6779	6765	6836	6696	7024	6893	6738	6821	6918	6430	6856	6615	6474	6870	6650	6477	6835	6812	6763	6614	6773	6818	6786	6721	6457	6691	6797	6527	6770	6730	6815	6828	6439	6880	6748	6610	6595	6765	6717	7048	6728	6825	6852	6051	6828	6863	6767	6593	6797	6633	5948	6687	6773	6728	6711	6783	6807	6673	6745	5544	6745	6843
X74716	6838	6515	6726	6666	6864	6645	6243	6802	6573	6567	6661	0	6671	6856	6555	6633	6881	6805	6953	6229	6389	6785	6585	6161	6602	6768	6524	6501	6646	6776	6449	6508	6642	6183	6696	6615	6850	6251	6469	6513	6544	6671	6611	6425	6611	6836	6341	6233	6329	5719	6748	6558	6324	6422	6673	6809	6760	6528	6772	6890	6985	6640	6824	6263	6901	6340	6495	6883	6495	6334	6775	6631	6805	6399	6683	6585	6758	6502	6227	6600	6597	6313	6722	6455	6623	6768	6383	6824	6640	6562	6628	6564	6666	6734	6719	6641	6616	5886	6764	6676	6428	6546	6645	6486	5975	6685	6739	6799	6871	6558	6720	6657	6462	5511	6761	6870
EF599161	6796	7007	6708	6817	6795	6812	6442	6785	6803	6772	6727	6671	0	6780	6650	6964	6816	6821	6846	6251	6558	6795	6700	6246	6613	6807	6654	6646	6591	6837	6640	6690	6496	6309	6734	6785	6783	6453	6672	6939	6626	6745	6598	6597	6669	6752	6255	6233	6579	5746	6723	6765	6360	6560	6864	6775	6829	6601	6740	6827	6721	6779	6915	6462	6817	6581	6899	6839	6613	6430	6768	6807	6750	6592	6742	6657	6821	6662	6386	6669	6621	6459	6841	6604	6784	6795	6452	6806	6770	6872	6590	6807	6682	6775	6649	6802	6608	5975	6860	6736	6624	6594	6779	6862	6067	6680	6693	6795	6714	6764	6947	6729	6629	5489	6985	6813
AJ316181	6914	6696	6882	6732	6900	6786	6392	6814	6729	6722	6700	6856	6780	0	6635	6794	7066	6943	6966	6290	6552	6996	6739	6193	6586	6900	6699	6705	6589	6871	6609	6651	6693	6339	6871	6727	6913	6415	6632	6709	6701	6819	6553	6574	6733	6991	6234	6308	6506	5727	6757	6706	6375	6578	6835	6979	6917	6595	6811	6946	6908	6698	6929	6400	6966	6529	6631	6912	6616	6286	6923	6726	6985	6548	6855	6612	6891	6675	6428	6750	6725	6487	6858	6604	6677	6943	6451	6847	6787	6719	6802	6627	6812	6822	6626	6710	6511	6024	6789	6739	6511	6697	6855	6677	5991	6871	6808	7013	6783	6723	6830	6781	6515	5534	6875	6960
KM099166	6670	6545	6640	6725	6672	6756	6442	6547	6447	6717	6829	6555	6650	6635	0	6596	6655	6721	6704	6167	6474	6657	6610	6302	6526	6612	6548	6496	6505	6698	6576	6710	6415	6210	6668	6703	6651	6474	6379	6503	6523	6637	6616	6332	6573	6623	6245	6167	6445	5698	6675	6657	6478	6441	6596	6650	6737	6501	6787	6674	6574	6692	6681	6282	6664	6552	6471	6730	6588	6279	6725	6720	6597	6512	6695	6601	6631	6687	6332	6554	6667	6420	6644	6656	6705	6713	6502	6713	6558	6490	6497	6648	6588	6737	6708	6711	6635	5915	6677	6763	6479	6534	6662	6510	5956	6539	6591	6571	6604	6717	6668	6657	6468	5483	6613	6658
AY155585	6797	7031	6904	7032	6840	6949	6594	7024	6846	7027	6694	6633	6964	6794	6596	0	6949	6960	6879	6212	6685	6943	6957	6236	6525	7100	6903	6680	6554	7006	6922	6819	6550	6338	6873	6966	6837	6467	6756	6944	6871	6648	6501	6895	6676	6953	6157	6208	6732	5707	6710	7015	6352	6686	7012	6810	7082	6819	6984	6835	6675	6990	7036	6690	6962	6850	6802	7034	6874	6324	6912	6983	6974	6853	6934	6588	7083	6932	6473	6762	6724	6563	6965	6696	6978	7058	6383	6776	6893	6997	6711	6957	6787	6989	6559	7015	6501	6261	7043	6945	6823	6615	6946	7117	6036	6826	6942	7087	6673	6976	7123	6728	6579	5500	7226	7049
AJ345063	7065	6799	7040	6944	7027	6959	6548	6977	6713	6917	6791	6881	6816	7066	6655	6949	0	7119	7041	6320	6689	7127	6919	6224	6630	7062	6873	6823	6593	7074	6814	6828	6707	6397	7065	6933	7040	6439	6750	6802	6879	6844	6593	6766	6798	7160	6284	6344	6677	5771	6889	6909	6407	6743	7004	7037	7128	6785	6997	7041	6954	6911	7147	6601	7136	6692	6655	7106	6824	6316	7101	6939	7120	6733	7027	6660	7087	6849	6517	6925	6823	6588	7053	6696	6871	7147	6474	6922	6956	6791	6829	6826	6882	7013	6679	6908	6555	6219	7010	6948	6690	6745	7051	6874	6017	6937	7010	7155	6777	6950	6995	6810	6570	5578	7020	7130
GU078672	6940	6796	6966	7015	7168	7002	6662	7057	6752	7006	6856	6805	6821	6943	6721	6960	7119	0	7090	6409	6692	7286	6949	6337	6537	7108	6950	6787	6664	6949	6860	6933	6759	6329	7011	7006	7164	6538	6721	6797	6907	6779	6602	6745	6946	7076	6293	6379	6675	5805	6831	6963	6422	6853	6986	7037	7136	6827	7025	7147	6838	6978	7006	6632	7048	6692	6629	7158	6827	6307	7033	7006	7094	6721	7024	6628	7099	6900	6486	6802	6796	6573	7101	6783	6982	7178	6528	6925	6944	6853	6831	6891	7098	6983	6710	7011	6661	6208	7096	6936	6704	6921	7043	6889	6077	7070	7053	7049	6771	6916	6991	6881	6573	5535	7102	7219
X74723	7015	6771	6914	6865	7109	6823	6467	6981	6740	6790	6910	6953	6846	6966	6704	6879	7041	7090	0	6351	6615	7070	6836	6213	6690	6929	6746	6732	6741	6961	6634	6745	6707	6330	6972	6816	7095	6422	6706	6779	6757	6851	6637	6645	6798	7065	6406	6345	6566	5841	6910	6754	6425	6653	6884	6978	6957	6730	7032	7169	6978	6835	7006	6522	7110	6552	6640	7098	6731	6398	6954	6826	7065	6640	6911	6759	7045	6758	6450	6804	6819	6557	6997	6684	6839	6979	6463	7004	6894	6803	6835	6775	6943	7018	6735	6861	6648	6146	7016	6868	6660	6771	6887	6740	6031	6998	6932	7013	6937	6757	6920	6795	6649	5582	6978	7108
AB428897	6252	6227	6180	6204	6393	6229	6161	6216	6241	6187	6194	6229	6251	6290	6167	6212	6320	6409	6351	0	6008	6400	6320	6104	6084	6281	6172	6310	6145	6279	6157	6198	6402	6046	6280	6190	6380	6175	6107	6211	6181	6239	6175	6094	6387	6257	6038	6423	5960	5806	6184	6163	6218	6128	6236	6354	6260	6088	6190	6421	6284	6162	6298	5957	6232	6108	6205	6283	6234	5943	6247	6190	6254	6076	6254	6066	6276	6200	6072	6282	6209	6032	6299	6241	6157	6295	6222	6252	6240	6215	6343	6089	6402	6288	6262	6174	6152	5770	6227	6197	5974	6397	6317	6157	6045	6340	6180	6266	6210	6198	6235	6217	5970	5555	6272	6402
AF462458	6656	6555	6668	6658	6615	6742	6335	6720	6441	6632	6598	6389	6558	6552	6474	6685	6689	6692	6615	6008	0	6700	6608	6046	6602	6698	6589	6463	6303	6787	6552	6645	6317	6237	6657	6664	6628	6266	6442	6522	6584	6542	6397	6450	6408	6710	6111	6009	6609	5565	6631	6635	6203	6473	6608	6618	6733	6558	6677	6608	6457	6621	6752	6375	6765	6526	6404	6744	6621	6226	6702	6649	6731	6850	6680	6567	6725	6610	6747	6571	6494	6929	6665	6537	6605	6740	6206	6644	6649	6542	6419	6567	6506	6707	6462	6623	6394	6016	6618	6732	6606	6382	6666	6614	5839	6587	6606	6744	6475	6631	6729	6532	6481	5379	6708	6680
AJ316187	6939	6780	6974	6960	7158	6976	6617	7047	6735	6961	6801	6785	6795	6996	6657	6943	7127	7286	7070	6400	6700	0	6942	6292	6534	7107	6905	6796	6638	6947	6829	6888	6749	6320	7020	6951	7172	6493	6713	6781	6898	6768	6556	6737	6892	7084	6291	6388	6663	5795	6811	6929	6413	6808	6969	7037	7109	6808	7006	7127	6845	6923	7005	6597	7046	6685	6612	7157	6818	6285	7042	6951	7129	6714	7012	6594	7099	6893	6485	6792	6787	6581	7101	6738	6927	7132	6511	6915	6936	6837	6821	6836	7044	6972	6700	6956	6606	6208	7034	6885	6668	6867	7042	6868	6060	7105	7007	7093	6769	6875	6964	6881	6551	5543	7076	7218
HF541973	6853	6794	6838	7031	6851	6934	6662	6913	6696	7001	6685	6585	6700	6739	6610	6957	6919	6949	6836	6320	6608	6942	0	6318	6440	6984	6814	6774	6585	6919	6948	6787	6646	6307	6872	7006	6840	6541	6654	6760	6810	6630	6487	6802	6731	6882	6185	6314	6571	5754	6765	6998	6430	6637	6890	6796	7083	6789	7003	6849	6637	7000	6976	6632	6964	6896	6589	7072	7007	6169	6918	7008	6882	6763	7140	6512	7062	6948	6488	6797	6818	6559	7012	6817	6953	7038	6402	6970	6891	6799	6808	6917	6853	7003	6646	6992	6473	6330	6993	6932	6667	6688	6979	6873	5988	6824	6923	7019	6570	7025	6921	6790	6427	5556	7005	7075
AJ515230	6281	6245	6185	6499	6258	6390	6583	6239	6179	6556	6251	6161	6246	6193	6302	6236	6224	6337	6213	6104	6046	6292	6318	0	6062	6318	6219	6261	6214	6217	6438	6323	6229	6088	6191	6502	6254	6534	6068	6209	6174	6115	6200	6103	6329	6178	5921	6098	6049	5605	6324	6471	6239	6200	6236	6288	6352	6167	6220	6277	6195	6490	6215	5979	6241	6280	6160	6361	6357	5947	6241	6518	6179	6107	6303	6134	6236	6304	6108	6204	6278	6070	6281	6413	6569	6348	6151	6315	6171	6227	6268	6384	6337	6247	6335	6565	6280	5781	6277	6267	6074	6324	6264	6257	5950	6222	6232	6154	6159	6288	6236	6466	6046	5447	6208	6270
X74705	6694	6484	6635	6563	6638	6577	6180	6594	6428	6459	6630	6602	6613	6586	6526	6525	6630	6537	6690	6084	6602	6534	6440	6062	0	6507	6410	6479	6433	6735	6359	6504	6336	6218	6550	6514	6632	6198	6372	6464	6409	6578	6679	6323	6358	6639	6265	6079	6412	5669	6669	6453	6217	6305	6622	6553	6556	6455	6631	6659	6675	6531	6741	6264	6724	6418	6427	6667	6471	6357	6691	6522	6575	6580	6529	6683	6614	6502	6394	6493	6437	6543	6561	6439	6524	6599	6352	6665	6567	6428	6425	6519	6403	6684	6642	6530	6556	5949	6525	6663	6510	6355	6587	6421	5849	6469	6571	6621	6678	6503	6664	6466	6543	5428	6581	6616
AJ514916	6922	6795	7007	7229	6983	7054	6668	7381	6743	7198	6725	6768	6807	6900	6612	7100	7062	7108	6929	6281	6698	7107	6984	6318	6507	0	7034	6753	6620	7147	7072	6911	6708	6311	6957	7146	6984	6552	6767	6770	7018	6704	6543	6918	6765	7080	6258	6256	6688	5726	6843	7232	6348	6735	7152	7006	7160	6899	7042	6970	6780	7196	7177	6689	7073	6831	6608	7145	6910	6292	7066	7134	7051	6813	7023	6557	7244	7009	6487	6799	6709	6573	7097	6769	7172	7254	6442	6923	7017	6884	6754	7067	6882	7105	6683	7188	6613	6399	7224	7005	6841	6707	7043	7080	6096	6899	7119	7237	6743	7059	7168	6987	6556	5518	7260	7210
AB013297	6682	6648	6696	7005	6818	6932	6546	6969	6520	7012	6647	6524	6654	6699	6548	6903	6873	6950	6746	6172	6589	6905	6814	6219	6410	7034	0	6595	6357	6967	6873	6753	6423	6298	6789	6932	6821	6433	6676	6659	7411	6562	6458	6809	6606	6808	6100	6166	6675	5627	6719	6992	6212	7087	6940	6769	7002	7194	6858	6788	6567	6994	6970	6646	6769	6717	6472	6938	6803	6266	6786	6932	6867	6755	6846	6525	6983	6856	6352	6603	6563	6429	6877	6669	7020	7096	6307	6661	6809	6615	6593	7092	6720	6958	6508	7017	6466	6229	6995	6883	6836	6579	6916	6902	6110	6711	6988	6999	6456	6900	7055	6668	6529	5412	7030	6995
KF487035	6758	6722	6691	6773	6743	6701	6545	6655	6584	6755	6609	6501	6646	6705	6496	6680	6823	6787	6732	6310	6463	6796	6774	6261	6479	6753	6595	0	6341	6781	6710	6719	6550	6361	6792	6766	6748	6489	6639	6712	6601	6640	6418	6606	6676	6749	6130	6312	6453	5780	6619	6736	6350	6520	6956	6736	6769	6530	6649	6780	6564	6744	6842	6635	6738	6629	6531	6776	6663	6183	6758	6772	6688	6559	6775	6414	6792	6669	6466	6836	6689	6485	6811	6709	6699	6764	6302	6665	6717	6715	6758	6619	6765	6757	6553	6743	6474	6139	6726	6651	6473	6650	6855	6626	6001	6716	6642	6737	6495	6709	6701	6631	6433	5506	6699	6799
FN421434	6703	6442	6534	6674	6665	6633	6267	6665	6463	6568	6572	6646	6591	6589	6505	6554	6593	6664	6741	6145	6303	6638	6585	6214	6433	6620	6357	6341	0	6559	6467	6441	6500	6039	6491	6624	6661	6255	6375	6421	6327	6531	6589	6314	6484	6589	6296	6169	6303	5663	6619	6591	6236	6256	6570	6583	6671	6403	6672	6692	6663	6642	6623	6246	6747	6431	6402	6775	6473	6363	6587	6633	6557	6294	6651	6522	6625	6606	6153	6369	6439	6205	6666	6427	6661	6650	6606	6780	6583	6489	6460	6551	6524	6621	6656	6635	6515	5781	6676	6611	6392	6405	6544	6532	5962	6530	6603	6571	6687	6552	6596	6636	6389	5480	6647	6729
X76335	6977	6759	6921	7207	6964	7030	6536	7217	6617	7018	6974	6776	6837	6871	6698	7006	7074	6949	6961	6279	6787	6947	6919	6217	6735	7147	6967	6781	6559	0	7025	6876	6569	6420	7033	6980	6955	6444	6640	6743	6978	6877	6729	6797	6608	6988	6457	6289	6802	5770	6892	7001	6442	6655	7254	6872	7058	6943	7147	6963	6855	7171	7582	6681	7083	6854	6611	7156	6877	6465	7006	7001	6996	6885	6961	6781	7134	7012	6571	6939	6727	6663	6979	6697	7173	7240	6437	6922	7037	6725	6717	7109	6706	7458	6775	7130	6696	6372	7229	7127	7165	6608	7130	7062	6050	6757	7179	7161	6789	7039	7239	6687	6739	5573	7160	7178
HE978310	6743	6744	6700	7382	6712	6944	6773	7103	6552	7257	6688	6449	6640	6609	6576	6922	6814	6860	6634	6157	6552	6829	6948	6438	6359	7072	6873	6710	6467	7025	0	6820	6492	6198	6768	7182	6717	6696	6592	6703	6864	6548	6477	6772	6675	6730	6163	6164	6626	5624	6695	7281	6381	6653	7012	6720	7002	6778	6904	6735	6496	7354	7037	6665	6779	6864	6562	6975	6920	6205	6752	7202	6789	6730	6892	6535	6964	6964	6415	6687	6698	6493	6853	6735	7286	7138	6346	6732	6788	6680	6598	7181	6726	7031	6621	7308	6525	6267	7083	6967	6860	6600	6922	7092	5971	6711	7023	6924	6411	7093	6940	6846	6468	5489	7006	6961
AM235737	6757	6715	6857	6956	6815	6924	6672	6845	6544	6939	6931	6508	6690	6651	6710	6819	6828	6933	6745	6198	6645	6888	6787	6323	6504	6911	6753	6719	6441	6876	6820	0	6453	6261	6847	6965	6811	6549	6550	6664	6704	6602	6680	6592	6644	6809	6334	6197	6730	5673	6765	6933	6515	6676	6908	6786	6930	6688	6902	6797	6574	6920	6865	6540	6817	6772	6507	6892	6773	6377	6898	6948	6796	6713	6869	6630	6849	6826	6447	6673	6771	6546	6862	6855	6908	6921	6387	6779	6772	6706	6616	6844	6736	6990	6700	6930	6937	6152	6887	6838	6748	6622	6876	6780	6026	6690	6803	6786	6518	6885	6842	6772	6633	5510	6851	6862
X99762	6635	6493	6586	6508	6702	6537	6291	6625	6566	6489	6434	6642	6496	6693	6415	6550	6707	6759	6707	6402	6317	6749	6646	6229	6336	6708	6423	6550	6500	6569	6492	6453	0	6200	6576	6501	6698	6324	6464	6476	6434	6545	6453	6438	6738	6696	6180	6385	6205	5788	6487	6479	6354	6387	6544	6762	6612	6330	6539	6778	6691	6475	6617	6282	6681	6358	6476	6647	6475	6142	6627	6503	6633	6308	6584	6323	6630	6440	6258	6602	6551	6328	6625	6472	6454	6682	6334	6655	6560	6569	6629	6378	6759	6550	6542	6480	6409	5923	6532	6487	6218	6658	6604	6448	6055	6705	6554	6678	6606	6523	6517	6572	6214	5562	6587	6810
EF488079	6364	6327	6301	6220	6296	6292	6253	6193	6269	6248	6260	6183	6309	6339	6210	6338	6397	6329	6330	6046	6237	6320	6307	6088	6218	6311	6298	6361	6039	6420	6198	6261	6200	0	6324	6211	6284	6205	6296	6279	6310	6274	6111	6341	6283	6339	5807	6051	6283	5603	6297	6193	6157	6264	6297	6353	6365	6222	6237	6343	6267	6183	6426	6290	6334	6234	6206	6341	6299	6033	6343	6211	6318	6240	6281	6174	6335	6253	6280	6443	6303	6290	6376	6290	6264	6372	5995	6292	6284	6322	6364	6266	6329	6367	6181	6235	6105	5878	6281	6293	6295	6301	6294	6304	5948	6289	6236	6303	6202	6272	6384	6203	6291	5383	6293	6331
GQ397859	6877	6720	6885	6926	6950	6895	6534	6922	6587	6916	6772	6696	6734	6871	6668	6873	7065	7011	6972	6280	6657	7020	6872	6191	6550	6957	6789	6792	6491	7033	6768	6847	6576	6324	0	6912	6943	6415	6658	6732	6792	6914	6500	6704	6702	7031	6278	6290	6694	5734	6730	6895	6401	6645	7009	6923	6975	6679	6946	6959	6774	6886	7095	6693	6971	6687	6560	7006	6747	6321	6984	6914	7021	6696	6959	6568	7044	6842	6438	6876	6698	6527	7024	6663	6859	6997	6408	6815	7005	6676	6710	6796	6778	7049	6606	6909	6556	6242	6990	6866	6699	6675	7015	6779	6020	6821	6869	7009	6706	6838	6936	6696	6556	5522	6948	7035
EF094887	6930	6754	6868	7433	6878	7085	6876	7100	6600	7361	6783	6615	6785	6727	6703	6966	6933	7006	6816	6190	6664	6951	7006	6502	6514	7146	6932	6766	6624	6980	7182	6965	6501	6211	6912	0	6874	6740	6667	6738	6891	6661	6594	6797	6699	6879	6294	6194	6694	5633	6878	7393	6336	6737	7069	6842	7132	6916	7015	6886	6670	7424	7016	6668	6982	6856	6546	7142	6946	6315	6941	7452	6894	6811	7074	6613	7031	6965	6448	6706	6705	6516	7019	6855	7332	7142	6465	6957	6959	6732	6632	7242	6771	7025	6753	7405	6698	6215	7141	7028	6814	6622	7056	6959	6005	6726	7037	6974	6572	7035	6979	7047	6577	5497	7067	7082
X56575	6973	6720	6882	6923	7370	6905	6546	7021	6670	6858	6844	6850	6783	6913	6651	6837	7040	7164	7095	6380	6628	7172	6840	6254	6632	6984	6821	6748	6661	6955	6717	6811	6698	6284	6943	6874	0	6442	6668	6726	6823	6765	6650	6657	6823	6988	6384	6369	6585	5775	6855	6826	6381	6738	6936	6996	6996	6802	7002	7163	6928	6893	6992	6509	7032	6604	6570	7117	6734	6360	6931	6884	6988	6644	6916	6659	6998	6806	6449	6742	6736	6530	7008	6689	6897	7055	6486	6973	6874	6760	6735	6818	6954	6988	6776	6920	6690	6125	7011	6889	6667	6798	6972	6756	6030	6973	7038	6961	6829	6772	6917	6798	6625	5532	6987	7186
AM162656	6503	6477	6427	6740	6441	6605	6757	6505	6394	6786	6456	6251	6453	6415	6474	6467	6439	6538	6422	6175	6266	6493	6541	6534	6198	6552	6433	6489	6255	6444	6696	6549	6324	6205	6415	6740	6442	0	6321	6452	6390	6341	6284	6344	6533	6398	6009	6160	6234	5634	6516	6708	6329	6399	6474	6503	6558	6381	6446	6494	6290	6730	6435	6177	6468	6491	6353	6580	6561	6007	6459	6758	6390	6323	6531	6325	6461	6484	6321	6410	6486	6296	6496	6615	6770	6554	6178	6537	6400	6451	6492	6612	6538	6465	6450	6786	6386	5958	6507	6502	6259	6543	6495	6441	5988	6433	6445	6387	6256	6524	6439	6700	6231	5467	6433	6487
JQ434105	6682	6724	6661	6640	6656	6638	6368	6709	6615	6620	6464	6469	6672	6632	6379	6756	6750	6721	6706	6107	6442	6713	6654	6068	6372	6767	6676	6639	6375	6640	6592	6550	6464	6296	6658	6667	6668	6321	0	6736	6650	6549	6239	7005	6557	6735	5979	6115	6486	5669	6531	6675	6143	6604	6723	6662	6694	6524	6611	6691	6515	6624	6683	6693	6749	6500	6563	6677	6500	6199	6638	6652	6706	6517	6671	6375	6811	6560	6342	6635	6561	6418	6756	6534	6605	6719	6217	6654	6682	6740	6533	6721	6651	6588	6340	6627	6302	6050	6797	6545	6491	6509	6641	6642	6200	6747	6605	6775	6537	6580	6702	6592	6458	5409	6758	6699
DQ922920	6687	7025	6682	6748	6729	6741	6516	6726	6844	6731	6602	6513	6939	6709	6503	6944	6802	6797	6779	6211	6522	6781	6760	6209	6464	6770	6659	6712	6421	6743	6703	6664	6476	6279	6732	6738	6726	6452	6736	0	6631	6586	6418	6682	6645	6741	6062	6203	6524	5698	6616	6748	6310	6629	6774	6695	6769	6545	6650	6744	6562	6726	6797	6524	6732	6696	6914	6743	6668	6231	6712	6754	6743	6583	6735	6477	6763	6671	6445	6704	6660	6515	6781	6661	6722	6716	6318	6671	6724	6927	6671	6739	6743	6698	6468	6739	6414	6060	6800	6660	6524	6597	6720	6870	6028	6765	6608	6775	6514	6772	6823	6613	6490	5466	6966	6737
LC060680	6688	6620	6692	6964	6820	6886	6502	6953	6490	6971	6640	6544	6626	6701	6523	6871	6879	6907	6757	6181	6584	6898	6810	6174	6409	7018	7411	6601	6327	6978	6864	6704	6434	6310	6792	6891	6823	6390	6650	6631	0	6565	6418	6783	6557	6819	6111	6175	6670	5645	6704	6964	6228	7030	6919	6766	6956	7207	6855	6793	6573	6953	6981	6661	6780	6687	6444	6940	6808	6261	6788	6891	6866	6759	6841	6537	6980	6826	6353	6613	6577	6425	6891	6610	6978	7057	6277	6658	6819	6579	6595	7046	6677	6969	6510	6976	6417	6229	6965	6886	6825	6536	6929	6876	6078	6704	6949	6996	6460	6899	7045	6666	6524	5421	7000	7006
JQ283456	6788	6600	6707	6680	6790	6672	6287	6673	6566	6626	6740	6671	6745	6819	6637	6648	6844	6779	6851	6239	6542	6768	6630	6115	6578	6704	6562	6640	6531	6877	6548	6602	6545	6274	6914	6661	6765	6341	6549	6586	6565	0	6520	6484	6634	6761	6292	6227	6498	5721	6690	6611	6367	6455	6774	6803	6724	6512	6762	6858	6743	6632	6923	6502	6814	6433	6548	6773	6517	6287	6767	6660	6759	6483	6703	6682	6771	6595	6394	6797	6587	6482	6743	6486	6598	6775	6378	6752	6779	6547	6567	6538	6633	6829	6595	6647	6516	5959	6744	6725	6517	6581	6795	6586	6020	6671	6653	6767	6731	6623	6751	6612	6490	5502	6731	6795
X74711	6666	6455	6526	6647	6648	6631	6249	6572	6389	6530	6764	6611	6598	6553	6616	6501	6593	6602	6637	6175	6397	6556	6487	6200	6679	6543	6458	6418	6589	6729	6477	6680	6453	6111	6500	6594	6650	6284	6239	6418	6418	6520	0	6212	6484	6526	6396	6192	6376	5676	6729	6528	6407	6357	6613	6580	6632	6534	6645	6681	6686	6610	6731	6158	6648	6503	6421	6690	6439	6428	6610	6601	6492	6382	6549	6736	6514	6560	6238	6441	6487	6314	6533	6534	6590	6623	6487	6706	6506	6407	6441	6561	6472	6749	6806	6596	6774	5808	6565	6831	6472	6432	6579	6470	5935	6407	6599	6523	6617	6660	6627	6527	6507	5508	6567	6679
HE613734	6622	6678	6674	6798	6645	6692	6460	6854	6580	6789	6447	6425	6597	6574	6332	6895	6766	6745	6645	6094	6450	6737	6802	6103	6323	6918	6809	6606	6314	6797	6772	6592	6438	6341	6704	6797	6657	6344	7005	6682	6783	6484	6212	0	6571	6808	5963	6121	6583	5690	6486	6839	6176	6620	6833	6619	6850	6661	6795	6638	6484	6784	6827	6865	6775	6634	6491	6797	6708	6189	6674	6777	6773	6643	6728	6346	6962	6685	6342	6636	6569	6425	6807	6555	6762	6894	6142	6592	6758	6729	6524	6879	6648	6779	6298	6798	6288	6263	6951	6709	6693	6523	6752	6788	6230	6711	6758	6893	6492	6732	6871	6532	6456	5446	6887	6826
AB562589	6737	6660	6643	6700	6827	6655	6494	6705	6672	6700	6612	6611	6669	6733	6573	6676	6798	6946	6798	6387	6408	6892	6731	6329	6358	6765	6606	6676	6484	6608	6675	6644	6738	6283	6702	6699	6823	6533	6557	6645	6557	6634	6484	6571	0	6720	6154	6369	6342	5805	6581	6668	6433	6574	6663	6843	6795	6471	6668	6895	6665	6671	6692	6418	6684	6486	6606	6781	6606	6155	6678	6699	6718	6434	6671	6471	6741	6592	6355	6664	6671	6422	6752	6666	6660	6821	6351	6694	6616	6686	6706	6574	6948	6653	6575	6691	6522	6017	6755	6610	6361	6882	6712	6622	6075	6831	6704	6697	6581	6680	6627	6699	6351	5536	6712	6867
GU223601	6942	6750	7072	6880	6975	6923	6521	7054	6694	6880	6755	6836	6752	6991	6623	6953	7160	7076	7065	6257	6710	7084	6882	6178	6639	7080	6808	6749	6589	6988	6730	6809	6696	6339	7031	6879	6988	6398	6735	6741	6819	6761	6526	6808	6720	0	6257	6269	6681	5830	6788	6855	6369	6689	6955	6981	7043	6710	6997	6983	6882	6853	7036	6635	7219	6638	6577	7063	6792	6319	7146	6881	7161	6775	6960	6656	7140	6790	6467	6815	6787	6604	7034	6666	6845	7091	6384	6881	6991	6807	6807	6790	6852	6985	6603	6871	6518	6296	6949	6869	6694	6675	6927	6806	5981	6969	6954	7197	6875	6839	6987	6784	6563	5547	7013	7109
X74715	6368	6111	6239	6344	6382	6276	5976	6294	6034	6251	6495	6341	6255	6234	6245	6157	6284	6293	6406	6038	6111	6291	6185	5921	6265	6258	6100	6130	6296	6457	6163	6334	6180	5807	6278	6294	6384	6009	5979	6062	6111	6292	6396	5963	6154	6257	0	6046	6184	5563	6380	6233	6111	6003	6310	6285	6294	6169	6359	6434	6415	6314	6402	5914	6397	6080	6061	6390	6190	6262	6287	6305	6235	6063	6285	6321	6290	6235	5931	6152	6139	6047	6288	6179	6310	6301	6274	6434	6250	6083	6100	6244	6159	6559	6445	6318	6445	5538	6272	6347	6291	6112	6351	6111	5769	6164	6276	6223	6367	6194	6289	6253	6300	5663	6195	6394
AB428909	6276	6227	6206	6205	6355	6230	6155	6199	6223	6177	6202	6233	6233	6308	6167	6208	6344	6379	6345	6423	6009	6388	6314	6098	6079	6256	6166	6312	6169	6289	6164	6197	6385	6051	6290	6194	6369	6160	6115	6203	6175	6227	6192	6121	6369	6269	6046	0	5979	5783	6177	6171	6218	6137	6237	6362	6302	6083	6203	6390	6324	6166	6317	5984	6259	6109	6191	6288	6229	5969	6256	6194	6253	6067	6258	6082	6272	6205	6087	6284	6211	6018	6285	6259	6143	6315	6224	6263	6254	6232	6344	6121	6380	6318	6262	6168	6151	5755	6216	6198	5993	6366	6318	6152	6036	6317	6199	6273	6231	6189	6242	6192	5989	5570	6246	6412
EF032499	6569	6577	6605	6699	6597	6742	6354	6651	6386	6683	6668	6329	6579	6506	6445	6732	6677	6675	6566	5960	6609	6663	6571	6049	6412	6688	6675	6453	6303	6802	6626	6730	6205	6283	6694	6694	6585	6234	6486	6524	6670	6498	6376	6583	6342	6681	6184	5979	0	5511	6552	6693	6216	6525	6741	6559	6733	6610	6675	6558	6415	6667	6777	6594	6677	6531	6367	6682	6626	6806	6655	6695	6696	6652	6726	6540	6694	6627	6415	6515	6481	6469	6681	6477	6661	6741	6200	6561	6655	6531	6380	6753	6450	6810	6407	6678	6457	5969	6639	6702	7294	6315	6745	6633	5900	6495	6623	6654	6350	6613	6761	6510	7108	5519	6719	6679
KT732014	5699	5705	5717	5642	5793	5662	5617	5686	5705	5635	5724	5719	5746	5727	5698	5707	5771	5805	5841	5806	5565	5795	5754	5605	5669	5726	5627	5780	5663	5770	5624	5673	5788	5603	5734	5633	5775	5634	5669	5698	5645	5721	5676	5690	5805	5830	5563	5783	5511	0	5702	5606	5739	5634	5723	5746	5736	5600	5714	5833	5739	5605	5779	5597	5795	5618	5687	5769	5745	5506	5755	5633	5791	5649	5698	5641	5871	5681	5554	5785	5727	5592	5854	5699	5597	5727	5688	5703	5801	5739	5781	5592	5807	5795	5700	5630	5629	5814	5776	5693	5531	5801	5717	5681	5622	5848	5602	5766	5844	5680	5782	5643	5527	5554	5697	5770
Y13830	6977	6643	6802	6932	6868	6954	6561	6844	6536	6837	6868	6748	6723	6757	6675	6710	6889	6831	6910	6184	6631	6811	6765	6324	6669	6843	6719	6619	6619	6892	6695	6765	6487	6297	6730	6878	6855	6516	6531	6616	6704	6690	6729	6486	6581	6788	6380	6177	6552	5702	0	6820	6362	6614	6758	6830	6913	6828	6915	6936	6784	6897	6893	6426	6950	6622	6496	7008	6874	6365	6864	6891	6797	6649	6865	6720	6810	6771	6475	6741	6742	6553	6859	6764	6894	6911	6477	6963	6753	6610	6644	6827	6687	6908	6773	6904	6685	6062	6875	6960	6647	6562	6802	6685	6003	6678	6840	6789	6682	6794	6890	6814	6613	5531	6771	6857
AJ491290	6873	6770	6843	7443	6821	7066	6845	7151	6606	7420	6726	6558	6765	6706	6657	7015	6909	6963	6754	6163	6635	6929	6998	6471	6453	7232	6992	6736	6591	7001	7281	6933	6479	6193	6895	7393	6826	6708	6675	6748	6964	6611	6528	6839	6668	6855	6233	6171	6693	5606	6820	0	6324	6701	7117	6825	7115	6899	6991	6824	6603	7436	7035	6683	6921	6884	6556	7078	6942	6286	6920	7374	6877	6808	7039	6574	7094	7052	6439	6683	6678	6496	6990	6823	7353	7176	6460	6898	6905	6748	6604	7265	6738	7040	6691	7429	6631	6284	7163	7015	6844	6589	7021	7054	6010	6706	7061	7041	6517	7121	7038	7036	6541	5462	7127	7045
GQ352641	6362	6362	6406	6363	6403	6395	6312	6282	6288	6346	6640	6324	6360	6375	6478	6352	6407	6422	6425	6218	6203	6413	6430	6239	6217	6348	6212	6350	6236	6442	6381	6515	6354	6157	6401	6336	6381	6329	6143	6310	6228	6367	6407	6176	6433	6369	6111	6218	6216	5739	6362	6324	0	6181	6304	6416	6423	6200	6503	6416	6399	6327	6420	6109	6376	6316	6289	6404	6381	6112	6459	6355	6371	6229	6396	6336	6389	6345	6247	6393	6533	6221	6378	6435	6316	6385	6168	6404	6313	6329	6395	6265	6424	6533	6387	6337	6464	5905	6347	6343	6220	6427	6370	6275	5957	6379	6260	6331	6377	6434	6345	6358	6223	5567	6316	6387
DQ097523	6575	6617	6600	6722	6733	6769	6527	6683	6486	6723	6542	6422	6560	6578	6441	6686	6743	6853	6653	6128	6473	6808	6637	6200	6305	6735	7087	6520	6256	6655	6653	6676	6387	6264	6645	6737	6738	6399	6604	6629	7030	6455	6357	6620	6574	6689	6003	6137	6525	5634	6614	6701	6181	0	6642	6688	6794	6961	6617	6704	6476	6709	6678	6529	6641	6530	6442	6744	6667	6162	6661	6737	6704	6536	6655	6429	6695	6593	6307	6562	6536	6382	6739	6630	6729	6812	6183	6550	6616	6596	6530	6815	6703	6662	6400	6736	6382	6031	6721	6641	6545	6548	6673	6668	6084	6692	6695	6682	6373	6659	6752	6572	6428	5410	6736	6761
AJ630103	6916	6796	6852	7213	6934	6983	6594	7151	6612	7104	6779	6673	6864	6835	6596	7012	7004	6986	6884	6236	6608	6969	6890	6236	6622	7152	6940	6956	6570	7254	7012	6908	6544	6297	7009	7069	6936	6474	6723	6774	6919	6774	6613	6833	6663	6955	6310	6237	6741	5723	6758	7117	6304	6642	0	6864	7061	6875	7011	6964	6732	7178	7363	6789	6988	6885	6634	7113	6815	6428	6938	7085	6936	6817	7036	6651	7141	7061	6416	6812	6640	6497	7005	6690	7156	7193	6453	6811	6994	6741	6706	7139	6744	7216	6696	7177	6671	6345	7188	7038	6998	6629	7287	7029	6024	6743	7119	7091	6687	7093	7150	6745	6671	5517	7158	7170
X99761	6981	6728	6887	6861	7000	6891	6511	6939	6667	6847	6765	6809	6775	6979	6650	6810	7037	7037	6978	6354	6618	7037	6796	6288	6553	7006	6769	6736	6583	6872	6720	6786	6762	6353	6923	6842	6996	6503	6662	6695	6766	6803	6580	6619	6843	6981	6285	6362	6559	5746	6830	6825	6416	6688	6864	0	6999	6671	6856	7085	6896	6820	6944	6481	6949	6563	6599	6965	6702	6307	6938	6848	6963	6601	6866	6642	6942	6690	6458	6790	6778	6527	6907	6722	6782	7038	6419	6922	6825	6744	6785	6721	6912	6847	6711	6838	6628	6071	6854	6787	6564	6793	6894	6726	6042	6899	6902	6971	6770	6780	6874	6865	6573	5535	6876	7048
HF568951	7026	6815	6999	7154	6982	7078	6669	7069	6694	7135	6836	6760	6829	6917	6737	7082	7128	7136	6957	6260	6733	7109	7083	6352	6556	7160	7002	6769	6671	7058	7002	6930	6612	6365	6975	7132	6996	6558	6694	6769	6956	6724	6632	6850	6795	7043	6294	6302	6733	5736	6913	7115	6423	6794	7061	6999	0	6951	7132	6978	6845	7122	7130	6674	7102	6871	6613	7296	7049	6326	7057	7135	7094	6845	7108	6667	7188	6998	6522	6826	6835	6604	7091	6851	7085	7330	6511	6955	6941	6844	6775	7032	6908	7095	6705	7126	6655	6281	7151	7097	6824	6749	7119	7024	6026	6888	7206	7146	6717	7118	7109	6898	6595	5530	7132	7185
FJ968722	6763	6564	6666	6992	6806	6899	6494	6919	6409	6905	6696	6528	6601	6595	6501	6819	6785	6827	6730	6088	6558	6808	6789	6167	6455	6899	7194	6530	6403	6943	6778	6688	6330	6222	6679	6916	6802	6381	6524	6545	7207	6512	6534	6661	6471	6710	6169	6083	6610	5600	6828	6899	6200	6961	6875	6671	6951	0	6907	6782	6565	6980	6955	6539	6851	6715	6368	7022	6789	6294	6757	6922	6760	6702	6845	6569	6871	6769	6321	6550	6516	6401	6805	6599	6994	7030	6271	6741	6761	6529	6500	7058	6582	6947	6582	6995	6500	6168	6910	7007	6805	6445	6968	6782	5987	6609	6988	6864	6465	6837	6953	6672	6555	5413	6908	7007
AY254040	6980	6687	6962	7118	7016	6973	6540	7072	6559	7037	7024	6772	6740	6811	6787	6984	6997	7025	7032	6190	6677	7006	7003	6220	6631	7042	6858	6649	6672	7147	6904	6902	6539	6237	6946	7015	7002	6446	6611	6650	6855	6762	6645	6795	6668	6997	6359	6203	6675	5714	6915	6991	6503	6617	7011	6856	7132	6907	0	7005	6846	7092	7184	6632	7070	6767	6496	7216	6891	6350	7009	7042	6999	6894	7043	6670	7157	6883	6450	6757	6956	6536	7024	6689	7070	7162	6386	7006	6897	6699	6665	7013	6791	7163	6705	7104	6736	6277	7175	7036	6883	6623	7016	6875	5951	6826	7113	7079	6822	7014	7018	6778	6608	5492	7066	7176
X74714	7038	6740	6877	6935	7176	6886	6520	7014	6719	6861	6893	6890	6827	6946	6674	6835	7041	7147	7169	6421	6608	7127	6849	6277	6659	6970	6788	6780	6692	6963	6735	6797	6778	6343	6959	6886	7163	6494	6691	6744	6793	6858	6681	6638	6895	6983	6434	6390	6558	5833	6936	6824	6416	6704	6964	7085	6978	6782	7005	0	6968	6905	7017	6514	7027	6582	6638	7112	6725	6382	6931	6896	6988	6614	6922	6723	6998	6765	6439	6787	6809	6542	7018	6716	6877	7045	6496	7006	6852	6747	6834	6818	6995	6990	6812	6932	6719	6107	7005	6901	6652	6863	6992	6753	6064	6993	6990	6956	6851	6812	6913	6832	6633	5572	6950	7199
X74725	6928	6572	6794	6715	6924	6686	6277	6792	6580	6618	6738	6985	6721	6908	6574	6675	6954	6838	6978	6284	6457	6845	6637	6195	6675	6780	6567	6564	6663	6855	6496	6574	6691	6267	6774	6670	6928	6290	6515	6562	6573	6743	6686	6484	6665	6882	6415	6324	6415	5739	6784	6603	6399	6476	6732	6896	6845	6565	6846	6968	0	6693	6909	6327	6944	6386	6545	6897	6546	6399	6828	6684	6844	6448	6733	6648	6820	6544	6313	6663	6663	6382	6781	6512	6651	6880	6429	6900	6680	6588	6633	6606	6698	6849	6756	6685	6681	5929	6782	6695	6514	6597	6727	6549	5999	6720	6843	6874	6921	6590	6755	6662	6548	5577	6767	6928
EF599162	6951	6743	6825	7657	6897	7077	6866	7278	6552	7441	6821	6640	6779	6698	6692	6990	6911	6978	6835	6162	6621	6923	7000	6490	6531	7196	6994	6744	6642	7171	7354	6920	6475	6183	6886	7424	6893	6730	6624	6726	6953	6632	6610	6784	6671	6853	6314	6166	6667	5605	6897	7436	6327	6709	7178	6820	7122	6980	7092	6905	6693	0	7189	6640	6994	6872	6534	7161	6944	6340	6910	7452	6866	6789	7043	6636	7093	7050	6405	6681	6695	6473	6991	6810	7535	7294	6443	6960	6933	6685	6603	7470	6743	7207	6771	7595	6700	6279	7295	7079	6991	6594	7054	7093	5959	6698	7229	7038	6590	7094	7059	7007	6606	5475	7148	7138
X76336	7061	6837	6954	7225	6999	6996	6527	7271	6647	7035	6918	6824	6915	6929	6681	7036	7147	7006	7006	6298	6752	7005	6976	6215	6741	7177	6970	6842	6623	7582	7037	6865	6617	6426	7095	7016	6992	6435	6683	6797	6981	6923	6731	6827	6692	7036	6402	6317	6777	5779	6893	7035	6420	6678	7363	6944	7130	6955	7184	7017	6909	7189	0	6724	7131	6818	6664	7214	6900	6440	7050	7019	7043	6878	7001	6772	7196	7016	6563	7015	6771	6612	7027	6681	7203	7311	6447	6956	7089	6774	6730	7172	6770	7421	6794	7147	6685	6390	7285	7137	7140	6645	7230	7142	6040	6797	7249	7211	6830	7137	7226	6746	6714	5564	7201	7252
GQ281380	6467	6544	6501	6670	6516	6572	6316	6608	6359	6680	6430	6263	6462	6400	6282	6690	6601	6632	6522	5957	6375	6597	6632	5979	6264	6689	6646	6635	6246	6681	6665	6540	6282	6290	6693	6668	6509	6177	6693	6524	6661	6502	6158	6865	6418	6635	5914	5984	6594	5597	6426	6683	6109	6529	6789	6481	6674	6539	6632	6514	6327	6640	6724	0	6580	6548	6355	6639	6573	6175	6569	6666	6609	6593	6598	6271	6749	6594	6259	6604	6449	6328	6704	6409	6627	6714	6058	6430	6708	6513	6379	6742	6510	6687	6219	6671	6234	6102	6750	6609	6660	6369	6671	6629	6060	6547	6579	6664	6349	6649	6734	6333	6442	5340	6652	6661
DQ451211	7082	6769	7071	7020	7028	6985	6578	7127	6690	6931	6856	6901	6817	6966	6664	6962	7136	7048	7110	6232	6765	7046	6964	6241	6724	7073	6769	6738	6747	7083	6779	6817	6681	6334	6971	6982	7032	6468	6749	6732	6780	6814	6648	6775	6684	7219	6397	6259	6677	5795	6950	6921	6376	6641	6988	6949	7102	6851	7070	7027	6944	6994	7131	6580	0	6703	6575	7199	6848	6394	7135	6989	7123	6750	7045	6794	7140	6867	6532	6839	6779	6658	7027	6717	6975	7142	6458	7065	7020	6828	6775	6917	6814	7075	6767	6991	6618	6272	7008	7007	6771	6635	7003	6806	5960	6931	7071	7181	6932	6886	7022	6866	6635	5583	7039	7158
HG931125	6602	6675	6636	6897	6592	6864	6626	6761	6544	6918	6615	6340	6581	6529	6552	6850	6692	6692	6552	6108	6526	6685	6896	6280	6418	6831	6717	6629	6431	6854	6864	6772	6358	6234	6687	6856	6604	6491	6500	6696	6687	6433	6503	6634	6486	6638	6080	6109	6531	5618	6622	6884	6316	6530	6885	6563	6871	6715	6767	6582	6386	6872	6818	6548	6703	0	6546	6843	6858	6150	6715	6880	6662	6679	6847	6480	6772	7016	6392	6588	6595	6496	6790	6747	6885	6818	6450	6641	6779	6662	6585	6819	6577	6859	6536	6913	6444	6209	6838	6863	6619	6474	6848	6851	5927	6549	6711	6777	6302	6915	6811	6574	6397	5444	6869	6822
DQ914239	6568	6877	6530	6580	6573	6584	6321	6568	6806	6552	6474	6495	6899	6631	6471	6802	6655	6629	6640	6205	6404	6612	6589	6160	6427	6608	6472	6531	6402	6611	6562	6507	6476	6206	6560	6546	6570	6353	6563	6914	6444	6548	6421	6491	6606	6577	6061	6191	6367	5687	6496	6556	6289	6442	6634	6599	6613	6368	6496	6638	6545	6534	6664	6355	6575	6546	0	6602	6507	6204	6559	6562	6585	6437	6558	6430	6596	6506	6291	6558	6509	6404	6612	6494	6526	6568	6292	6558	6557	6759	6537	6562	6592	6542	6458	6542	6404	5892	6626	6542	6366	6528	6589	6743	5999	6605	6460	6629	6492	6655	6680	6512	6371	5453	6827	6604
JQ434120	7139	6773	6991	7189	7112	7084	6678	7178	6709	7117	6870	6883	6839	6912	6730	7034	7106	7158	7098	6283	6744	7157	7072	6361	6667	7145	6938	6776	6775	7156	6975	6892	6647	6341	7006	7142	7117	6580	6677	6743	6940	6773	6690	6797	6781	7063	6390	6288	6682	5769	7008	7078	6404	6744	7113	6965	7296	7022	7216	7112	6897	7161	7214	6639	7199	6843	6602	0	7018	6382	7059	7152	7094	6822	7122	6732	7192	6958	6496	6809	6838	6610	7117	6793	7168	7271	6509	7063	6964	6832	6815	7089	6906	7145	6836	7188	6722	6288	7208	7177	6845	6756	7137	6974	6040	6931	7222	7116	6834	7078	7115	6941	6635	5515	7171	7294
