AF366385	0	7049	7182	7156	7180	7138	7070	7171	7175	7178	7049	7082	6937	7146	7179	7166	7124	7201	7108
FR729477	7049	0	7102	7097	7071	7118	7001	7063	7038	7109	7214	7018	6910	7138	7078	7029	7141	7105	7050
AM182404	7182	7102	0	7144	7121	7138	7080	7337	7271	7151	7088	7115	6949	7137	7170	7262	7200	7162	7094
AF366376	7156	7097	7144	0	7252	7223	7093	7141	7145	7137	7121	7090	6967	7244	7218	7136	7153	7247	7232
AF366382	7180	7071	7121	7252	0	7195	7091	7118	7123	7161	7086	7116	6951	7227	7219	7114	7161	7227	7197
AF366384	7138	7118	7138	7223	7195	0	7101	7128	7133	7128	7166	7113	6926	7205	7179	7124	7150	7230	7184
AF366379	7070	7001	7080	7093	7091	7101	0	7086	7091	7024	7003	6999	6896	7083	7057	7082	7038	7132	7041
HG326166	7171	7063	7337	7141	7118	7128	7086	0	7274	7144	7057	7058	6949	7130	7163	7283	7125	7159	7091
AF366383	7175	7038	7271	7145	7123	7133	7091	7274	0	7144	7075	7031	6949	7138	7171	7296	7072	7164	7091
EF179119	7178	7109	7151	7137	7161	7128	7024	7144	7144	0	7107	7063	6986	7178	7184	7135	7105	7138	7088
AF366378	7049	7214	7088	7121	7086	7166	7003	7057	7075	7107	0	7064	6894	7155	7095	7066	7103	7114	7081
FJ717338	7082	7018	7115	7090	7116	7113	6999	7058	7031	7063	7064	0	6853	7074	7048	7022	7375	7106	7104
AJ627597	6937	6910	6949	6967	6951	6926	6896	6949	6949	6986	6894	6853	0	6999	7014	6940	6845	6958	6965
AF366380	7146	7138	7137	7244	7227	7205	7083	7130	7138	7178	7155	7074	6999	0	7245	7129	7119	7237	7189
AF366377	7179	7078	7170	7218	7219	7179	7057	7163	7171	7184	7095	7048	7014	7245	0	7162	7093	7211	7163
AF366375	7166	7029	7262	7136	7114	7124	7082	7283	7296	7135	7066	7022	6940	7129	7162	0	7063	7155	7082
DQ400782	7124	7141	7200	7153	7161	7150	7038	7125	7072	7105	7103	7375	6845	7119	7093	7063	0	7145	7094
AF366381	7201	7105	7162	7247	7227	7230	7132	7159	7164	7138	7114	7106	6958	7237	7211	7155	7145	0	7195
GQ451990	7108	7050	7094	7232	7197	7184	7041	7091	7091	7088	7081	7104	6965	7189	7163	7082	7094	7195	0
